26 1 16 10 52 64 58 45 36 22 33 43 61 60 17 55 8 56 6 47 40 4 25 57 41 27 67 65 -1
10 17 50 2 14 60 61 43 20 55 16 26 49 62 21 6 35 34 25 41 36 38 3 66 18 67 27 12 4 53 -1
19 22 33 20 17 59 11 9 1 26 8 51 41 12 27 67 18 69 0 2 14 44 -1
14 2 50 13 22 38 69 23 3 19 36 41 51 8 26 1 11 59 10 52 64 35 34 25 27 67 18 66 29 -1
68 11 15 30 63 6 47 40 12 41 51 8 26 62 21 24 42 49 1 16 10 52 64 35 57 25 4 7 46 53 -1
19 36 41 51 56 8 52 20 43 50 0 69 18 65 39 48 29 23 2 14 61 17 10 28 -1
31 1 26 8 51 41 12 25 34 58 64 52 10 59 68 9 17 50 23 69 48 39 32 37 -1
28 10 17 44 61 43 13 33 58 41 12 40 46 7 4 25 27 67 65 39 48 66 54 5 18 69 23 50 -1
32 18 19 22 33 43 50 23 69 66 54 5 37 65 39 48 3 0 2 14 44 17 10 16 26 30 63 -1
24 63 6 35 41 27 67 5 54 36 45 34 51 8 26 49 42 15 11 9 17 20 33 22 38 18 32 -1
47 6 35 41 36 38 22 33 58 51 8 26 49 1 59 17 44 61 43 20 10 28 56 -1
7 47 6 56 8 26 1 31 11 59 10 55 16 9 49 15 30 63 -1
24 30 26 16 10 17 50 0 69 38 36 45 34 51 56 28 8 52 64 35 6 47 53 4 25 27 67 65 -1
19 36 41 25 4 53 47 6 56 8 26 16 9 17 20 33 22 38 18 67 27 12 40 -1
39 18 54 36 41 51 8 26 49 15 11 9 17 50 23 69 38 22 33 58 35 6 63 24 42 -1

26 1 16 10 20 33 22 36 45 58 64 52 55 17 60 61 43 50 23 69 18 67 27 12 40 47 6 21 62 30 -1
10 17 50 2 14 60 61 43 20 55 16 26 49 62 21 6 35 57 25 4 12 41 36 19 22 33 58 51 56 8 -1
19 22 33 20 17 9 11 49 26 8 51 41 36 38 69 0 2 14 61 43 13 -1
68 11 15 30 63 6 47 40 4 25 57 41 36 54 65 18 69 0 50 33 58 51 56 28 10 17 44 61 43 13 -1
31 1 26 8 51 41 12 25 34 58 64 52 10 59 9 11 15 30 63 6 47 40 7 4 53 46 -1
21 6 47 7 46 40 12 41 36 38 66 48 39 65 19 22 33 20 55 16 10 17 50 23 29 -1
32 18 19 22 33 43 20 52 64 58 41 12 4 7 47 6 21 62 26 8 51 34 45 36 54 5 37 -1
55 8 51 34 58 33 50 0 69 38 36 41 35 6 63 24 30 26 16 10 20 13 22 19 18 67 -1
59 17 20 33 22 38 36 41 51 8 26 49 15 30 63 6 35 34 25 27 67 65 39 18 66 69 19 54 32 -1
44 14 2 0 69 18 37 67 27 41 51 8 26 30 63 6 35 34 45 36 38 66 48 39 32 5 -1
44 61 43 33 58 41 12 25 34 45 36 38 3 23 50 13 20 10 28 8 26 1 68 9 49 62 24 30 15 -1
53 4 25 41 36 38 69 0 23 29 19 22 33 20 17 9 11 49 26 8 51 35 64 52 10 59 68 1 16 -1
53 4 12 41 45 34 51 8 26 1 31 11 59 10 28 56 6 35 58 33 22 13 43 17 9 49 42 24 63 -1
27 41 51 8 26 49 42 24 63 6 47 7 46 40 4 25 34 58 33 13 43 61 60 17 50 23 29 69 18 67 -1
32 54 36 41 57 35 64 58 33 13 20 52 55 17 50 23 29 48 39 18 19 22 45 34 51 8 26 1 68 -1

26 1 16 10 20 33 22 36 45 58 64 52 55 17 60 61 43 50 23 69 18 67 27 12 40 47 6 21 62 30 -1
10 17 50 2 14 60 61 43 20 55 16 26 49 62 21 6 35 57 25 4 12 41 36 19 22 33 58 51 56 8 -1
19 22 33 20 17 9 11 49 26 8 51 41 36 38 69 23 2 14 61 43 13 -1
68 11 15 30 63 6 47 40 4 25 57 41 36 54 65 18 69 0 50 33 58 51 56 28 10 17 44 61 43 13 -1
31 1 26 8 51 41 12 25 34 58 64 52 10 59 9 11 15 30 63 6 47 40 7 4 53 46 -1
21 6 47 7 46 40 12 41 36 38 66 48 39 65 19 22 33 20 55 16 10 17 50 23 29 -1
32 18 19 22 33 43 20 52 64 58 41 12 4 7 47 6 21 62 26 8 51 34 45 36 54 5 37 -1
55 8 51 34 58 33 50 0 69 38 36 41 35 6 63 24 30 26 16 10 20 13 22 19 18 67 -1
59 17 20 33 22 38 36 41 51 8 26 49 15 30 63 6 35 34 25 27 67 65 39 18 66 69 19 54 32 -1
44 61 43 33 22 19 18 37 67 27 41 51 8 26 30 63 6 35 34 45 36 38 66 48 69 23 2 -1
44 61 43 33 58 41 12 25 34 45 36 38 3 23 50 13 20 10 28 8 26 1 68 9 49 62 24 30 15 -1
53 4 25 41 36 38 69 0 23 29 19 22 33 20 17 59 11 49 26 8 51 35 64 52 10 16 9 68 1 31 -1
53 4 12 41 45 58 51 8 26 1 31 11 59 10 28 56 6 35 64 52 20 33 22 13 43 17 9 49 42 -1
27 41 51 8 26 49 42 24 63 6 47 40 46 7 4 25 34 58 33 13 43 61 60 17 50 23 29 69 18 67 -1
32 54 36 41 57 35 64 52 20 17 61 14 2 50 33 58 34 25 4 7 46 40 12 27 67 37 18 38 22 13 -1

26 1 16 10 20 33 22 36 45 58 64 52 55 17 60 61 43 50 23 69 18 67 27 12 40 47 6 21 62 30 -1
10 17 50 2 14 60 61 43 20 55 16 26 49 62 21 6 35 57 25 4 12 41 36 19 22 33 58 51 56 8 -1
19 22 33 20 17 9 11 49 26 8 51 41 36 38 69 23 2 14 61 43 13 -1
68 11 15 30 63 6 47 40 4 25 57 41 36 54 65 18 69 0 50 33 58 51 56 28 10 17 44 61 43 13 -1
31 1 26 8 51 41 12 25 34 58 64 52 10 59 9 11 15 30 63 6 47 40 7 4 53 46 -1
21 6 47 53 46 40 12 41 36 38 66 48 39 65 19 22 33 20 10 16 55 17 50 23 29 -1
32 18 19 22 33 43 20 52 64 58 34 25 4 7 47 6 21 62 26 8 51 41 27 67 37 -1
55 8 51 34 58 33 50 0 69 38 36 41 35 6 63 24 30 26 16 10 20 13 22 19 18 67 -1
59 17 20 33 22 38 36 41 51 8 26 49 15 30 63 6 35 34 25 27 67 65 39 18 66 69 19 54 32 5 -1
32 54 36 45 41 12 4 53 47 6 35 58 33 50 0 69 29 19 22 13 43 17 9 11 -1
44 61 43 33 22 19 18 37 67 27 41 51 8 26 30 63 6 35 34 45 36 38 66 48 69 23 2 -1
44 61 43 33 58 41 12 25 34 45 36 38 3 23 50 13 20 10 28 8 26 1 68 11 15 30 24 -1
27 41 51 8 26 49 42 24 63 6 35 34 45 36 38 3 19 22 33 58 57 25 4 53 -1
32 54 36 41 57 51 64 58 33 22 19 29 23 50 43 61 60 17 20 13 -1
39 48 3 23 50 17 9 68 59 10 20 43 61 14 2 0 69 38 36 41 12 40 46 7 4 25 34 58 33 13 -1

26 1 16 10 20 33 22 36 45 58 64 52 55 17 60 14 2 0 69 18 67 27 12 40 47 6 21 62 30 -1
19 22 33 20 17 9 11 59 10 52 64 58 45 36 38 69 0 2 14 61 43 13 -1
68 11 15 30 63 6 47 40 4 25 57 41 36 54 65 18 69 0 50 33 58 51 56 8 52 20 13 22 19 -1
22 38 69 23 50 17 59 11 1 26 8 51 41 36 19 29 3 0 2 14 60 61 43 -1
31 1 26 8 51 41 12 25 34 58 64 52 10 59 9 11 15 30 63 6 47 40 7 4 53 46 -1
21 6 47 53 46 40 12 41 36 38 66 48 39 65 19 22 33 20 55 16 10 17 50 23 29 -1
28 10 17 44 61 43 13 33 58 41 12 40 46 7 4 25 27 67 18 69 23 2 14 -1
32 18 19 22 13 43 20 55 16 26 62 21 6 35 41 51 8 10 59 1 49 42 -1
55 8 51 34 58 33 50 0 69 38 36 41 35 6 63 24 30 26 16 10 20 13 22 19 18 67 -1
32 54 36 45 41 12 4 53 47 6 35 58 33 50 0 69 48 39 18 19 22 13 20 10 16 26 49 15 -1
44 14 2 0 69 18 37 67 27 41 51 8 26 62 24 63 6 35 34 45 36 38 66 48 39 65 5 -1
68 1 26 30 24 62 15 11 59 10 8 51 41 27 25 57 35 64 52 55 16 9 49 42 -1
3 38 22 33 20 43 50 23 69 18 37 67 27 41 51 8 26 30 63 6 56 28 10 52 64 58 34 25 4 53 -1
32 54 36 41 57 58 33 50 2 14 61 17 59 68 9 16 10 20 13 22 19 18 39 -1
49 1 59 17 60 61 43 13 22 38 18 37 67 27 25 4 53 47 6 63 24 42 30 26 8 51 41 12 40 46 -1

26 1 16 10 20 33 22 36 45 58 64 52 55 17 60 14 2 0 69 18 67 27 12 40 47 6 21 62 30 -1
19 22 33 20 17 9 11 1 16 10 52 64 58 45 36 38 69 0 2 14 61 43 13 -1
68 11 15 30 63 6 47 40 4 25 57 41 36 54 65 18 69 0 50 33 58 51 56 8 52 20 13 22 19 -1
22 38 69 23 50 17 9 11 1 26 8 51 41 36 19 29 3 0 2 14 60 61 43 -1
31 1 26 8 51 41 12 25 34 58 64 52 10 16 9 11 15 30 63 6 47 40 7 4 53 46 -1
21 6 47 53 46 40 12 41 36 38 66 48 39 65 19 22 33 20 55 16 10 17 50 23 29 -1
28 10 17 44 61 43 13 33 58 41 12 40 46 7 4 25 27 67 18 69 23 2 14 -1
32 18 19 22 33 43 20 55 16 26 62 21 6 35 41 51 8 10 59 17 50 23 69 38 54 -1
55 8 51 34 58 33 50 0 69 38 36 41 35 6 63 24 30 26 16 10 20 13 22 19 18 67 -1
32 54 36 45 41 12 4 53 47 6 35 58 33 50 0 69 48 39 18 19 22 13 20 10 16 26 49 15 -1
44 14 2 0 69 18 37 67 27 41 51 8 26 62 49 9 17 60 61 43 13 33 58 35 6 21 -1
66 69 23 50 17 9 49 42 30 26 8 51 41 27 25 34 35 6 63 24 62 15 11 59 -1
68 9 16 26 30 24 63 6 47 53 4 25 41 36 19 66 18 69 23 50 17 59 1 49 42 15 11 31 -1
63 30 26 16 10 17 44 61 43 33 58 35 6 21 62 49 1 -1
3 38 22 33 20 43 50 23 69 18 37 67 27 41 51 8 26 30 63 6 56 28 10 52 64 58 34 25 4 53 -1

26 1 16 10 20 33 22 36 45 58 64 52 55 17 60 14 2 0 69 18 67 27 12 40 47 6 21 62 30 -1
19 22 33 20 17 9 11 1 16 10 52 64 58 45 36 38 69 0 2 14 61 43 13 -1
68 11 15 62 21 6 47 40 4 25 57 51 8 26 30 63 24 42 49 1 59 17 44 61 43 20 10 28 56 -1
19 36 41 51 56 8 52 20 43 50 0 69 18 65 39 48 3 23 2 14 61 17 59 1 49 -1
22 19 69 23 3 38 36 41 51 8 10 59 17 20 33 58 34 25 27 67 37 32 18 66 48 39 65 5 54 -1
31 1 26 8 51 41 12 25 34 58 64 52 10 16 9 49 62 21 6 47 40 7 4 53 46 -1
32 18 19 22 33 43 20 52 64 58 41 12 4 7 47 6 56 8 55 17 50 2 23 69 38 36 45 34 25 -1
44 61 43 13 33 58 41 12 40 46 7 4 25 27 67 65 39 48 69 23 50 17 10 16 26 30 15 11 31 -1
24 21 6 35 41 27 67 18 69 29 23 50 17 59 11 49 26 8 51 34 45 36 38 3 0 -1
44 17 20 33 22 38 18 37 67 27 41 51 8 26 62 21 6 35 64 52 10 16 1 49 15 30 63 -1
68 59 10 52 64 58 35 41 36 54 5 18 69 23 50 0 3 66 19 65 67 27 25 4 -1
57 41 36 54 65 67 27 25 4 53 47 6 35 58 33 50 0 69 18 32 -1
43 61 60 17 59 1 49 26 16 55 8 56 6 63 30 15 11 31 9 68 -1
53 4 12 41 45 58 64 52 10 59 68 9 17 50 23 69 48 39 18 19 22 33 20 55 16 26 49 42 -1
27 41 51 8 26 49 42 62 21 6 47 7 46 40 12 25 34 58 33 50 2 14 61 17 20 52 64 35 57 -1

26 1 16 10 20 33 22 36 45 58 64 52 55 17 60 14 2 0 69 18 67 27 12 40 47 6 21 62 30 -1
19 22 33 20 17 9 11 1 16 10 52 64 58 45 36 38 69 0 2 14 61 43 13 -1
68 11 15 62 21 6 47 40 4 25 57 51 8 26 30 63 24 42 49 1 59 17 44 61 43 20 10 28 56 -1
19 36 41 51 56 8 52 20 43 50 0 69 18 65 39 48 3 23 2 14 61 17 59 1 49 -1
22 19 69 23 3 38 36 41 51 8 10 59 17 20 33 58 34 25 27 67 37 32 18 66 48 39 65 5 54 -1
31 1 16 55 52 64 58 41 12 25 34 51 8 10 59 9 49 26 30 63 6 47 40 7 4 53 46 -1
21 6 47 7 46 40 12 41 36 38 66 48 39 18 67 27 25 4 -1
32 18 19 22 33 43 20 52 64 58 34 25 4 7 47 6 21 62 26 8 51 41 36 38 69 23 50 17 10 28 -1
44 61 43 13 33 58 41 12 40 46 53 47 6 56 8 10 17 60 14 2 0 69 38 36 45 34 57 -1
24 21 6 35 41 27 67 18 69 0 2 14 44 17 20 33 22 19 65 37 5 54 36 45 34 51 8 26 62 -1
32 54 36 45 58 51 8 26 1 68 59 17 50 23 69 48 39 65 67 27 41 35 6 63 30 15 -1
57 41 36 54 65 19 22 33 20 55 16 10 17 50 23 29 69 18 67 27 25 34 51 8 26 1 11 31 -1
27 41 51 8 26 49 42 30 63 6 47 53 46 7 4 25 34 45 36 54 19 22 33 20 52 64 35 57 -1
32 54 36 41 57 34 45 22 19 66 48 69 0 2 14 60 17 59 1 49 26 16 10 20 43 50 23 3 38 -1
29 23 50 43 61 60 17 9 16 26 30 21 6 47 53 4 25 27 67 65 54 36 41 12 -1

26 1 16 10 20 33 22 36 45 58 64 52 55 17 60 14 2 0 69 18 67 27 12 40 47 6 21 62 30 -1
19 22 33 20 17 9 11 1 16 10 52 64 58 45 36 38 69 0 2 14 61 43 13 -1
68 11 15 62 21 6 47 40 4 25 57 51 8 26 30 63 24 42 49 9 17 44 61 43 20 10 28 56 -1
19 36 41 51 56 8 52 20 43 50 0 69 18 65 39 48 3 23 2 14 61 17 9 49 1 -1
22 19 69 23 3 38 36 41 51 8 10 59 17 20 33 58 34 25 27 67 37 32 18 66 48 39 65 5 54 -1
31 1 16 10 52 64 58 41 12 25 34 51 8 55 17 9 49 26 30 63 24 62 15 11 59 68 -1
21 6 47 40 46 7 4 25 34 58 64 52 8 51 35 41 45 22 33 20 17 59 11 -1
32 18 19 22 33 43 20 52 64 58 34 25 4 7 47 6 63 30 26 1 31 11 59 10 28 8 51 41 -1
44 61 43 13 33 58 34 25 4 7 46 40 12 41 36 38 66 48 69 23 50 17 10 16 26 30 63 6 47 53 -1
24 21 6 35 41 27 67 18 69 23 50 43 61 44 17 20 33 22 19 65 37 5 54 36 45 34 51 8 26 62 -1
32 54 36 45 41 25 4 53 47 6 35 58 33 50 0 2 14 61 17 10 16 26 30 24 -1
57 41 36 54 65 19 22 33 20 55 16 10 17 50 23 29 69 18 67 27 25 34 51 8 26 1 11 -1
34 58 33 50 0 69 29 23 2 14 60 61 43 20 55 8 56 6 47 53 4 25 27 67 65 54 36 41 12 -1
39 18 54 36 41 51 8 26 49 15 11 9 17 50 23 69 38 22 33 58 35 6 63 24 42 -1
27 41 51 8 26 49 42 30 63 6 47 40 46 7 4 25 34 58 33 50 2 14 61 17 20 52 64 35 57 -1

26 1 16 10 20 33 22 36 45 58 64 52 55 17 60 14 2 0 69 18 67 27 12 40 47 6 21 62 30 -1
19 22 33 20 17 9 11 1 16 10 52 64 58 45 36 38 69 0 2 14 61 43 13 -1
68 11 15 62 21 6 47 40 4 25 57 51 8 26 30 63 24 42 49 9 17 44 61 43 20 10 28 56 -1
19 36 41 51 56 8 52 20 43 50 0 69 18 65 39 48 3 23 2 14 61 17 9 49 1 -1
22 19 69 23 3 38 36 41 51 8 10 59 17 20 33 58 34 25 27 67 37 32 18 66 48 39 65 5 54 -1
31 1 16 10 52 64 58 41 12 25 34 51 8 55 17 9 49 26 30 63 24 62 15 11 59 68 -1
21 6 47 40 46 7 4 25 34 51 64 52 20 33 58 35 41 45 22 13 43 17 59 11 -1
32 18 19 22 13 43 17 60 14 2 50 33 20 55 16 26 49 1 59 10 8 51 41 36 38 66 -1
44 61 43 13 20 55 16 26 49 15 11 9 17 50 23 69 48 39 18 54 36 45 58 64 52 10 59 68 -1
24 30 26 8 51 41 27 67 18 69 23 50 43 61 44 17 20 33 58 35 6 63 -1
32 54 36 45 41 12 4 53 47 6 35 58 33 50 0 2 14 61 17 10 16 26 30 24 -1
44 17 20 33 22 19 18 37 67 27 41 51 8 26 62 21 6 35 34 45 36 38 3 29 69 0 2 14 60 -1
47 6 35 41 36 38 22 33 20 55 16 26 30 24 62 49 1 59 17 43 13 50 0 69 18 67 27 12 4 53 -1
7 4 25 34 51 8 26 1 31 11 59 10 28 56 6 35 41 58 33 20 17 9 49 42 -1
44 61 43 33 58 41 12 27 67 65 54 36 45 34 57 51 8 55 20 13 22 19 18 32 -1

26 1 16 10 20 33 22 36 38 3 23 2 14 60 17 55 8 56 6 47 40 4 25 57 41 27 67 65 -1
19 22 33 20 17 9 11 1 26 8 51 41 36 38 3 23 2 14 61 43 13 50 0 69 18 67 27 12 40 46 -1
68 11 15 62 21 6 47 40 12 41 58 33 43 61 44 17 10 28 8 26 16 55 20 13 22 19 18 39 -1
19 36 41 51 56 8 55 20 43 50 0 3 38 54 65 39 48 69 23 2 14 61 17 9 49 -1
43 13 22 45 41 27 25 34 58 51 8 26 1 9 31 11 15 62 21 6 47 40 12 4 7 46 53 -1
68 1 26 30 62 21 6 35 41 27 67 37 18 19 22 33 43 61 44 17 9 49 42 24 63 -1
32 18 19 22 33 43 17 60 14 2 50 13 20 52 64 35 6 56 51 41 36 38 69 0 -1
55 8 51 34 58 33 50 0 69 19 36 41 35 6 63 24 62 15 11 59 17 43 13 22 38 66 -1
32 54 36 45 22 38 3 29 23 50 17 59 11 49 42 62 21 6 47 40 46 7 4 25 41 35 64 52 -1
57 35 6 63 30 26 1 31 11 59 10 28 8 51 34 25 4 53 40 12 41 36 38 69 0 23 29 -1
19 36 41 12 4 25 34 58 33 22 38 66 18 69 23 50 17 10 8 51 57 -1
32 18 19 36 41 57 35 64 51 8 26 1 9 17 50 23 3 48 39 65 67 27 25 4 7 47 6 63 24 42 -1
49 26 16 10 17 60 61 43 50 23 29 69 18 67 27 41 58 45 36 54 5 65 39 48 -1
46 7 4 25 41 36 38 3 48 66 19 22 45 34 58 33 50 23 69 18 39 32 37 -1
53 4 25 27 67 65 19 36 41 12 40 47 6 35 58 33 22 38 54 32 18 69 23 50 17 10 52 20 43 61 -1

26 1 16 10 20 33 22 36 38 3 23 2 14 60 17 55 8 56 6 47 40 4 25 57 41 27 67 65 -1
19 22 33 20 17 9 11 1 26 8 51 41 36 38 3 23 2 14 61 43 13 50 0 69 18 67 27 12 40 46 -1
68 11 15 49 26 8 56 6 47 40 12 41 58 33 43 61 44 17 10 28 -1
19 36 41 51 56 8 55 20 43 50 0 3 38 54 65 39 48 69 23 2 14 61 17 10 16 26 49 -1
43 13 22 45 41 27 25 34 58 51 8 26 1 9 31 11 59 10 28 56 6 47 40 12 4 7 46 53 -1
21 6 47 40 12 41 36 38 3 48 39 18 67 27 25 4 7 46 -1
68 1 26 30 62 21 6 56 51 41 58 64 52 20 17 60 61 43 13 22 38 18 32 54 36 45 34 35 -1
55 8 51 34 41 36 38 69 0 50 17 59 1 26 30 24 21 6 35 57 25 27 67 18 19 22 33 43 61 44 -1
66 38 3 29 23 50 17 59 11 1 26 8 51 35 41 36 54 5 65 39 48 69 19 22 45 34 -1
44 61 43 13 20 10 16 26 49 15 11 59 17 50 23 69 48 39 18 54 36 41 35 6 63 30 42 62 21 -1
44 14 2 0 69 18 37 32 54 36 41 35 6 21 62 26 8 51 57 25 27 -1
52 8 56 6 47 53 46 40 12 41 58 33 20 10 16 26 49 42 15 11 9 17 43 13 22 45 34 25 27 -1
57 35 6 63 30 26 1 31 11 15 62 24 42 49 9 68 59 17 50 23 69 48 39 32 37 65 19 22 33 20 -1
53 40 12 41 36 38 69 0 23 29 19 22 13 43 61 60 17 59 1 49 26 8 51 57 25 4 -1
63 6 35 57 25 41 36 54 5 37 67 27 12 4 53 47 -1

26 1 16 10 20 33 22 36 38 3 23 2 14 60 17 55 8 56 6 47 40 4 25 57 41 27 67 65 -1
19 22 33 20 17 9 11 1 26 8 51 41 36 38 3 23 2 14 61 43 13 50 0 69 18 67 27 12 40 46 -1
68 11 15 49 26 8 56 6 47 40 12 41 58 33 43 61 44 17 10 28 -1
19 36 41 51 56 8 55 20 43 50 0 3 38 54 65 39 48 69 23 2 14 61 17 10 16 26 49 -1
43 13 22 45 41 27 25 34 58 51 8 26 1 9 31 11 59 10 28 56 6 47 40 12 4 7 46 53 -1
21 6 47 40 12 41 36 38 3 48 69 18 67 27 25 4 7 46 -1
68 1 26 30 62 21 6 56 51 41 58 64 52 20 17 60 61 43 13 22 38 18 32 54 36 45 34 35 -1
55 8 51 34 41 36 38 69 0 50 17 59 1 26 30 24 21 6 35 57 25 27 67 18 19 22 33 43 61 44 -1
66 38 3 29 23 50 17 59 11 1 26 8 51 35 41 36 54 5 65 39 48 69 19 22 45 34 -1
44 61 43 13 33 58 51 8 26 49 15 11 59 17 50 23 69 48 39 18 54 36 41 35 64 52 10 16 1 68 -1
44 14 2 0 69 18 37 32 54 36 41 35 6 21 62 26 8 51 57 25 27 -1
52 8 56 6 47 53 46 40 12 41 58 33 20 55 16 26 49 42 15 11 9 17 43 13 22 45 34 25 27 -1
57 35 6 63 30 26 16 10 17 44 61 43 33 58 41 12 4 53 -1
53 40 12 41 36 38 69 0 23 29 19 22 33 43 61 60 17 59 1 49 26 8 51 57 35 64 -1
19 36 41 25 4 12 27 67 5 54 66 18 38 22 33 20 55 16 26 49 42 15 11 1 59 10 28 56 6 63 -1

26 1 16 10 20 33 22 36 38 3 23 2 14 60 17 55 8 56 6 47 40 4 25 57 41 27 67 65 -1
19 22 33 20 17 9 11 1 26 8 51 41 36 38 3 23 2 14 61 43 13 50 0 69 18 67 27 12 40 46 -1
68 11 15 49 26 8 56 6 47 40 12 41 58 33 43 61 44 17 10 28 -1
19 36 41 51 56 8 55 20 43 50 0 3 38 54 65 39 48 69 23 2 14 61 17 10 16 26 49 -1
43 13 22 45 41 27 25 34 58 51 8 26 1 9 31 11 59 10 28 56 6 47 40 12 4 7 46 53 -1
21 6 47 40 12 41 36 38 3 48 69 18 67 27 25 4 7 46 -1
68 1 26 30 62 21 6 56 51 41 58 64 52 20 17 60 61 43 13 22 38 18 32 54 36 45 34 35 -1
55 8 51 34 41 36 38 69 0 50 17 59 1 26 30 24 21 6 35 57 25 27 67 18 19 22 33 43 61 44 -1
66 38 3 29 23 50 17 59 11 1 26 8 51 35 41 36 54 5 65 39 48 69 19 22 45 34 -1
44 61 43 13 33 58 51 8 26 49 15 11 59 17 50 23 69 48 39 18 54 36 41 35 64 52 10 16 1 68 -1
44 14 2 0 69 18 37 32 54 36 41 35 6 21 62 26 8 51 57 25 27 -1
52 8 56 6 47 53 46 40 12 41 58 33 20 17 9 49 42 62 26 1 11 15 30 63 24 -1
57 35 6 63 30 26 16 10 17 44 61 43 33 58 34 25 4 53 40 12 41 36 38 69 0 23 29 -1
19 36 41 12 4 25 34 45 22 38 66 18 69 0 50 17 9 49 42 -1
68 1 26 30 24 21 6 35 58 33 13 20 55 17 9 49 62 15 11 59 10 16 -1

26 1 16 10 20 33 22 36 19 3 23 2 14 60 17 55 8 56 6 47 40 4 25 57 41 27 67 65 -1
19 22 33 20 17 9 11 1 26 8 51 41 36 38 3 23 2 14 61 43 13 50 0 69 18 67 27 12 40 46 -1
68 11 15 49 26 8 56 6 47 40 12 41 58 33 43 61 44 17 10 28 -1
43 13 22 45 41 27 25 34 58 51 8 26 1 9 31 11 59 10 28 56 6 47 40 12 4 7 46 53 -1
65 18 69 0 50 33 58 51 56 6 35 64 52 10 59 11 9 17 43 13 22 19 29 23 2 14 60 44 -1
21 6 47 40 12 41 36 38 66 48 39 65 54 19 22 33 58 51 8 26 49 15 11 9 17 50 23 69 -1
21 6 47 53 46 40 12 41 58 64 52 20 17 61 43 13 22 45 34 51 8 10 59 11 15 30 24 -1
68 11 15 30 62 26 8 51 41 36 54 32 18 19 22 13 43 50 23 69 48 39 65 37 -1
55 8 51 34 58 33 50 0 69 38 22 45 41 35 6 21 24 30 26 16 10 17 61 14 2 23 3 19 18 67 -1
59 17 20 33 22 38 19 29 69 18 67 27 41 51 8 26 16 1 49 62 21 -1
32 18 19 22 45 58 51 8 26 49 11 68 59 10 52 64 35 6 21 24 63 30 42 15 -1
44 17 50 23 69 18 37 65 19 22 33 20 52 8 51 41 36 54 32 39 48 3 0 -1
57 35 6 63 30 26 8 10 17 44 14 2 0 69 18 67 27 41 58 64 52 55 16 1 49 42 15 11 31 -1
53 40 12 41 36 38 69 0 3 66 54 5 65 39 48 29 23 2 50 17 10 28 8 26 30 63 6 47 7 -1
32 18 19 36 41 57 25 12 40 47 6 35 51 8 26 62 49 1 16 55 20 13 50 17 59 11 15 30 63 -1

26 1 16 10 20 33 22 36 19 3 23 2 14 60 17 55 8 56 6 47 40 4 25 57 41 27 67 65 -1
19 22 33 20 17 9 11 1 26 8 51 41 36 38 3 23 2 14 61 43 13 50 0 69 18 67 27 12 40 46 -1
68 11 15 49 26 8 56 6 47 40 12 41 58 33 43 61 44 17 10 28 -1
43 13 22 45 41 27 25 34 58 51 8 26 1 9 31 11 59 10 28 56 6 47 40 12 4 7 46 53 -1
65 18 69 0 50 33 58 51 56 6 35 34 45 22 13 43 17 59 11 49 42 30 26 1 16 55 52 64 -1
21 6 47 40 12 41 36 38 66 48 39 65 54 19 22 33 58 51 8 26 49 15 11 9 17 50 23 69 -1
21 6 47 53 46 7 4 25 34 35 64 52 20 17 61 43 33 58 51 8 10 59 11 15 30 24 62 49 1 68 -1
32 18 19 22 33 43 17 60 14 2 50 13 20 52 64 58 41 35 6 21 62 26 8 51 57 25 27 67 37 5 -1
59 17 20 33 22 38 3 29 19 36 41 51 8 26 1 11 -1
44 61 43 13 20 17 59 1 49 15 62 26 8 51 41 27 25 34 35 6 63 30 42 24 21 -1
24 21 6 35 41 27 67 18 38 22 33 43 61 44 14 2 0 69 19 54 5 37 -1
32 54 36 45 22 38 18 67 27 25 57 35 6 63 30 26 1 31 11 15 49 9 17 50 0 69 19 65 37 -1
53 40 12 41 36 38 69 0 3 29 23 50 17 60 61 43 20 55 16 26 49 62 21 6 35 57 25 27 67 5 -1
2 23 69 48 3 38 36 41 12 40 46 7 47 6 63 24 42 49 26 8 51 58 33 22 19 54 32 -1
59 17 20 33 22 38 54 32 65 19 36 45 58 64 52 10 8 51 41 27 67 18 39 48 3 0 69 66 -1

26 1 16 10 20 33 22 36 19 3 23 2 14 60 17 55 8 56 6 47 40 4 25 57 41 27 67 65 -1
19 22 33 20 17 9 11 1 26 8 51 41 36 38 3 23 2 14 61 43 13 50 0 69 18 67 27 12 40 46 -1
68 11 15 49 26 8 56 6 47 40 12 41 58 33 43 61 44 17 10 28 -1
43 13 22 45 41 27 25 34 58 51 8 26 1 9 31 11 59 10 28 56 6 47 40 12 4 7 46 53 -1
65 18 69 0 50 33 58 51 56 6 35 34 45 22 13 43 17 59 11 49 42 30 26 1 16 55 52 64 -1
21 6 47 40 12 41 36 38 66 48 39 65 54 19 22 33 58 51 8 26 49 15 11 9 17 50 23 69 -1
21 6 47 7 46 40 4 25 34 35 64 52 20 17 61 43 33 58 51 8 10 59 11 15 30 24 62 49 1 68 -1
32 18 19 22 33 43 17 60 14 2 50 13 20 52 64 58 41 35 6 21 62 26 8 51 34 25 27 67 37 5 -1
59 17 20 33 22 38 3 29 19 36 41 51 8 26 49 11 -1
44 61 43 13 20 17 59 1 49 15 62 26 8 51 41 27 25 34 35 6 63 30 42 24 21 -1
24 21 6 35 41 27 67 18 38 22 33 43 61 44 14 2 0 69 19 54 5 37 -1
32 18 38 22 45 58 64 52 10 59 68 9 17 50 23 69 48 39 65 19 3 0 -1
57 35 6 63 30 26 1 31 11 15 49 9 17 20 33 22 38 18 37 67 27 25 4 53 47 -1
53 40 12 41 36 38 69 0 3 29 23 50 17 60 61 43 20 10 16 26 49 -1
32 18 19 36 41 57 35 64 58 33 22 38 69 29 23 50 17 59 1 26 8 51 34 25 27 67 65 39 -1

26 1 16 10 8 51 41 36 22 13 43 61 60 17 20 33 58 34 25 4 40 47 6 21 62 30 15 11 68 -1
10 17 50 2 14 60 61 43 33 58 64 51 56 6 35 41 27 25 34 45 36 54 32 -1
19 22 33 20 10 16 1 11 9 49 26 8 51 41 12 27 67 18 54 36 45 34 35 6 21 62 24 63 30 42 -1
19 36 41 51 56 8 55 17 50 0 69 18 65 39 48 3 23 2 14 61 43 20 10 16 26 -1
22 19 69 23 3 38 36 41 51 8 10 59 17 43 33 58 34 25 27 67 37 32 18 66 48 39 65 5 54 -1
31 1 26 8 51 41 12 25 57 58 33 43 61 44 17 10 28 56 6 63 30 -1
21 6 47 40 46 7 4 25 34 35 64 52 20 43 50 23 3 66 19 36 41 51 8 26 30 63 -1
55 8 51 34 41 36 19 69 0 50 33 20 10 16 26 30 24 62 15 11 68 59 17 43 13 22 38 18 39 -1
44 17 43 33 22 19 65 37 67 27 41 51 8 26 62 21 6 47 7 4 25 57 58 64 52 10 16 1 31 9 -1
47 53 4 25 41 36 38 3 29 69 0 50 17 59 11 1 16 10 20 43 61 14 -1
57 25 4 40 47 6 63 30 26 16 9 17 20 33 22 38 36 45 34 51 8 10 59 68 1 31 11 -1
53 4 12 41 45 22 13 20 52 64 35 6 47 7 46 -1
32 65 67 27 25 57 58 33 50 2 14 61 43 13 22 45 41 12 40 46 53 47 6 56 28 10 -1
49 26 16 10 17 60 61 43 50 0 69 29 19 36 45 58 64 51 56 6 63 30 15 11 68 -1
21 30 26 16 55 8 56 6 63 24 62 49 1 59 17 20 33 22 19 65 54 36 41 35 34 25 27 67 5 -1

26 1 16 10 8 51 41 36 22 13 43 61 60 17 20 33 58 34 25 4 40 47 6 21 62 30 15 11 68 -1
10 17 50 2 14 60 61 43 33 58 64 51 56 6 35 41 27 25 34 45 36 54 32 -1
19 22 33 20 10 16 1 11 9 49 26 8 51 41 12 27 67 18 54 36 45 34 35 6 21 62 24 63 30 42 -1
19 36 41 51 56 8 55 17 50 0 69 18 65 39 48 3 23 2 14 61 43 20 10 16 26 -1
22 19 69 23 3 38 36 41 51 8 10 59 17 43 33 58 34 25 27 67 37 32 18 66 48 39 65 5 54 -1
31 1 26 8 51 41 12 25 57 58 33 43 61 44 17 10 28 56 6 63 30 -1
21 6 47 40 46 7 4 25 34 35 64 52 20 43 50 23 69 66 19 36 41 51 8 26 30 63 -1
55 8 51 34 41 36 19 69 0 50 33 20 10 16 26 30 24 62 15 11 68 59 17 43 13 22 38 18 39 -1
44 17 43 33 22 19 65 37 67 27 41 51 8 26 62 21 6 47 7 4 25 57 58 64 52 10 16 1 31 9 -1
47 53 4 25 41 36 38 3 29 69 0 50 17 59 11 1 16 55 20 43 61 14 -1
57 25 4 40 47 6 63 30 26 16 9 17 20 33 22 38 36 45 34 51 8 10 59 68 1 31 11 -1
53 4 12 41 45 22 13 20 52 64 35 6 47 7 46 -1
32 65 67 27 25 57 58 33 50 2 14 61 43 13 22 45 41 12 40 46 7 47 6 56 28 10 -1
49 26 16 10 17 60 61 43 50 0 69 29 19 36 45 58 64 51 56 6 63 30 15 11 68 -1
21 30 26 16 55 8 56 6 63 24 62 49 1 59 17 20 33 22 19 65 54 36 41 12 4 53 40 -1

26 1 16 10 8 51 41 36 22 13 43 61 60 17 20 33 58 34 25 4 40 47 6 21 62 30 15 11 68 -1
10 17 50 2 14 60 61 43 33 58 64 51 56 6 35 41 27 25 34 45 36 54 32 -1
19 22 33 20 10 16 1 11 9 49 26 8 51 41 12 27 67 18 54 36 45 34 35 6 21 62 24 63 30 42 -1
19 36 41 51 56 8 55 17 50 0 69 18 65 39 48 3 23 2 14 61 43 20 10 16 26 -1
22 19 69 23 3 38 36 41 51 8 10 59 17 43 33 58 34 25 27 67 37 32 18 66 48 39 65 5 54 -1
31 1 26 8 51 41 12 25 57 58 33 43 61 44 17 10 28 56 6 63 30 -1
21 6 47 40 46 7 4 25 34 35 64 52 20 43 50 23 69 66 19 36 41 51 8 26 30 63 -1
55 8 51 34 41 36 19 69 0 50 33 20 10 16 26 30 24 62 15 11 68 59 17 61 14 2 23 3 48 39 -1
44 17 43 33 22 19 18 37 67 27 41 51 8 26 62 21 6 47 7 4 25 57 58 64 52 10 16 1 31 9 -1
47 53 4 25 41 36 38 3 29 23 50 17 59 11 31 1 26 30 15 49 9 16 10 20 33 22 19 18 67 27 -1
57 25 4 40 47 6 63 30 26 16 9 17 60 61 43 20 10 59 1 49 11 68 -1
57 41 36 54 65 67 27 25 4 53 47 6 56 8 55 20 43 50 0 23 29 19 22 33 58 64 52 10 17 60 -1
53 4 12 41 45 36 38 22 33 20 55 16 26 30 24 62 15 11 9 17 43 13 -1
32 54 36 41 57 58 33 50 2 14 61 43 20 52 64 35 34 25 4 7 46 40 12 27 67 65 39 48 -1
21 30 26 16 55 8 56 6 63 24 42 49 1 59 17 50 23 29 19 22 33 43 61 14 2 0 69 66 -1

26 1 16 10 8 51 41 36 22 13 43 61 60 17 20 33 58 34 25 4 40 47 6 21 62 30 15 11 68 -1
10 17 50 2 14 60 61 43 33 58 64 51 56 6 35 41 27 25 34 45 36 54 32 -1
19 22 33 20 10 16 1 11 9 49 26 8 51 41 12 27 67 18 54 36 45 34 35 6 21 62 24 63 30 42 -1
19 36 41 51 56 8 55 17 50 0 69 18 65 39 48 3 23 2 14 61 43 20 10 16 26 -1
22 19 69 23 3 38 36 41 51 8 10 59 17 43 33 58 34 25 27 67 37 32 18 66 48 39 65 5 54 -1
31 1 26 8 51 41 12 25 57 58 33 43 61 44 17 10 28 56 6 63 30 -1
21 6 47 40 46 7 4 25 34 35 64 52 20 43 50 23 69 66 19 36 41 51 8 26 30 63 -1
55 8 51 34 41 36 19 69 0 50 33 20 10 16 26 30 24 62 15 11 68 59 17 61 14 2 23 3 48 39 -1
44 17 43 33 22 38 18 37 67 27 41 51 8 26 62 21 6 47 7 4 25 57 58 64 52 10 16 1 31 9 -1
57 25 4 40 47 6 63 30 26 1 9 17 60 61 43 20 10 59 11 49 15 42 -1
57 41 36 54 65 67 27 25 4 53 47 6 56 8 55 20 43 50 0 3 29 23 2 14 61 17 59 11 31 -1
53 4 12 41 45 36 38 3 29 23 50 43 61 60 17 20 52 8 51 58 33 13 -1
32 54 36 41 57 58 33 22 38 66 48 69 23 50 43 20 52 64 51 34 25 4 40 46 7 47 6 56 28 10 -1
21 30 26 16 55 8 56 6 63 24 42 15 11 59 17 50 23 29 19 36 45 58 64 51 41 27 67 18 69 0 -1
46 40 12 41 45 22 13 20 55 16 26 30 24 21 6 56 51 58 33 50 23 69 38 -1

26 1 16 10 8 51 41 36 22 13 43 61 60 17 50 33 58 34 25 4 40 47 6 21 62 30 15 11 68 -1
10 17 50 2 14 60 61 43 33 58 64 51 56 6 35 41 27 25 34 45 36 54 32 -1
19 36 41 51 8 26 1 11 9 17 43 33 58 57 25 12 40 47 6 56 28 10 52 64 35 34 45 22 13 50 -1
22 38 69 23 50 17 9 11 59 10 20 43 61 14 2 0 3 19 36 41 12 40 46 53 47 6 21 -1
65 19 69 0 50 33 58 51 56 28 10 17 44 61 43 13 22 38 18 37 67 27 25 4 40 47 6 21 62 49 -1
31 1 26 8 51 41 12 27 67 18 38 22 33 43 17 10 16 55 20 13 50 0 69 19 65 39 48 3 23 2 -1
55 8 51 34 58 33 50 0 69 38 36 41 35 6 63 24 62 26 16 10 20 13 22 19 18 67 27 12 40 46 -1
66 38 3 29 23 50 17 59 11 31 1 26 30 63 6 47 7 4 12 41 58 33 43 20 55 16 9 49 62 24 -1
52 8 51 41 12 40 46 53 4 25 27 67 65 39 48 66 54 5 18 69 23 50 17 9 49 42 24 63 6 -1
44 61 43 33 58 41 12 25 34 45 36 54 32 18 19 22 13 50 17 10 8 51 57 35 6 63 -1
57 25 27 67 65 19 69 23 2 14 61 17 59 1 49 42 24 63 6 35 41 36 54 32 39 48 3 0 -1
68 1 26 30 24 62 15 49 9 17 50 23 69 48 39 18 54 36 45 34 25 27 67 37 65 19 22 33 20 -1
53 40 12 41 45 36 38 22 33 20 10 16 26 49 15 11 59 17 50 23 69 18 37 5 67 27 25 57 35 -1
25 41 51 8 26 1 31 9 17 10 28 56 6 63 30 42 15 11 -1
49 26 16 10 17 60 61 43 50 23 29 19 36 45 58 64 51 41 27 67 37 -1

26 1 16 10 8 51 41 36 22 13 43 61 60 17 50 33 58 57 25 4 40 47 6 21 62 30 15 11 68 -1
10 17 50 2 14 60 61 43 33 58 64 51 56 6 35 41 27 25 34 45 36 54 32 -1
19 36 41 51 8 26 1 11 9 17 43 33 58 57 25 12 40 47 6 56 28 10 52 64 35 34 45 22 13 50 -1
22 38 69 23 50 17 9 11 59 10 20 43 61 14 2 0 3 66 18 67 27 12 40 46 53 47 6 21 -1
65 18 69 0 50 33 58 51 56 28 10 17 44 61 43 13 22 38 54 5 37 67 27 25 4 40 47 6 21 62 -1
31 1 26 8 51 41 12 27 67 18 38 22 33 43 61 44 17 10 28 56 6 63 -1
55 8 51 34 58 33 50 0 69 38 36 41 35 6 63 24 62 26 1 59 17 61 14 2 23 3 66 18 67 -1
52 20 43 50 23 69 18 67 27 12 40 46 53 4 25 41 36 54 66 48 39 65 19 22 45 34 57 35 6 63 -1
7 47 6 56 8 26 1 31 9 17 20 33 58 34 25 4 12 41 51 64 52 10 59 11 49 62 24 30 15 42 -1
19 69 23 2 0 3 48 39 18 5 54 36 41 35 51 8 26 49 15 62 21 6 47 53 4 25 27 12 40 7 -1
7 4 25 34 58 33 43 17 55 16 26 30 21 62 49 1 31 11 59 10 8 51 35 6 47 53 -1
68 1 26 30 24 21 6 35 58 33 13 22 45 41 12 40 46 7 4 25 34 51 8 10 59 9 49 42 -1
27 41 51 8 26 49 42 24 63 6 35 34 45 36 54 32 18 19 22 33 58 57 25 4 7 -1
29 23 50 17 59 11 49 26 8 51 41 36 54 32 65 67 27 12 25 34 58 33 20 55 10 28 56 6 47 53 -1
16 10 20 33 22 19 65 18 69 0 2 14 61 17 9 1 26 8 51 57 35 6 63 30 15 11 31 -1

26 1 16 10 8 51 41 36 22 13 43 61 60 17 50 33 58 57 25 4 40 47 6 21 62 30 15 11 68 -1
10 17 50 2 14 60 61 43 33 58 64 51 8 26 30 21 6 35 41 27 25 34 45 36 54 32 -1
19 36 41 51 8 26 1 11 9 17 43 33 58 57 25 12 40 47 6 35 64 52 10 28 56 -1
22 38 69 23 50 17 9 11 1 26 8 51 58 33 43 61 14 2 0 3 66 18 67 27 12 40 46 -1
65 18 69 0 50 33 58 51 56 28 10 17 44 61 43 13 22 38 54 5 37 67 27 25 4 40 47 6 21 62 -1
31 1 26 8 51 41 12 27 67 18 38 22 33 43 61 44 17 9 49 42 24 63 6 35 57 58 45 36 54 65 -1
21 6 47 40 46 7 4 25 57 35 64 52 10 17 50 33 58 51 8 26 49 42 24 -1
55 8 51 34 58 33 50 0 69 38 36 41 35 6 63 24 30 26 1 68 9 17 20 13 22 19 18 39 65 -1
59 17 20 33 22 38 3 29 19 36 41 51 8 26 1 11 31 9 49 42 24 21 6 47 7 -1
65 39 48 3 23 2 0 69 19 36 41 25 4 12 27 67 18 66 38 22 33 58 35 6 63 24 42 49 1 59 -1
53 4 25 41 36 38 69 0 3 29 23 50 43 61 60 17 59 1 49 62 26 8 55 10 28 56 6 21 63 -1
7 4 12 41 58 33 43 50 23 69 48 66 18 67 27 25 57 35 6 47 40 46 53 -1
53 4 12 41 45 22 33 20 17 9 68 1 26 8 51 34 25 27 67 18 69 23 2 14 -1
39 65 54 36 41 51 8 26 30 15 49 1 59 17 50 23 69 18 32 5 67 27 25 57 58 33 43 61 14 -1
34 51 8 26 49 11 59 10 28 56 6 47 53 4 25 27 67 65 19 22 33 43 17 9 16 -1

26 1 16 10 8 51 41 36 22 13 43 61 60 17 50 33 58 57 25 4 40 47 6 21 62 30 15 11 68 -1
10 17 50 2 14 60 61 43 33 58 64 51 8 26 30 21 6 35 41 27 25 34 45 36 54 32 -1
19 36 41 51 8 26 1 11 9 17 43 33 58 57 25 12 40 47 6 35 64 52 10 28 56 -1
22 38 69 23 50 17 9 11 1 26 8 51 58 33 43 61 14 2 0 3 66 18 67 27 12 40 46 -1
65 18 69 0 50 33 58 51 56 28 10 17 44 61 43 13 22 38 54 5 37 67 27 25 4 40 47 6 21 62 -1
31 1 26 8 51 41 12 27 67 18 38 22 33 43 61 44 17 9 49 42 24 63 6 35 57 58 45 36 54 65 -1
21 6 47 40 46 53 4 12 41 58 64 52 10 17 50 33 22 45 34 51 8 26 49 42 24 -1
55 8 51 34 58 33 50 0 69 38 36 41 35 6 63 24 30 26 1 68 9 17 20 13 22 19 18 39 65 -1
59 17 20 33 22 38 3 29 19 36 41 51 8 26 1 11 31 9 49 62 21 6 47 7 -1
65 39 48 3 23 2 0 69 19 36 41 25 4 12 27 67 18 66 38 22 33 58 35 6 63 21 62 49 1 59 -1
53 4 25 41 36 38 69 0 3 29 23 50 43 61 60 17 59 1 49 26 16 10 20 33 22 19 65 -1
7 4 25 34 58 33 43 20 55 16 26 30 21 -1
39 65 54 36 41 51 8 26 30 15 49 1 59 17 50 23 69 18 32 5 67 27 25 57 58 33 43 61 14 -1
34 51 8 26 49 11 15 42 30 21 6 35 41 36 54 32 65 67 27 12 25 57 58 33 20 55 10 28 56 -1
25 57 51 8 26 1 31 11 15 30 63 6 35 41 36 38 66 48 69 18 67 27 12 40 46 7 53 -1

26 1 16 10 8 51 41 36 22 13 43 17 60 14 2 50 33 58 57 25 4 40 47 6 21 62 30 15 11 68 -1
19 36 41 51 8 26 1 11 9 17 43 33 58 57 25 12 40 47 6 56 28 10 52 20 13 50 23 69 66 38 -1
22 38 69 23 29 48 39 65 19 3 0 50 33 58 51 56 28 10 17 44 61 43 13 -1
43 13 22 45 41 27 25 57 58 33 50 23 69 18 67 65 19 3 0 2 14 44 17 9 49 62 24 -1
31 1 26 8 51 41 12 27 67 18 38 22 33 43 17 10 16 55 20 13 50 23 69 19 65 54 -1
21 6 47 40 46 53 4 25 57 51 8 52 10 17 61 43 13 22 38 18 67 27 41 58 33 20 55 16 1 59 -1
32 18 19 22 33 43 17 55 8 56 6 47 7 4 12 27 67 65 54 38 69 23 50 13 20 10 16 1 31 9 -1
55 8 51 34 58 33 50 0 3 38 18 67 27 25 4 53 40 12 41 45 22 19 54 32 -1
44 17 50 0 69 18 37 67 27 41 51 8 26 62 49 1 16 55 10 28 56 6 63 30 15 11 31 9 59 68 -1
44 17 20 33 58 41 12 25 57 51 8 10 59 1 16 55 52 64 35 34 45 22 19 54 32 37 5 65 39 48 -1
57 51 56 6 63 30 26 16 10 20 33 50 17 9 49 42 15 11 1 -1
68 9 49 62 24 30 15 11 59 17 50 23 69 48 39 18 54 36 41 51 8 26 16 10 52 64 58 34 -1
64 51 8 10 17 60 14 2 50 43 20 55 16 26 49 62 21 6 47 53 4 12 41 36 38 66 18 5 -1
3 38 22 33 20 43 50 0 69 19 36 45 58 64 52 55 17 60 14 2 23 29 -1
27 41 51 56 6 63 30 42 49 1 16 10 20 33 58 57 25 4 40 46 7 53 -1

26 1 16 10 8 51 41 36 22 13 43 17 60 14 2 50 33 58 57 25 4 40 47 6 21 62 30 15 11 68 -1
19 36 41 51 8 26 1 11 9 17 43 33 58 57 25 12 40 47 6 56 28 10 52 20 13 50 23 69 66 38 -1
22 38 69 23 29 48 39 65 19 3 0 50 33 58 51 56 28 10 17 44 61 43 13 -1
43 13 22 45 41 27 25 57 58 33 50 23 69 18 67 65 19 3 0 2 14 44 17 9 49 62 24 -1
31 1 26 8 51 41 12 27 67 18 38 22 33 43 17 10 16 55 20 13 50 23 69 19 65 54 -1
21 6 47 40 46 53 4 25 57 51 8 52 10 17 61 43 33 22 38 18 67 -1
32 18 19 22 33 43 17 55 8 56 6 47 7 4 12 27 67 65 54 38 69 23 50 13 20 10 16 1 31 9 -1
55 8 51 34 58 33 50 0 3 38 18 67 27 25 4 53 40 12 41 45 22 19 54 32 -1
59 17 20 33 22 38 18 67 27 41 35 6 63 24 30 26 1 68 9 16 10 28 56 51 58 45 36 19 65 39 -1
44 17 50 0 69 18 37 67 27 41 51 8 26 62 49 1 16 55 10 59 11 15 30 21 6 56 -1
44 17 20 33 58 41 12 27 67 18 19 36 45 34 51 8 10 59 1 26 30 21 6 47 53 4 25 -1
57 35 6 63 30 26 16 10 17 44 61 43 33 58 41 12 40 4 25 34 45 22 38 3 48 69 23 2 -1
64 51 8 10 17 60 14 2 50 43 20 55 16 26 49 62 21 6 47 53 4 12 41 36 38 66 18 5 -1
3 38 22 33 20 43 50 0 69 19 36 41 51 8 52 10 28 56 6 35 -1
39 18 67 27 41 51 8 26 49 15 30 63 6 35 34 58 33 20 17 59 11 31 1 16 10 28 -1

26 1 16 10 8 51 41 36 22 13 43 17 60 14 2 50 33 58 57 25 4 40 47 6 21 62 30 15 11 68 -1
19 36 41 51 8 26 1 11 9 17 43 33 58 57 25 12 40 47 6 56 28 10 52 20 13 50 23 69 66 38 -1
22 38 69 23 29 48 39 65 19 3 0 50 33 58 51 56 28 10 17 44 61 43 13 -1
43 13 22 45 41 27 25 57 58 33 50 23 69 18 67 65 19 3 0 2 14 44 17 9 49 62 24 -1
31 1 26 8 51 41 12 27 67 18 38 22 33 43 17 10 16 55 20 13 50 23 69 19 65 54 -1
21 6 47 40 46 53 4 25 57 51 8 52 10 17 61 43 33 22 19 18 67 -1
32 18 19 22 33 43 17 55 8 56 6 47 7 4 12 27 67 65 54 38 69 23 50 13 20 10 16 1 31 9 -1
55 8 51 34 58 33 50 0 3 19 18 67 27 25 4 53 40 12 41 45 22 38 54 32 -1
59 17 20 33 22 38 18 67 27 41 35 6 63 24 30 26 1 68 9 16 10 28 56 51 58 45 36 19 65 39 -1
44 17 50 0 69 18 37 67 27 41 51 8 26 62 49 1 16 55 10 59 11 15 30 21 6 56 -1
44 17 20 33 58 41 12 27 67 18 19 36 45 34 51 8 10 59 1 26 30 21 6 47 53 4 25 -1
57 35 6 63 30 26 16 10 17 44 61 43 33 58 41 12 40 4 25 34 45 22 38 3 48 69 23 2 -1
64 58 33 43 17 60 14 2 50 13 22 45 41 51 8 26 49 62 21 6 47 53 4 25 27 67 18 66 3 -1
3 38 22 33 20 43 50 0 69 19 36 41 51 8 52 10 28 56 6 35 -1
39 18 67 27 41 51 8 26 49 15 30 63 6 35 34 58 33 20 17 59 11 31 1 16 10 28 -1

26 1 16 10 8 51 41 36 22 13 43 17 60 14 2 50 33 58 57 25 4 40 47 6 21 62 30 15 11 68 -1
19 36 41 51 8 26 1 11 9 17 43 33 58 57 25 12 40 47 6 56 28 10 52 20 13 50 23 69 66 38 -1
22 38 69 23 29 48 39 65 19 3 0 50 33 58 51 56 28 10 17 44 61 43 13 -1
43 13 22 45 41 27 25 57 58 33 50 23 69 18 67 65 19 3 0 2 14 44 17 9 49 62 24 -1
31 1 26 8 51 41 12 27 67 18 38 22 33 43 17 10 16 55 20 13 50 23 69 19 65 54 -1
21 6 47 40 46 53 4 25 57 51 8 52 10 17 61 43 33 22 19 18 67 -1
32 18 19 22 33 43 17 55 8 56 6 47 7 4 12 27 67 65 54 38 69 23 50 13 20 10 16 1 31 9 -1
55 8 51 34 58 33 50 0 3 19 18 67 27 25 4 53 40 12 41 45 22 38 54 32 -1
59 17 20 33 22 38 18 67 27 41 35 6 63 24 30 26 1 68 9 16 10 28 56 51 58 45 36 19 65 39 -1
44 17 50 0 69 18 37 67 27 41 51 8 26 62 49 1 16 55 10 59 11 15 30 21 6 56 -1
44 17 20 33 58 41 12 27 67 18 19 36 45 34 51 8 10 59 1 26 30 21 6 47 53 4 25 -1
57 35 6 63 30 26 16 10 17 44 61 43 33 58 41 12 40 4 25 34 45 22 38 3 48 69 23 2 -1
64 51 8 10 17 60 14 2 50 43 20 55 16 26 49 62 21 6 47 53 4 12 41 36 38 66 18 5 -1
3 38 22 33 20 43 50 0 69 19 36 41 51 8 52 10 28 56 6 35 -1
39 18 67 27 41 51 8 26 49 15 30 63 6 35 34 58 33 20 17 9 11 31 1 16 10 28 -1

26 1 16 10 8 51 41 36 22 13 43 17 60 14 2 50 33 58 57 25 4 40 47 6 21 62 30 15 11 68 -1
19 36 41 51 8 26 1 11 9 17 43 33 58 57 25 12 40 47 6 56 28 10 52 20 13 50 23 69 66 38 -1
22 13 50 23 29 48 39 65 18 69 0 3 19 36 41 51 56 28 10 17 44 61 43 33 58 35 6 63 -1
43 13 22 45 41 27 25 57 58 33 50 23 69 18 67 65 19 3 0 2 14 44 17 9 49 62 24 -1
31 1 26 8 51 41 12 27 67 18 38 22 13 43 17 10 16 9 49 62 24 63 6 35 58 45 36 19 65 54 -1
21 6 47 40 46 53 4 12 41 51 8 52 10 17 61 14 2 0 69 18 67 27 25 57 58 33 20 -1
32 18 19 22 33 43 17 55 8 56 6 47 7 4 12 41 51 64 52 10 16 1 31 11 49 42 24 63 30 -1
55 8 51 34 58 33 50 0 2 14 60 17 9 49 26 30 63 6 35 41 36 19 65 39 -1
59 17 50 23 69 38 3 29 19 22 13 20 55 16 9 11 49 26 8 51 34 25 4 40 47 6 21 30 15 -1
32 54 36 45 41 12 40 53 4 25 27 67 65 19 22 13 50 17 59 11 15 -1
44 17 50 0 69 18 37 67 27 41 35 6 21 62 26 8 55 20 33 58 57 25 4 53 7 40 -1
44 17 20 33 58 41 12 27 67 65 19 3 69 18 54 36 45 34 25 4 53 47 6 56 28 8 26 30 -1
57 35 6 63 30 26 8 51 41 25 27 67 18 38 22 13 43 17 9 31 1 59 10 28 -1
68 1 26 30 24 62 15 49 9 17 50 0 3 48 39 18 38 22 33 20 52 64 51 41 36 54 32 -1
64 51 8 55 17 60 61 43 50 23 29 19 22 33 20 10 59 1 -1

