5 7 9 10 12 -1
6 9 10 11 3 1 0 -1
0 1 2 5 3 -1
9 13 12 10 11 -1
8 14 6 9 7 5 3 4 -1
1 2 5 7 9 10 11 -1

5 7 9 10 12 -1
6 9 10 11 3 1 0 -1
0 1 2 5 3 -1
9 13 12 10 11 -1
8 14 6 9 7 5 3 4 -1
1 2 5 7 9 10 11 -1

5 7 9 10 12 -1
6 9 10 11 3 1 0 -1
0 1 2 5 3 -1
9 13 12 10 11 -1
8 14 6 9 7 5 3 4 -1
1 2 5 7 9 10 11 -1

5 7 9 10 12 -1
6 9 10 11 3 1 0 -1
0 1 2 5 3 -1
9 13 12 10 11 -1
8 14 6 9 7 5 3 4 -1
1 2 5 7 9 10 11 -1

5 7 9 10 12 -1
6 9 10 11 3 1 0 -1
0 1 2 5 3 -1
9 13 12 10 11 -1
8 14 6 9 7 5 3 4 -1
1 2 5 7 9 10 11 -1

5 7 9 10 12 -1
6 9 10 11 3 1 0 -1
0 1 2 5 3 -1
9 13 12 10 11 -1
8 14 6 9 7 5 3 4 -1
1 2 5 7 9 10 11 -1

5 7 9 10 12 -1
6 9 10 11 3 1 0 -1
0 1 2 5 3 -1
9 13 12 10 11 -1
8 14 6 9 7 5 3 4 -1
1 2 5 7 9 10 11 -1

5 7 9 10 12 -1
6 9 10 11 3 1 0 -1
0 1 2 5 3 -1
9 13 12 10 11 -1
8 14 6 9 7 5 3 4 -1
1 2 5 7 9 10 11 -1

5 7 9 10 12 -1
6 9 10 11 3 1 0 -1
0 1 2 5 3 -1
9 13 12 10 11 -1
8 14 6 9 7 5 3 4 -1
1 2 5 7 9 10 11 -1

5 7 9 10 12 -1
6 9 10 11 3 1 0 -1
0 1 2 5 3 -1
9 13 12 10 11 -1
8 14 6 9 7 5 3 4 -1
1 2 5 7 9 10 11 -1

5 7 9 10 12 -1
6 9 10 11 3 1 0 -1
0 1 2 5 3 -1
9 13 12 10 11 -1
8 14 6 9 7 5 3 4 -1
1 2 5 7 9 10 11 -1

5 7 9 10 12 -1
6 9 10 11 3 1 0 -1
0 1 2 5 3 -1
9 13 12 10 11 -1
8 14 6 9 7 5 3 4 -1
1 2 5 7 9 10 11 -1

5 7 9 10 12 -1
6 9 10 11 3 1 0 -1
0 1 2 5 3 -1
9 13 12 10 11 -1
8 14 6 9 7 5 3 4 -1
1 2 5 7 9 10 11 -1

5 7 9 10 12 -1
6 9 10 11 3 1 0 -1
0 1 2 5 3 -1
9 13 12 10 11 -1
8 14 6 9 7 5 3 4 -1
1 2 5 7 9 10 11 -1

5 7 9 10 12 -1
6 9 10 11 3 1 0 -1
0 1 2 5 3 -1
9 13 12 10 11 -1
8 14 6 9 7 5 3 4 -1
1 2 5 7 9 10 11 -1

5 7 9 10 12 -1
6 9 10 11 3 1 0 -1
0 1 2 5 3 -1
9 13 12 10 11 -1
8 14 6 9 7 5 3 4 -1
1 3 5 7 9 10 11 -1

5 7 9 10 12 -1
6 9 10 11 3 1 0 -1
0 1 2 5 3 -1
9 13 12 10 11 -1
8 14 6 9 7 5 3 4 -1
1 3 5 7 9 10 11 -1

5 7 9 10 12 -1
6 9 10 11 3 1 0 -1
0 1 2 5 3 -1
9 13 12 10 11 -1
8 14 6 9 7 5 3 4 -1
1 3 5 7 9 10 11 -1

5 7 9 10 12 -1
6 9 10 11 3 1 0 -1
0 1 2 5 3 -1
9 13 12 10 11 -1
8 14 6 9 7 5 3 4 -1
1 3 5 7 9 10 11 -1

5 7 9 10 12 -1
6 9 10 11 3 1 0 -1
0 1 2 5 3 -1
9 13 12 10 11 -1
8 14 6 9 7 5 3 4 -1
1 3 5 7 9 10 11 -1

5 7 9 10 12 -1
6 9 10 11 3 1 0 -1
0 1 2 5 3 -1
9 13 12 10 11 -1
8 14 6 9 7 5 3 4 -1
1 3 5 7 9 10 11 -1

5 7 9 10 12 -1
6 9 10 11 3 1 0 -1
0 1 2 5 3 -1
9 13 12 10 11 -1
8 14 6 9 7 5 3 4 -1
1 3 5 7 9 10 11 -1

5 7 9 10 12 -1
6 9 10 11 3 1 0 -1
0 1 2 5 3 -1
9 13 12 10 11 -1
8 14 6 9 7 5 3 4 -1
1 3 5 7 9 10 11 -1

5 7 9 10 12 -1
6 9 10 11 3 1 0 -1
0 1 2 5 3 -1
9 13 12 10 11 -1
8 14 6 9 7 5 3 4 -1
1 3 5 7 9 10 11 -1

5 7 9 10 12 -1
6 9 10 11 3 1 0 -1
0 1 2 5 3 -1
9 13 12 10 11 -1
8 14 6 9 7 5 3 4 -1
1 3 5 7 9 10 11 -1

5 7 9 10 12 -1
6 9 10 11 3 1 0 -1
0 1 2 5 3 -1
9 13 12 10 11 -1
8 14 6 9 7 5 3 4 -1
1 3 5 7 9 10 11 -1

5 7 9 10 12 -1
6 9 10 11 3 1 0 -1
0 1 2 5 3 -1
9 13 12 10 11 -1
8 14 6 9 7 5 3 4 -1
1 3 5 7 9 10 11 -1

5 7 9 10 12 -1
6 9 10 11 3 1 0 -1
0 1 2 5 3 -1
9 13 12 10 11 -1
8 14 6 9 7 5 3 4 -1
1 3 5 7 9 10 11 -1

5 7 9 10 12 -1
6 9 10 11 3 1 0 -1
0 1 2 5 3 -1
9 13 12 10 11 -1
8 14 6 9 7 5 3 4 -1
1 3 5 7 9 10 11 -1

5 7 9 10 12 -1
6 9 10 11 3 1 0 -1
0 1 2 5 3 -1
9 13 12 10 11 -1
8 14 6 9 7 5 3 4 -1
1 3 5 7 9 10 11 -1

5 7 9 10 12 -1
6 9 10 11 3 1 0 -1
0 1 2 5 3 -1
9 13 12 10 11 -1
8 14 6 9 7 5 3 4 -1
1 3 5 7 9 10 11 -1

5 7 9 10 12 -1
6 9 10 11 3 1 0 -1
0 1 2 5 3 -1
9 13 12 10 11 -1
8 14 6 9 7 5 3 4 -1
1 3 5 7 9 10 11 -1

5 7 9 10 12 -1
6 9 10 11 3 1 0 -1
0 1 2 5 3 -1
9 13 12 10 11 -1
8 14 6 9 7 5 3 4 -1
1 3 5 7 9 10 11 -1

5 7 9 10 12 -1
6 9 10 11 3 1 0 -1
0 1 2 5 3 -1
9 13 12 10 11 -1
8 14 6 9 7 5 3 4 -1
1 3 5 7 9 10 11 -1

5 7 9 10 12 -1
6 9 10 11 3 1 0 -1
0 1 2 5 3 -1
9 13 12 10 11 -1
8 14 6 9 7 5 3 4 -1
1 3 5 7 9 10 11 -1

5 7 9 10 12 -1
6 9 10 11 3 1 0 -1
0 1 2 5 3 -1
9 13 12 10 11 -1
8 14 6 9 7 5 3 4 -1
1 3 5 7 9 10 11 -1

5 7 9 10 12 -1
6 9 10 11 3 1 0 -1
0 1 2 5 3 -1
9 13 12 10 11 -1
8 14 6 9 7 5 3 4 -1
1 3 5 7 9 10 11 -1

5 7 9 10 12 -1
6 9 10 11 3 1 0 -1
0 1 2 5 3 -1
9 13 12 10 11 -1
8 14 6 9 7 5 3 4 -1
1 3 5 7 9 10 11 -1

5 7 9 10 12 -1
6 9 10 11 3 1 0 -1
0 1 2 5 3 -1
9 13 12 10 11 -1
8 14 6 9 7 5 3 4 -1
1 3 5 7 9 10 11 -1

5 7 9 10 12 -1
6 9 10 11 3 1 0 -1
0 1 2 5 3 -1
9 13 12 10 11 -1
8 14 6 9 7 5 3 4 -1
1 3 5 7 9 10 11 -1

5 7 9 10 12 -1
6 9 10 11 3 1 0 -1
0 1 2 5 3 -1
9 13 12 10 11 -1
8 14 6 9 7 5 3 4 -1
1 3 5 7 9 10 11 -1

5 7 9 10 12 -1
6 9 10 11 3 1 0 -1
0 1 2 5 3 -1
9 13 12 10 11 -1
8 14 6 9 7 5 3 4 -1
1 3 5 7 9 10 11 -1

5 7 9 10 12 -1
6 9 10 11 3 1 0 -1
0 1 2 5 3 -1
9 13 12 10 11 -1
8 14 6 9 7 5 3 4 -1
1 3 5 7 9 10 11 -1

5 7 9 10 12 -1
6 9 10 11 3 1 0 -1
0 1 2 5 3 -1
9 13 12 10 11 -1
8 14 6 9 7 5 3 4 -1
1 3 5 7 9 10 11 -1

5 7 9 10 12 -1
6 9 10 11 3 1 0 -1
0 1 2 5 3 -1
9 13 12 10 11 -1
8 14 6 9 7 5 3 4 -1
1 3 5 7 9 10 11 -1

5 7 9 10 12 -1
6 9 10 11 3 1 0 -1
0 1 2 5 3 -1
9 13 12 10 11 -1
8 14 6 9 7 5 3 4 -1
1 3 5 7 9 10 11 -1

5 7 9 10 12 -1
6 9 10 11 3 1 0 -1
0 1 2 5 3 -1
9 13 12 10 11 -1
8 14 6 9 7 5 3 4 -1
1 3 5 7 9 10 11 -1

5 7 9 10 12 -1
6 9 10 11 3 1 0 -1
0 1 2 5 3 -1
9 13 12 10 11 -1
8 14 6 9 7 5 3 4 -1
1 3 5 7 9 10 11 -1

5 7 9 10 12 -1
6 9 10 11 3 1 0 -1
0 1 2 5 3 -1
9 13 12 10 11 -1
8 14 6 9 7 5 3 4 -1
1 3 5 7 9 10 11 -1

5 7 9 10 12 -1
6 9 10 11 3 1 0 -1
0 1 2 5 3 -1
9 13 12 10 11 -1
8 14 6 9 7 5 3 4 -1
1 3 5 7 9 10 11 -1

