0 87 55 101 94 85 24 102 76 99 82 44 72 109 89 106 73 64 92 9 23 -1
1 87 45 2 15 18 93 35 8 63 80 97 0 78 95 68 21 86 51 102 24 85 -1
4 109 89 52 91 8 63 2 35 93 100 67 3 85 94 27 95 20 -1
11 89 52 91 35 83 94 27 59 95 17 39 55 63 12 -1
11 64 92 18 66 6 86 81 3 93 100 52 10 37 57 106 89 -1
66 85 94 27 17 68 21 86 81 105 83 2 45 87 56 -1
19 85 94 27 17 65 50 68 95 78 39 55 45 53 8 35 34 54 6 86 46 -1
92 18 66 6 86 21 27 94 85 19 23 9 3 83 2 45 55 39 17 56 87 80 -1
22 6 86 28 21 27 105 83 35 49 7 52 89 64 79 72 43 30 -1
22 85 94 27 17 65 61 0 87 38 53 90 49 52 89 11 64 92 18 15 2 45 -1
91 49 7 25 10 52 100 93 34 83 105 27 95 -1
82 26 72 108 36 109 89 52 91 35 15 54 34 2 94 81 86 71 -1
27 101 55 63 12 47 62 8 35 34 2 45 38 74 16 70 10 52 100 18 15 83 -1
32 27 94 85 19 82 26 29 43 72 109 89 52 91 62 12 41 104 -1
32 27 94 85 19 82 26 30 43 72 109 89 106 57 40 10 52 100 93 3 6 86 -1
36 109 64 92 67 98 18 66 3 19 82 26 43 69 99 33 31 22 54 15 -1
83 94 27 95 50 17 39 55 63 12 103 62 8 35 15 54 6 86 46 -1
74 38 63 2 15 3 19 33 99 82 23 9 93 35 8 12 103 70 25 -1
75 17 39 55 63 8 90 49 52 89 96 64 92 18 15 2 45 -1
90 49 52 89 109 64 36 107 5 42 57 10 70 103 12 63 55 101 27 21 28 -1
101 94 105 83 15 18 92 72 108 48 44 82 19 24 86 21 27 59 28 46 51 71 -1
4 36 72 44 82 33 31 71 102 19 9 92 64 96 42 73 89 52 7 25 -1
75 17 27 94 85 19 9 92 64 11 89 52 91 62 103 7 57 106 -1
75 68 21 28 86 6 3 98 93 35 8 12 74 58 80 38 53 62 103 70 84 -1
29 30 44 92 18 93 3 22 85 94 101 55 80 38 12 103 7 57 106 73 79 48 -1
102 24 54 15 2 45 38 55 101 27 21 86 51 31 19 3 34 35 8 12 74 -1
66 34 35 8 12 41 103 62 91 100 18 9 3 85 94 27 32 13 50 65 56 87 -1
69 43 72 109 89 42 96 64 92 18 15 2 83 3 19 33 76 -1
105 94 101 55 45 2 15 54 24 102 88 31 19 9 18 66 6 86 21 68 20 -1
81 105 27 17 78 39 55 63 12 16 103 62 8 35 34 3 22 31 51 86 28 13 -1
40 57 106 73 79 48 92 18 15 2 45 87 56 17 27 94 85 19 82 26 -1
81 105 83 35 49 91 100 18 9 19 102 33 82 44 72 108 -1
58 97 87 45 2 15 18 92 72 108 48 44 30 26 82 23 9 93 35 8 12 41 -1
101 55 87 56 61 0 80 38 12 103 7 57 10 52 91 35 83 105 27 59 95 50 -1
72 92 18 15 2 45 55 39 65 17 68 21 86 51 88 102 24 54 34 35 91 -1
96 64 92 67 100 52 7 84 70 16 74 58 97 80 38 12 41 104 37 57 106 -1
74 12 62 91 52 89 64 92 9 19 102 51 31 14 -1
95 27 105 83 35 49 52 89 106 73 79 108 72 92 18 15 2 45 87 1 -1
14 102 51 86 21 68 20 95 27 94 85 19 33 76 31 24 54 15 2 45 -1
29 26 82 19 24 86 21 27 94 83 35 91 52 89 73 106 57 10 70 16 74 58 -1
60 41 47 58 97 0 87 45 2 34 18 92 64 79 48 109 89 52 10 70 -1
46 86 6 54 34 35 49 8 63 55 39 17 95 68 59 27 94 85 19 82 26 29 -1
104 10 52 100 18 9 19 33 76 102 24 54 15 2 63 38 58 80 55 101 94 105 -1
103 70 104 41 12 63 55 39 87 38 53 90 49 7 84 37 57 106 73 79 72 -1
1 87 45 2 15 18 92 48 44 82 19 85 81 6 24 31 14 -1
60 12 8 35 34 3 15 2 45 87 56 61 -1
75 17 56 87 97 80 45 2 15 18 92 44 26 29 43 72 109 89 106 57 40 -1
83 94 27 17 78 39 55 63 12 103 7 40 10 52 100 18 9 19 33 14 -1
95 27 105 83 15 18 92 64 96 42 5 77 107 109 89 52 7 41 -1
47 62 91 52 89 11 5 42 57 7 25 70 103 12 8 35 93 67 -1
66 18 92 64 96 42 89 52 100 93 3 6 86 46 28 59 95 78 0 -1
60 12 8 35 34 54 85 3 18 92 64 11 5 -1
74 38 55 101 27 21 86 71 102 24 54 15 35 8 62 47 -1
88 102 33 99 82 23 9 93 35 8 12 60 74 38 63 2 15 54 6 -1
94 83 15 18 92 64 96 89 52 7 103 62 8 35 93 9 23 82 26 -1
53 90 49 52 10 70 103 12 63 55 39 17 20 95 27 94 85 19 82 44 -1

0 87 55 101 94 6 24 31 76 99 82 44 72 109 89 106 73 64 92 9 23 -1
1 87 45 2 15 18 93 35 8 63 80 97 0 78 95 59 28 86 51 102 24 85 -1
4 109 89 52 49 8 63 53 90 91 100 67 3 85 94 27 95 20 -1
11 64 92 18 15 83 105 27 59 95 17 39 55 63 12 -1
11 64 92 18 3 6 86 81 85 66 93 100 52 10 40 57 106 73 79 72 43 30 -1
66 85 94 27 17 68 21 86 81 105 83 2 45 87 56 -1
19 85 94 27 17 65 50 68 95 78 39 55 63 53 8 35 15 54 6 86 46 -1
92 18 15 83 94 27 21 86 24 19 23 9 66 34 2 45 55 39 17 56 87 80 -1
22 6 86 28 21 27 94 83 35 49 7 52 89 11 79 72 43 30 -1
22 85 94 27 17 65 61 0 80 38 53 90 49 52 89 11 64 92 18 15 2 45 -1
91 49 7 25 10 52 100 93 34 83 94 27 95 -1
82 26 72 108 36 109 89 52 91 35 15 54 34 2 94 81 86 71 -1
27 101 55 63 12 47 62 8 35 34 2 45 38 74 16 70 10 52 100 18 15 83 -1
32 27 94 85 19 82 26 29 43 72 92 18 93 35 8 12 41 104 -1
32 27 94 85 19 82 26 30 43 72 109 89 52 7 41 12 8 35 34 66 18 98 -1
36 109 64 92 67 98 3 6 86 28 21 68 75 17 39 55 63 8 49 52 89 96 -1
83 94 27 95 50 65 39 55 63 12 103 62 8 35 15 54 6 86 46 -1
74 12 8 35 93 9 23 82 99 69 43 72 109 89 52 10 70 25 40 57 106 73 -1
101 94 105 83 15 18 92 72 108 48 44 82 19 24 86 21 27 59 28 46 51 71 -1
37 10 52 100 93 3 34 35 8 12 60 41 74 38 45 2 15 66 9 -1
4 36 72 44 82 19 102 71 31 23 9 92 64 96 42 73 89 52 7 103 70 104 -1
75 17 27 94 85 19 9 18 100 91 62 12 74 58 97 87 -1
102 24 54 15 2 45 38 55 101 27 21 86 51 31 19 3 34 35 8 12 74 -1
69 43 72 109 89 42 96 64 92 18 15 2 83 3 19 33 76 -1
101 55 63 8 49 35 34 3 81 94 27 17 78 39 87 38 12 16 -1
80 38 12 103 70 84 104 41 74 58 97 87 45 53 90 91 52 89 106 -1
40 57 106 73 79 48 92 18 15 2 45 87 56 17 27 94 85 19 82 26 -1
45 53 90 49 52 89 96 64 92 18 34 83 94 27 95 -1
102 24 54 15 35 49 91 100 93 3 6 86 46 51 31 19 9 92 64 96 42 -1
88 51 86 21 27 101 55 45 2 35 93 100 91 90 53 38 87 56 17 75 -1
101 55 87 0 61 1 97 58 74 16 70 10 57 106 73 79 72 44 26 29 -1
72 92 18 15 2 45 55 39 65 56 87 38 12 103 70 -1
95 27 94 83 35 91 52 89 106 57 7 103 62 53 63 2 15 18 92 64 11 -1
109 64 36 107 5 42 57 10 70 103 12 63 55 101 27 21 28 -1
45 2 94 6 81 105 27 101 55 80 58 74 12 8 35 34 3 19 33 76 -1
9 3 85 94 27 32 13 50 17 56 87 45 2 15 18 92 72 108 -1
14 102 51 86 21 68 20 95 27 94 85 3 9 93 35 8 12 16 -1
88 102 19 9 18 92 72 36 109 89 52 49 35 83 105 27 59 -1
29 26 82 19 24 86 21 27 94 83 35 49 52 89 73 -1
24 19 33 23 9 18 100 52 7 25 70 103 62 8 35 34 3 22 31 -1
70 10 52 89 73 79 48 92 18 15 2 45 87 1 0 80 38 53 90 91 -1
84 7 52 100 67 92 64 11 106 57 40 25 70 103 62 8 35 34 3 19 33 14 -1
104 7 52 100 18 9 23 33 76 102 51 86 21 68 20 17 39 55 45 -1
102 19 82 44 72 108 36 109 64 92 9 23 33 99 69 30 29 -1
0 97 58 74 41 7 57 42 5 77 107 109 11 96 64 79 -1
31 19 3 34 35 8 12 16 70 10 52 89 109 11 106 57 7 41 60 -1
34 83 94 27 95 50 68 59 21 86 6 3 93 100 52 10 57 -1
84 70 103 12 63 55 39 87 38 53 90 91 52 10 40 57 106 73 79 72 43 29 -1
44 72 109 89 52 49 7 70 103 12 63 55 39 17 68 -1
83 94 27 17 78 39 55 63 12 103 7 40 10 52 49 90 53 38 87 56 65 -1
47 41 7 57 42 5 109 89 52 10 25 70 103 62 8 35 34 54 24 102 71 -1
63 2 15 54 22 85 94 27 32 13 21 86 6 3 34 35 8 53 38 80 0 -1
58 80 55 101 27 21 28 86 6 54 34 35 90 53 38 87 56 65 50 75 68 59 -1
66 18 92 64 96 42 89 52 49 8 63 55 39 65 50 95 27 94 85 22 3 93 -1
81 3 18 92 48 109 64 89 52 91 62 47 12 63 55 101 27 21 -1
60 12 8 35 34 54 85 66 18 92 64 11 5 -1

0 87 55 101 94 6 24 31 76 69 43 72 109 89 106 73 64 92 9 23 -1
1 87 45 2 15 18 93 35 8 63 80 97 0 78 95 59 28 86 51 102 24 85 -1
4 109 89 52 49 8 63 53 90 91 100 67 3 85 94 27 95 20 -1
11 64 92 18 15 83 105 27 59 95 17 39 55 63 12 -1
11 64 92 18 3 6 86 81 85 66 93 100 52 10 40 57 106 73 79 72 43 30 -1
66 85 94 27 17 68 21 86 81 105 83 2 45 87 56 -1
19 85 94 27 17 65 50 68 95 78 39 55 63 53 8 35 15 54 6 86 46 -1
92 18 15 83 94 27 21 86 24 19 23 9 66 34 2 45 55 39 17 56 87 80 -1
22 6 86 28 21 27 94 83 35 49 7 52 89 73 79 72 43 30 -1
22 85 94 27 17 65 61 0 80 63 8 91 52 89 11 64 92 18 15 2 45 -1
91 49 7 25 10 52 100 93 34 83 105 27 95 -1
82 26 72 108 36 109 89 52 91 35 15 54 34 2 94 81 86 71 -1
27 101 55 63 12 47 62 8 35 34 2 45 38 74 16 70 10 52 100 18 15 83 -1
32 27 94 85 19 82 26 29 43 72 92 18 93 35 8 12 41 104 -1
32 27 94 85 19 82 26 30 43 72 109 89 52 7 41 12 63 2 15 66 18 98 -1
36 109 64 92 18 98 3 6 86 28 21 68 75 17 39 55 63 8 49 52 89 96 -1
83 94 27 95 50 65 39 55 63 12 103 62 8 35 15 54 6 86 46 -1
74 38 45 2 15 3 19 33 99 76 102 24 85 94 101 55 87 -1
101 94 105 83 15 18 92 72 108 48 44 82 19 24 86 21 27 59 28 46 51 71 -1
37 10 52 100 93 3 34 35 8 12 60 41 74 38 45 2 15 18 9 -1
4 36 72 44 82 19 102 71 31 23 9 92 64 96 42 73 89 52 7 25 -1
75 17 27 94 85 19 9 18 100 91 62 12 74 58 97 87 -1
69 43 72 109 89 42 11 64 92 18 15 2 94 6 24 31 -1
101 55 63 8 49 35 34 3 81 94 27 17 78 39 87 38 12 16 -1
80 38 12 103 70 84 104 41 74 58 97 87 45 53 90 91 52 89 106 -1
82 19 85 94 101 55 87 45 2 15 18 92 72 108 48 44 30 69 76 102 -1
25 70 103 12 63 2 15 3 19 33 99 76 102 88 51 86 21 27 101 55 -1
40 57 106 73 79 48 92 18 15 2 45 87 56 17 27 94 85 19 82 26 -1
45 63 8 49 52 89 96 64 92 67 100 91 62 103 70 84 104 41 12 38 55 39 -1
102 24 54 34 35 49 91 100 93 3 6 86 46 51 31 19 9 92 64 96 42 -1
101 55 87 0 61 1 97 58 74 16 70 10 57 42 96 64 92 44 26 29 -1
72 92 18 15 2 45 55 39 65 56 87 38 12 103 70 -1
103 7 52 89 73 106 57 10 70 16 74 58 80 55 101 94 6 54 15 2 45 -1
95 17 56 87 38 53 90 91 52 89 106 57 7 103 62 8 35 93 18 92 64 11 -1
109 64 36 107 5 42 57 10 70 103 12 63 55 101 27 21 28 -1
8 35 34 3 19 33 82 44 48 109 89 52 10 70 7 57 106 73 79 72 43 -1
9 3 85 94 27 32 13 50 17 56 87 45 2 15 54 66 18 92 48 107 77 -1
14 102 51 86 21 68 20 95 27 94 85 3 9 93 35 8 12 16 -1
88 102 19 9 18 3 85 94 27 95 20 17 39 55 45 2 15 54 24 31 -1
29 26 82 19 24 86 21 27 101 55 63 12 47 41 70 10 57 42 5 -1
104 7 52 100 18 9 23 33 76 31 22 54 15 2 45 38 58 -1
91 35 15 54 24 102 88 31 33 82 44 72 36 109 64 92 18 34 83 105 27 59 -1
0 97 58 60 41 7 57 42 5 77 107 109 11 96 64 92 18 34 83 94 27 95 -1
1 87 45 2 15 18 92 48 44 82 19 85 81 6 24 102 14 -1
31 24 54 15 35 8 12 16 70 10 52 89 64 79 72 109 11 106 57 37 84 -1
34 83 94 27 95 50 68 59 21 86 6 3 93 100 52 10 57 -1
44 72 109 89 52 49 91 100 18 92 48 79 64 -1
83 94 27 17 78 39 55 45 53 62 103 7 40 10 52 100 18 9 19 33 14 -1
58 80 55 101 27 21 28 86 6 54 15 35 90 8 63 38 87 39 17 75 50 -1
29 43 72 79 73 106 57 40 10 52 100 67 92 64 11 -1
66 18 92 64 96 42 89 52 49 8 63 55 39 17 50 95 27 94 85 22 -1
60 12 63 2 15 54 85 66 18 92 64 11 5 42 57 7 25 10 52 100 67 -1
74 38 55 101 27 21 86 71 102 24 54 34 35 8 62 47 -1
89 64 92 44 82 99 33 19 3 34 35 8 12 60 74 38 63 2 94 6 -1
75 17 39 55 63 8 91 52 89 11 64 92 9 19 85 94 27 32 13 -1
13 21 86 6 22 3 93 34 83 94 27 17 75 50 65 39 55 63 12 103 -1

0 87 55 101 94 6 24 31 76 69 43 72 109 89 106 73 64 92 9 23 -1
1 87 45 2 15 18 93 35 8 63 80 97 0 78 95 59 28 86 51 102 24 85 -1
4 109 89 52 49 8 63 53 90 91 100 67 3 85 94 27 95 20 -1
11 64 92 18 15 83 105 27 59 95 17 39 55 63 12 -1
11 64 92 18 3 6 86 24 54 15 35 49 7 40 57 42 5 108 72 43 30 -1
66 15 83 105 27 17 39 55 101 94 81 86 21 68 50 65 56 -1
19 85 94 27 17 65 39 55 45 2 15 18 92 72 79 64 96 -1
92 18 15 83 94 27 21 86 24 31 23 19 3 34 2 45 55 39 17 56 87 80 -1
22 24 86 28 21 27 94 83 35 49 7 52 89 73 42 96 64 92 9 19 -1
22 85 94 27 17 65 61 0 80 63 8 49 52 89 11 64 92 18 15 2 45 -1
91 49 7 25 10 52 100 93 34 83 105 27 95 50 65 39 55 63 12 103 -1
82 26 72 108 36 109 89 52 91 35 15 54 85 94 27 21 -1
27 101 55 63 12 47 62 8 35 34 2 45 38 74 16 103 7 52 100 18 15 83 -1
32 21 86 24 19 82 26 29 43 72 92 18 93 35 8 12 41 104 -1
32 21 86 24 19 82 26 30 43 72 92 18 93 35 8 12 41 -1
36 64 92 67 98 18 66 3 19 82 26 43 72 109 89 52 10 70 103 12 63 -1
53 63 55 101 27 21 46 86 6 3 34 35 8 62 103 7 52 89 73 -1
71 102 19 82 23 9 3 83 2 45 87 55 101 94 6 24 31 33 99 -1
74 38 45 2 83 3 19 33 99 82 23 9 93 35 8 12 63 55 101 94 -1
75 17 27 94 83 15 18 92 64 96 89 52 100 67 93 35 49 7 84 -1
108 72 92 18 34 83 105 27 95 78 39 55 101 94 81 6 54 15 35 49 -1
37 10 52 100 93 3 34 35 8 12 60 41 103 62 53 63 2 15 66 -1
4 36 72 44 82 33 31 71 102 19 9 92 64 96 42 89 52 49 35 2 15 54 -1
75 17 27 94 85 19 3 93 100 91 62 12 74 58 97 87 -1
75 68 21 28 59 27 101 55 63 12 103 70 25 7 52 89 73 -1
102 19 3 15 2 45 38 55 101 27 21 86 51 31 23 9 93 35 8 12 74 -1
69 43 72 108 5 42 96 64 92 18 66 15 2 45 55 101 94 6 24 31 76 -1
44 48 108 5 42 57 40 10 52 100 93 3 22 6 86 28 13 -1
53 63 55 39 17 68 21 86 24 19 82 26 29 30 44 92 18 34 83 94 -1
80 38 12 103 7 84 70 16 74 58 97 87 45 53 90 91 52 89 106 -1
88 51 86 21 27 101 55 39 17 32 13 50 65 56 87 45 2 83 3 9 -1
101 27 17 65 61 0 80 63 8 49 52 10 57 7 103 12 38 55 39 78 95 59 -1
95 17 39 55 45 53 90 91 52 89 106 73 64 92 18 3 15 2 63 80 0 61 -1
109 64 36 107 5 42 57 10 70 7 52 89 11 79 48 92 18 15 2 45 87 56 -1
58 80 55 101 94 6 3 34 35 8 12 60 74 38 63 2 15 54 85 -1
9 93 35 8 12 41 47 58 97 0 87 45 2 34 83 94 27 32 13 -1
14 33 19 85 94 27 95 20 68 21 86 6 3 93 100 52 7 84 -1
78 39 55 63 12 16 74 38 45 2 15 54 24 31 22 3 93 100 52 7 25 -1
88 102 19 9 18 3 85 94 27 95 20 17 39 55 45 2 83 105 -1
46 86 6 54 15 35 49 7 70 10 52 100 93 9 19 33 99 76 102 88 -1
101 94 2 15 18 92 48 109 89 52 91 8 63 45 87 1 56 65 50 13 -1
104 7 52 100 18 9 19 33 76 31 22 54 15 2 45 38 58 -1
108 36 109 89 52 91 90 53 38 87 56 17 68 95 78 0 97 58 74 -1
91 100 18 9 19 102 88 31 33 82 44 72 36 109 89 52 49 35 83 105 27 59 -1
102 33 82 44 72 108 36 109 89 106 57 7 103 62 8 35 93 18 92 64 11 -1
103 70 104 7 52 89 64 92 44 82 99 33 19 3 34 35 8 12 60 -1
26 82 19 85 94 27 17 56 87 45 2 15 54 6 86 21 32 -1
98 3 6 86 28 21 27 101 55 80 58 74 12 62 91 52 89 73 -1
84 70 103 12 63 55 39 87 38 74 41 104 7 49 91 62 47 16 -1
95 27 94 83 15 18 92 64 96 42 5 77 107 109 89 52 7 41 -1
47 41 7 57 42 5 11 89 52 10 25 70 103 62 8 35 34 3 19 33 -1
14 69 43 72 108 5 42 57 40 10 52 100 18 92 44 30 29 -1
81 3 18 92 48 44 82 19 24 22 66 93 100 52 10 -1
74 38 45 2 15 54 24 102 71 31 19 3 34 35 8 62 47 -1
75 17 39 55 45 53 90 35 83 94 27 21 28 59 95 78 0 97 58 74 16 -1
85 3 18 92 64 11 5 109 89 52 49 8 63 55 39 65 50 68 59 -1

0 87 55 101 94 6 24 31 76 69 43 72 109 89 106 73 64 92 9 23 -1
1 87 45 2 15 18 93 35 8 63 80 97 0 56 17 68 21 86 51 102 24 85 -1
4 109 89 52 49 8 63 53 90 91 100 67 3 83 94 27 95 20 -1
11 64 92 18 15 83 105 27 59 95 17 39 55 63 12 -1
11 64 92 18 3 6 86 24 54 15 35 49 7 40 57 42 5 108 72 43 30 -1
66 15 83 105 27 17 39 55 101 94 81 86 21 68 50 65 56 -1
19 85 94 27 17 65 39 55 45 2 15 18 92 72 79 64 96 -1
92 18 15 83 94 27 21 86 24 31 23 9 93 35 2 45 55 39 17 -1
22 6 86 28 21 27 94 83 35 49 7 52 89 73 42 96 64 92 9 19 -1
22 85 94 27 17 65 61 0 80 63 2 15 18 92 64 11 89 52 91 8 53 45 -1
91 49 7 25 10 52 100 18 15 83 105 27 95 50 65 39 55 63 12 103 -1
82 26 72 108 36 109 89 52 91 35 15 54 85 94 2 63 12 60 41 -1
27 101 55 63 12 47 62 8 35 34 2 45 38 74 16 103 7 52 100 18 15 83 -1
32 21 86 24 19 82 26 29 43 72 109 89 52 91 62 12 41 104 -1
32 21 86 24 19 82 26 30 43 72 109 89 52 7 41 12 63 2 15 66 18 98 -1
36 72 92 18 98 3 6 86 28 21 68 75 17 27 94 83 35 49 52 89 96 -1
53 63 55 101 27 21 46 86 6 54 34 35 8 62 103 7 52 89 73 -1
71 102 19 82 23 9 18 15 2 45 87 55 101 94 6 24 31 33 99 -1
74 38 45 2 15 3 19 33 99 82 23 9 93 35 8 12 -1
108 72 92 18 15 83 105 27 17 78 39 55 101 94 81 3 34 35 49 -1
37 7 52 100 93 3 15 2 63 12 60 74 38 55 101 94 6 24 31 33 99 -1
4 36 72 44 82 19 102 71 31 23 9 92 64 96 42 89 52 91 35 2 -1
75 17 27 94 85 19 3 83 2 45 87 56 39 55 63 8 35 93 67 92 48 44 -1
29 30 44 92 67 93 35 49 7 40 57 106 73 79 48 109 89 52 10 70 -1
102 24 54 15 2 45 38 87 56 17 68 21 86 51 31 19 3 34 35 8 12 74 -1
69 43 72 108 5 42 89 52 100 18 66 15 2 45 55 101 94 6 24 31 76 -1
53 63 55 39 17 68 21 86 24 19 82 26 29 43 72 92 18 15 2 45 80 -1
94 83 35 8 62 91 52 89 11 64 92 18 3 6 86 21 68 75 17 56 87 97 -1
63 12 103 70 25 7 52 89 73 64 92 9 19 102 71 86 21 27 101 55 38 74 -1
80 58 74 16 70 84 7 49 8 63 45 87 97 -1
102 24 54 15 35 49 8 63 55 101 27 21 46 86 6 3 18 92 64 96 42 -1
88 102 24 85 94 101 55 39 17 32 13 21 86 6 3 9 66 15 2 63 12 41 -1
101 27 17 65 61 0 80 63 8 49 52 10 57 7 103 12 38 55 39 78 95 59 -1
96 64 92 67 100 52 7 84 70 103 12 63 55 39 17 20 68 21 86 51 102 14 -1
95 27 94 83 35 49 52 89 106 57 7 70 16 74 58 97 -1
109 64 36 107 5 42 57 10 70 7 49 35 83 94 27 21 28 -1
58 38 63 2 94 6 3 93 100 52 10 7 103 62 53 8 35 15 66 -1
78 39 55 63 12 16 74 38 45 2 15 54 24 31 19 9 18 100 52 7 25 -1
88 102 19 9 18 92 64 89 106 57 10 52 100 93 3 15 2 45 80 0 61 -1
86 24 19 82 44 48 92 18 34 83 94 101 55 63 8 49 52 89 11 -1
104 7 52 100 18 9 23 31 76 33 19 3 15 2 45 38 58 -1
108 36 109 89 52 91 8 63 38 87 39 17 32 13 21 86 6 22 -1
91 100 18 9 19 102 88 31 33 99 82 44 48 109 89 52 10 70 -1
102 33 82 44 72 108 36 109 89 106 57 7 103 62 8 35 34 3 19 31 14 -1
103 7 104 10 52 89 64 79 48 92 18 15 2 45 87 1 0 80 38 53 90 91 -1
0 97 58 60 41 7 57 42 5 77 107 36 64 96 89 52 49 35 83 94 27 95 -1
9 3 83 94 27 95 20 17 39 55 45 63 8 49 52 89 64 36 107 -1
26 44 92 18 15 2 45 87 56 39 55 63 12 103 70 7 57 42 5 108 72 43 -1
34 83 94 27 95 50 68 59 32 17 56 87 38 12 103 70 25 -1
47 41 7 57 42 5 11 89 52 10 25 70 103 62 8 35 34 3 19 33 -1
14 69 43 72 109 89 106 57 40 7 103 12 63 55 39 78 17 68 21 28 -1
58 80 55 101 27 21 28 59 95 17 56 87 38 53 90 49 52 89 11 5 -1
81 3 18 92 48 44 82 19 85 94 27 95 68 17 39 55 63 12 16 -1
75 17 56 87 38 53 90 8 63 80 0 61 -1
85 3 18 92 64 11 5 42 89 52 91 35 83 105 27 95 50 32 21 86 6 22 -1
14 33 19 85 81 3 67 92 64 11 89 52 49 8 63 55 39 17 20 -1

0 87 55 101 94 6 22 31 76 69 43 72 109 89 106 73 64 92 9 23 -1
1 87 45 2 15 18 93 35 8 63 80 97 0 56 17 68 21 86 51 102 24 85 -1
4 109 89 52 49 8 63 53 90 91 100 67 3 83 94 27 95 20 -1
11 64 92 18 15 83 105 27 59 95 17 39 55 63 12 -1
11 64 92 18 3 6 86 24 54 15 35 49 7 40 57 42 5 108 72 43 30 -1
66 15 83 105 27 17 39 55 101 94 81 86 21 68 50 65 56 -1
19 85 94 27 17 65 39 55 45 2 15 18 92 72 79 64 96 -1
92 18 15 83 94 27 21 86 51 31 23 9 93 35 2 45 55 39 17 -1
22 6 86 28 21 27 94 83 35 49 7 52 89 73 42 96 64 92 9 19 -1
22 85 94 27 17 65 61 56 39 55 63 2 15 18 92 64 11 -1
91 49 7 25 10 52 100 18 15 83 94 27 95 50 65 39 55 63 12 103 -1
82 26 72 108 36 109 89 52 91 35 15 54 85 94 2 63 12 60 41 -1
27 101 55 63 12 47 62 8 35 34 2 45 38 74 16 103 7 52 100 18 15 83 -1
32 21 86 24 19 82 26 29 43 72 109 89 52 91 62 12 41 104 -1
32 21 86 24 19 82 26 30 43 72 109 89 52 91 62 12 41 7 49 35 15 66 -1
36 64 92 67 98 18 66 15 35 49 52 89 42 73 79 72 43 69 -1
53 63 55 101 27 21 46 86 81 94 83 35 8 62 103 7 52 89 73 -1
71 102 19 82 23 9 18 15 2 45 87 55 101 94 6 24 31 33 99 -1
74 38 45 2 15 3 19 33 99 82 26 72 109 89 52 91 62 12 -1
75 17 27 94 83 15 18 92 64 96 89 52 100 67 93 35 49 7 84 -1
108 72 92 18 15 83 105 27 17 78 39 55 101 94 81 3 93 35 49 -1
37 7 52 100 93 3 15 2 63 12 60 74 38 55 101 94 6 24 19 33 99 -1
4 36 72 44 82 33 31 71 102 19 9 92 64 96 42 89 52 91 35 2 -1
75 17 27 94 85 19 3 83 2 45 87 56 39 55 63 8 91 100 67 92 48 44 -1
75 68 21 28 59 27 101 55 63 12 103 70 25 7 52 89 73 -1
29 43 72 92 67 93 35 49 7 40 57 106 73 79 48 109 89 52 10 70 -1
102 24 6 94 101 55 38 87 56 17 68 21 86 51 31 19 3 34 35 8 12 74 -1
53 63 55 39 17 68 21 86 24 19 82 26 29 30 44 72 109 89 52 49 -1
80 63 8 49 7 84 70 16 60 58 97 87 38 53 90 91 52 89 106 -1
102 24 54 15 35 49 8 63 55 101 27 21 46 86 6 3 9 92 64 96 42 -1
88 51 86 21 27 101 55 39 17 32 13 50 65 0 87 45 2 15 18 9 -1
101 55 39 56 61 0 80 63 8 49 52 10 57 42 96 64 92 44 -1
74 58 80 55 101 94 85 22 6 86 21 13 32 27 105 83 34 -1
95 27 94 83 35 49 52 89 106 11 64 92 18 3 15 2 63 80 0 61 -1
109 64 36 107 5 42 57 10 70 7 52 100 18 9 23 33 99 76 102 88 -1
8 35 93 9 23 33 19 3 18 100 52 7 25 70 16 12 63 2 94 6 24 31 -1
9 66 15 2 63 12 41 47 58 97 0 87 55 101 94 83 34 -1
45 2 35 49 52 89 11 64 92 18 15 83 94 27 17 75 50 65 0 97 -1
14 33 19 85 94 27 95 20 68 21 86 6 3 67 92 48 -1
78 39 55 63 12 16 70 10 52 89 64 79 72 92 18 100 91 49 7 84 -1
45 55 101 94 6 22 31 76 69 43 72 109 89 52 7 104 70 103 47 58 -1
101 94 85 3 67 92 48 109 89 52 91 8 63 45 87 1 0 65 50 13 -1
108 36 109 89 52 91 90 53 38 87 39 17 95 59 27 101 55 63 8 49 7 57 -1
91 100 18 9 23 33 102 88 31 19 82 26 29 43 44 92 67 93 35 2 45 80 -1
102 33 82 26 72 108 36 109 89 106 57 7 103 16 74 -1
101 94 6 3 18 92 64 11 5 109 89 52 7 103 47 -1
9 3 85 94 27 95 20 17 39 55 45 2 15 66 93 35 8 53 90 49 52 10 -1
26 44 92 18 15 2 45 87 56 39 55 63 12 103 70 41 47 62 91 52 89 11 -1
98 3 6 86 28 21 27 101 55 80 58 74 12 8 49 52 89 73 -1
34 83 105 27 95 50 68 59 32 17 39 55 63 12 16 70 84 -1
95 27 94 83 15 18 92 64 96 42 5 77 107 109 89 52 7 41 -1
14 69 43 72 109 89 106 57 40 7 70 16 12 63 55 39 78 -1
81 3 67 92 48 44 82 19 24 6 94 27 17 78 39 55 63 8 -1
74 38 45 2 94 6 24 102 71 31 22 3 34 35 8 62 47 -1
75 17 39 55 45 53 90 35 83 94 27 21 28 13 50 65 0 87 38 12 103 -1
25 7 57 42 5 109 64 92 18 66 85 3 93 100 52 89 106 -1

0 87 55 101 94 6 22 31 76 69 43 72 109 89 106 73 64 92 9 23 -1
1 87 45 2 15 18 93 35 8 63 80 97 0 56 17 68 21 86 51 31 22 85 -1
4 109 89 52 49 8 63 53 90 91 100 67 3 83 94 27 95 20 -1
11 64 92 18 15 83 105 27 59 95 17 39 55 63 12 -1
11 64 92 18 3 6 86 24 54 15 35 49 7 40 57 42 5 108 72 26 30 -1
66 15 83 105 27 17 39 55 101 94 81 86 21 68 50 65 56 -1
19 85 94 27 17 65 39 55 45 2 15 18 92 72 79 64 96 -1
92 18 15 83 105 27 21 86 24 31 23 19 85 94 101 55 39 17 -1
22 6 86 28 21 27 94 83 35 49 7 52 89 73 42 96 64 92 9 19 -1
22 85 94 27 17 65 61 56 39 55 63 2 15 18 92 64 11 -1
91 49 7 25 10 52 100 18 15 83 94 27 95 50 65 39 55 63 12 103 -1
82 26 44 92 18 15 2 45 87 56 17 27 94 85 19 24 86 21 68 75 -1
27 101 55 63 12 47 62 8 35 34 2 45 38 74 16 103 7 52 100 18 15 83 -1
32 21 86 24 19 82 26 29 43 72 92 18 100 91 62 12 41 104 -1
32 21 86 24 19 82 26 30 43 72 92 18 100 91 62 12 41 7 49 35 15 66 -1
36 109 64 92 18 15 83 94 2 35 8 62 91 52 89 11 -1
36 64 92 67 98 18 66 15 35 49 52 89 42 73 79 72 43 69 -1
43 72 108 5 42 57 106 73 64 92 44 48 109 89 52 7 40 -1
53 63 55 101 27 21 46 86 81 94 83 35 8 62 103 7 52 89 73 -1
85 54 15 35 91 52 89 11 5 108 72 92 18 34 83 105 27 17 78 -1
71 102 19 82 23 31 24 85 94 101 55 63 8 49 35 83 105 81 -1
74 38 45 2 15 3 19 33 99 76 31 24 6 94 101 55 87 97 58 -1
75 17 27 94 83 15 18 92 64 96 89 52 100 67 93 35 49 7 84 -1
102 24 85 94 2 83 3 19 31 71 86 6 66 9 92 64 36 4 -1
37 7 52 100 18 3 34 35 8 12 60 41 74 38 45 2 15 66 9 -1
75 68 21 28 59 27 101 55 63 12 103 70 25 7 52 89 73 -1
29 30 44 92 18 93 35 49 7 40 10 52 100 67 3 19 33 14 -1
102 24 6 94 101 55 38 87 56 17 68 21 86 51 31 19 3 34 35 8 12 74 -1
53 63 55 39 17 68 21 86 24 19 82 26 29 43 72 92 18 15 2 45 80 -1
81 105 27 17 78 39 55 63 12 16 74 38 45 2 15 3 22 31 -1
80 63 8 49 7 84 70 16 74 58 97 87 38 53 90 91 52 89 106 -1
99 82 19 3 34 35 8 12 63 45 87 1 97 58 47 41 7 52 89 64 92 48 -1
52 100 18 9 23 31 22 3 15 35 49 7 25 -1
71 31 19 9 92 64 96 42 89 52 91 35 2 15 54 85 94 101 55 63 8 -1
88 51 86 21 27 101 55 45 2 35 93 9 23 19 3 34 -1
101 55 39 56 61 0 80 63 8 49 7 57 106 73 64 92 18 15 83 105 27 59 -1
108 72 44 82 19 85 81 3 9 92 48 109 89 52 49 8 63 38 87 56 -1
95 27 94 83 15 18 92 64 89 106 57 10 52 100 93 3 34 2 63 80 0 61 -1
109 64 36 107 108 79 73 89 52 7 70 41 12 8 35 34 3 9 92 48 -1
8 35 15 3 19 33 23 9 18 100 52 7 25 40 57 42 5 -1
9 3 6 86 28 13 68 17 56 87 55 101 27 59 95 50 65 0 80 45 2 34 -1
45 63 8 49 52 89 11 64 92 18 15 83 94 27 17 75 50 65 0 97 -1
14 33 19 85 94 27 95 20 68 21 86 81 3 9 92 48 -1
88 31 19 9 18 3 85 94 27 95 20 17 39 55 45 -1
46 86 6 54 15 35 49 8 63 55 39 17 68 95 27 105 83 34 18 92 64 -1
101 94 85 19 82 44 48 92 18 66 54 24 6 81 105 27 17 78 39 55 63 8 -1
104 7 52 89 64 92 9 19 33 76 31 51 86 21 68 20 -1
91 35 34 3 19 31 88 102 33 99 82 44 48 109 89 52 7 70 -1
102 19 82 44 72 108 48 92 18 15 2 45 87 1 97 80 38 53 90 91 -1
103 7 104 70 16 12 63 55 87 1 0 65 50 13 21 86 6 22 85 94 27 95 -1
0 97 58 74 41 7 57 42 5 77 107 109 64 96 89 52 49 35 83 105 27 95 -1
101 27 105 83 15 18 92 64 11 5 109 89 52 7 103 47 -1
98 3 6 86 28 21 27 101 55 80 58 47 103 7 52 89 96 -1
84 7 103 12 63 55 39 87 38 74 41 104 10 52 100 18 9 23 -1
60 12 8 35 15 54 85 3 93 100 52 89 106 57 7 103 62 -1
74 12 63 2 15 54 24 102 71 86 21 27 101 55 80 58 47 -1

0 87 55 101 94 6 22 31 76 69 43 72 109 89 106 73 64 92 9 23 -1
1 87 45 2 15 18 93 35 8 63 80 97 0 56 17 68 21 86 51 31 22 85 -1
4 107 48 92 18 15 2 63 8 91 100 67 3 83 94 27 95 20 -1
11 64 92 18 15 83 105 27 59 95 17 39 55 63 12 -1
11 64 92 18 3 6 86 24 54 15 35 49 7 40 57 42 5 108 72 26 30 -1
66 15 83 105 27 17 39 55 101 94 81 86 21 68 50 65 56 -1
19 85 94 27 17 65 39 55 45 2 15 18 92 72 79 64 96 -1
92 18 15 83 105 27 21 86 24 31 23 19 85 94 101 55 39 17 -1
22 6 86 28 21 27 94 83 35 49 7 52 89 73 42 96 64 92 9 19 -1
22 85 94 27 17 56 61 65 39 55 63 2 15 18 92 64 11 -1
91 49 7 25 10 52 100 18 15 83 94 27 95 50 65 39 55 63 12 103 -1
82 26 44 92 18 15 2 45 87 56 17 27 94 85 19 24 86 21 68 75 -1
27 101 55 63 12 47 62 8 35 34 2 45 38 74 16 103 7 52 100 18 15 83 -1
32 21 86 24 19 82 26 29 43 72 92 18 34 35 8 12 41 104 -1
32 21 86 24 19 82 26 30 43 72 92 18 34 35 8 12 41 7 52 100 93 66 -1
36 109 64 92 18 15 83 94 2 35 8 62 12 63 55 101 27 21 86 -1
36 64 92 67 98 18 66 15 35 49 52 89 42 73 79 72 43 69 -1
43 72 108 5 42 57 106 73 64 92 44 48 109 89 52 7 40 -1
53 63 55 101 27 21 46 86 81 94 83 35 8 62 103 7 52 89 73 -1
85 54 3 18 100 91 52 89 11 5 108 72 92 9 66 15 83 105 27 17 78 -1
71 102 19 82 23 31 24 85 94 101 55 63 8 49 35 83 105 81 -1
74 38 45 2 15 3 19 33 99 76 31 24 6 94 101 55 87 97 58 -1
75 17 27 94 83 15 18 92 64 96 89 52 100 67 93 35 49 7 84 -1
90 49 52 89 109 64 36 107 5 42 57 7 70 103 12 63 -1
102 24 85 94 2 83 3 19 31 71 86 6 66 18 92 48 107 4 -1
37 7 52 100 18 3 34 35 8 12 60 41 74 38 55 101 94 85 66 9 -1
75 68 21 28 59 27 101 55 63 12 103 70 25 7 52 89 73 -1
29 43 72 92 18 93 35 49 7 40 10 52 100 67 3 19 33 14 -1
102 24 85 94 101 55 38 87 56 17 68 21 86 51 31 19 3 34 35 8 12 74 -1
53 63 55 39 17 68 21 86 24 19 82 26 29 43 44 72 109 89 52 49 -1
81 105 27 17 78 39 55 63 12 16 74 38 45 2 83 3 22 31 -1
80 63 8 49 7 84 70 16 74 58 97 87 38 53 62 91 52 89 106 -1
99 82 19 3 34 35 8 12 63 45 87 1 56 17 27 94 83 15 18 92 48 -1
52 100 18 9 23 31 22 3 15 35 49 7 25 -1
71 31 19 9 92 64 96 42 89 52 91 35 2 15 54 85 94 101 55 63 8 -1
88 51 86 21 27 101 55 45 2 34 93 9 23 82 44 48 109 89 52 7 70 -1
101 55 39 65 61 0 80 63 12 103 7 57 106 73 64 92 18 15 83 105 27 59 -1
108 72 26 82 19 85 81 3 18 92 48 44 43 69 99 33 23 9 93 35 8 -1
95 27 94 83 15 18 92 64 73 106 89 52 100 93 3 34 2 63 80 0 61 -1
9 3 6 86 28 13 68 17 56 87 45 2 15 18 92 72 108 48 44 82 19 102 -1
45 2 35 91 52 89 11 64 92 18 15 83 94 27 17 75 50 65 0 97 -1
14 33 19 3 83 94 27 95 20 68 21 86 24 54 15 35 49 7 84 -1
88 102 19 9 18 3 22 31 76 69 43 72 109 89 52 7 104 70 103 16 74 58 -1
46 86 6 54 15 35 49 91 100 67 92 48 109 89 52 7 103 12 63 80 0 -1
91 35 34 3 19 102 88 31 33 99 82 44 72 109 89 52 7 70 -1
0 80 38 12 41 7 57 42 5 77 107 109 64 96 89 52 49 35 83 105 27 95 -1
101 27 105 83 15 18 92 64 11 5 42 57 7 103 47 12 63 2 94 81 86 71 -1
8 63 55 39 87 38 74 16 70 84 7 52 89 73 79 72 -1
9 3 83 94 27 95 20 17 39 55 45 2 15 66 93 35 8 53 90 49 52 10 -1
98 3 6 86 28 21 27 101 55 80 58 38 63 8 49 52 89 73 -1
34 83 105 27 95 50 68 59 32 17 56 87 55 101 94 85 54 -1
33 23 9 18 100 52 7 25 40 57 42 5 -1
74 12 8 35 15 54 24 102 71 31 19 9 92 64 73 -1
75 17 39 55 45 53 90 35 83 94 27 21 28 59 95 50 65 0 -1
6 94 101 55 39 87 38 12 41 104 7 52 89 64 92 18 34 83 105 27 59 68 -1
8 63 55 39 78 95 27 94 6 3 93 100 52 10 40 -1

0 87 55 101 94 6 22 31 76 69 43 72 109 89 106 73 64 92 9 23 -1
1 87 45 2 15 18 93 35 8 63 80 97 0 56 17 68 21 86 51 31 22 85 -1
4 107 48 92 18 15 2 63 8 91 100 67 3 83 94 27 95 20 -1
11 64 92 18 15 83 105 27 59 95 17 39 55 63 12 -1
11 64 92 18 3 6 86 24 54 15 35 49 7 40 57 42 5 108 72 26 30 -1
66 15 83 105 27 17 39 55 101 94 81 86 21 68 50 65 56 -1
19 85 94 27 17 65 0 87 45 2 15 18 92 72 79 11 96 -1
92 18 15 83 94 27 21 86 6 22 31 23 9 93 35 2 45 55 39 17 -1
22 6 86 28 21 27 94 83 35 49 7 52 89 73 42 96 64 92 9 19 -1
22 6 94 27 17 56 61 0 87 45 2 15 18 92 64 11 -1
91 49 7 25 10 52 100 18 15 83 105 27 95 50 65 39 55 63 12 103 -1
82 26 44 92 18 15 2 45 87 56 17 27 94 85 19 24 86 21 68 75 -1
27 101 55 63 12 47 62 8 35 34 2 45 38 74 16 103 7 52 100 18 15 83 -1
32 21 86 24 19 82 26 29 43 72 92 18 34 35 8 12 41 104 -1
32 21 86 6 3 18 92 72 26 30 44 82 19 24 54 34 35 8 12 41 -1
36 109 64 92 18 15 83 94 2 35 8 62 12 63 55 101 27 21 86 -1
36 64 92 67 98 18 66 9 23 82 26 43 72 108 5 42 57 106 73 79 48 44 -1
53 63 55 101 27 21 46 86 81 105 83 35 8 62 103 7 52 89 73 -1
85 54 3 18 100 91 49 7 57 42 5 108 72 92 9 66 15 83 105 27 17 78 -1
71 102 19 82 23 31 22 6 94 101 27 105 83 35 49 8 63 2 15 3 81 -1
74 38 45 2 15 3 19 33 99 76 31 24 85 94 101 55 87 97 58 -1
75 17 27 94 83 15 18 92 64 96 89 52 100 67 93 35 49 7 84 -1
90 35 15 18 92 64 109 11 5 107 36 79 73 106 57 7 70 103 12 63 -1
37 7 49 35 34 3 83 2 63 12 60 41 103 62 91 100 18 66 -1
4 36 72 26 82 19 102 71 31 23 9 92 64 96 42 73 79 48 44 43 69 99 -1
75 68 21 28 59 27 101 55 63 12 103 70 25 7 52 89 73 -1
29 30 44 92 18 93 35 49 7 40 57 106 73 79 48 -1
102 24 85 94 101 55 38 87 56 17 68 21 86 51 31 19 3 34 35 8 12 74 -1
53 63 55 39 17 68 21 86 24 19 82 26 29 43 72 92 18 15 2 45 80 -1
81 105 27 17 78 39 55 63 12 16 74 38 45 2 15 3 22 31 -1
80 63 8 49 7 84 70 16 74 58 97 87 55 101 94 6 66 18 92 64 11 106 -1
99 82 19 3 34 35 8 12 63 80 0 1 87 45 2 15 18 92 48 -1
52 89 64 92 9 23 31 22 66 18 100 91 49 7 25 -1
88 51 86 21 27 101 55 39 17 32 13 50 65 0 87 45 2 15 3 9 -1
101 27 17 56 61 0 80 63 12 103 7 57 106 11 64 92 18 66 6 86 21 59 -1
74 12 62 91 52 89 64 92 18 66 85 3 34 35 49 7 41 60 -1
108 72 26 82 19 22 6 81 3 18 92 48 109 11 106 57 7 103 12 38 87 56 -1
95 27 94 81 3 18 92 64 11 106 89 52 91 62 8 35 34 66 22 31 14 -1
2 35 91 52 89 42 57 7 103 62 53 63 55 101 27 21 46 -1
8 35 15 3 19 33 23 9 18 100 52 7 25 40 57 42 5 -1
9 18 100 91 62 103 41 12 63 80 0 87 55 101 27 21 28 86 6 3 98 -1
14 33 19 3 83 94 27 95 20 68 21 86 6 66 18 92 48 109 89 52 7 70 -1
88 31 19 9 18 3 22 24 102 71 86 21 27 101 55 38 74 -1
46 86 6 54 15 35 49 8 63 55 39 17 68 95 27 94 83 34 18 92 64 -1
101 94 83 15 18 92 48 44 82 19 24 85 81 105 27 17 78 39 55 63 8 -1
104 7 52 89 64 92 9 23 33 76 102 51 86 21 68 20 17 39 55 45 -1
91 35 15 3 19 102 88 31 33 99 82 44 48 109 89 52 7 70 -1
102 19 82 44 72 108 48 92 18 15 2 45 87 1 0 80 63 8 91 49 7 40 -1
103 7 104 70 16 12 8 35 34 18 92 72 109 89 106 57 37 84 -1
2 15 54 85 94 27 17 56 87 55 63 12 103 70 10 57 106 73 79 72 43 -1
101 27 105 83 15 18 92 64 11 5 42 57 7 103 47 -1
34 83 105 27 95 50 68 59 32 17 56 87 55 101 94 81 86 71 -1
84 7 103 12 63 55 39 17 32 21 86 24 19 82 26 30 -1
75 17 56 87 97 80 45 2 15 18 92 44 26 29 30 69 99 33 31 88 -1
95 27 94 83 15 18 92 64 96 42 5 77 107 109 89 52 7 41 -1
14 33 19 9 92 64 11 106 57 40 7 52 100 67 18 15 35 8 53 -1

0 87 55 101 94 6 22 31 76 69 43 72 109 89 106 73 64 92 9 23 -1
1 87 45 2 15 18 93 35 8 63 80 97 0 56 17 68 21 86 51 31 22 85 -1
4 107 48 92 18 15 2 63 8 91 100 67 3 81 86 21 68 20 95 -1
11 64 92 18 15 83 105 27 59 95 17 39 55 63 12 -1
11 64 92 18 3 81 86 6 66 93 100 52 10 40 57 42 5 108 72 26 30 -1
66 15 83 105 27 17 68 21 86 81 94 2 45 87 56 -1
19 85 94 27 17 65 78 95 68 21 86 6 3 83 2 63 53 -1
22 6 86 28 21 27 94 83 35 49 7 52 100 18 92 72 26 30 -1
22 6 94 27 17 56 61 65 39 55 63 2 15 18 92 64 11 -1
91 49 7 25 10 52 100 18 15 83 94 27 95 50 65 39 55 63 12 103 -1
82 26 44 92 18 15 2 45 87 56 17 27 94 85 19 3 93 100 52 10 57 42 -1
27 101 55 63 12 47 62 8 35 34 2 45 38 74 16 103 7 52 100 18 15 83 -1
32 21 86 24 19 82 26 29 43 72 92 18 34 35 8 12 41 104 -1
32 27 94 83 3 18 92 72 26 30 44 82 19 24 54 34 35 8 12 41 -1
36 109 64 92 18 15 83 94 2 35 8 62 91 100 93 3 6 86 -1
36 64 92 67 98 18 66 9 23 82 26 43 72 108 5 42 57 106 11 79 48 44 -1
53 63 55 101 27 21 46 86 81 94 83 35 8 62 103 7 57 106 73 42 -1
85 54 15 35 91 100 67 92 72 108 48 44 82 19 3 83 105 94 101 -1
71 102 19 82 44 72 109 89 106 57 37 10 52 100 93 3 34 35 8 12 60 41 -1
74 38 45 2 15 3 19 33 99 76 31 22 85 94 101 55 87 97 58 -1
75 17 27 94 85 3 67 92 64 96 42 57 7 103 12 63 45 2 15 66 6 -1
90 91 52 89 109 64 36 107 5 42 57 7 70 103 12 63 8 35 15 54 34 2 -1
102 19 3 15 2 34 54 22 31 71 86 6 66 18 92 48 107 4 -1
75 17 27 94 85 19 9 92 64 11 42 57 7 103 12 63 45 -1
75 68 21 28 59 27 94 2 63 12 103 70 25 7 57 106 73 -1
29 26 44 92 18 93 3 85 94 27 17 75 50 65 0 97 58 74 41 7 84 -1
102 19 3 15 2 63 38 87 56 17 68 21 86 51 -1
66 34 35 8 12 41 7 57 106 89 64 92 9 3 6 86 28 13 68 17 56 87 -1
69 43 72 109 11 42 89 52 100 93 3 19 102 71 31 22 85 94 2 63 38 74 -1
101 94 83 35 49 91 100 93 3 81 105 27 17 78 39 55 63 12 16 -1
80 58 74 41 7 84 70 103 12 8 91 100 67 92 64 11 42 57 40 -1
99 82 19 3 34 35 8 12 63 2 15 54 22 31 23 9 18 100 91 62 103 16 -1
23 19 24 86 21 27 101 55 63 12 47 103 7 57 42 5 11 89 52 10 25 -1
108 72 92 18 15 83 105 27 94 6 86 71 31 19 3 34 35 8 62 47 -1
40 57 42 5 36 48 92 18 15 2 45 87 56 0 80 63 12 103 70 -1
102 19 3 93 35 49 8 63 55 101 27 21 46 86 6 54 15 18 92 44 43 -1
88 102 24 85 94 101 55 87 56 17 68 13 28 86 6 22 3 83 105 27 95 50 -1
101 55 39 65 61 0 80 63 12 103 7 57 10 52 49 35 83 105 27 17 78 -1
72 92 18 15 2 63 55 39 65 17 27 94 6 24 102 88 31 22 54 34 35 91 -1
95 27 94 83 34 93 100 52 89 106 57 7 41 74 58 97 -1
58 38 63 2 94 6 3 34 35 8 12 60 41 7 52 100 93 66 85 -1
8 35 15 3 19 33 31 24 22 66 18 92 48 -1
14 102 51 86 21 68 20 17 27 94 85 3 9 18 15 2 63 80 0 61 -1
104 7 52 89 64 92 9 23 33 76 102 51 86 21 68 20 17 56 87 45 -1
108 72 92 18 15 2 45 87 39 17 95 59 68 50 32 27 105 83 34 -1
102 19 82 44 72 108 48 92 18 15 2 45 87 1 97 80 63 8 91 62 53 -1
103 7 104 41 12 63 55 87 1 56 17 50 13 32 27 94 2 45 38 74 16 -1
8 63 55 39 0 97 58 74 41 70 84 7 52 100 93 3 6 86 -1
31 19 9 18 100 52 7 25 70 103 62 8 35 15 3 85 24 102 33 -1
98 3 6 86 28 21 27 101 55 80 58 47 103 7 57 106 73 -1
99 33 19 9 18 100 52 7 70 10 57 106 73 79 72 43 44 92 64 96 -1
95 27 94 85 3 18 92 64 96 42 5 77 107 109 89 52 7 41 -1
14 69 30 26 72 36 5 42 57 40 7 49 35 93 18 92 44 43 29 -1
75 17 39 55 63 8 90 35 83 105 27 21 28 13 50 65 0 87 45 2 34 -1
88 31 33 99 82 44 72 109 89 52 91 35 2 63 55 39 78 -1
8 63 55 39 78 0 80 58 74 41 7 40 10 52 49 90 53 45 87 56 65 -1

0 87 55 101 94 6 22 31 76 69 43 72 109 89 106 73 64 92 9 23 -1
1 87 45 2 15 18 93 35 8 63 80 97 0 56 17 68 21 86 51 31 22 85 -1
4 107 48 92 18 15 2 63 8 91 100 67 3 81 86 21 68 20 95 -1
11 64 92 18 15 83 105 27 59 95 17 39 55 63 12 -1
11 64 92 18 3 81 86 6 54 15 35 49 7 40 57 42 5 108 72 26 30 -1
66 15 83 105 27 17 68 21 86 81 94 2 45 87 56 -1
19 85 94 27 17 65 78 95 68 21 86 6 3 83 2 63 53 -1
22 6 86 28 21 27 94 2 35 49 7 57 106 73 42 89 52 100 67 3 19 -1
22 6 94 27 17 56 61 65 39 55 63 2 15 18 92 64 11 -1
91 49 7 25 10 52 100 18 15 83 94 27 95 50 65 39 55 63 12 103 -1
82 26 44 92 18 15 2 45 87 56 17 27 94 85 19 24 86 21 68 75 -1
27 101 55 63 12 47 62 8 35 34 2 45 38 74 16 103 7 52 100 18 15 83 -1
32 21 86 24 19 82 26 29 43 72 92 18 34 35 8 12 41 104 -1
32 21 86 6 3 18 92 72 26 30 44 82 19 24 54 34 35 8 12 41 -1
36 109 64 92 18 15 83 94 2 35 8 62 91 100 93 3 6 86 -1
36 64 92 67 98 18 66 9 23 82 26 43 72 108 5 42 57 106 73 79 48 44 -1
53 63 55 101 27 21 46 86 81 94 83 35 8 62 103 7 52 89 73 -1
85 54 15 35 91 49 7 57 42 5 108 36 64 92 18 34 83 105 94 101 -1
71 102 19 82 23 31 22 85 94 101 55 39 56 61 -1
74 12 8 35 15 3 19 33 99 76 31 24 85 94 101 55 87 38 58 -1
75 17 27 94 85 3 67 92 64 96 89 52 100 93 34 2 45 -1
90 91 100 18 92 64 109 11 5 107 48 79 73 106 57 7 70 103 12 63 -1
102 24 85 94 2 15 54 22 31 71 86 81 3 18 92 48 107 4 -1
37 7 52 100 93 3 83 2 63 12 60 41 47 62 90 35 15 66 -1
75 68 21 28 59 27 101 55 63 12 103 70 25 7 52 89 73 -1
29 30 44 92 18 93 35 49 7 40 57 106 73 79 48 -1
102 24 85 94 2 45 38 87 56 17 68 21 86 51 31 19 3 34 35 8 12 74 -1
69 43 72 108 5 42 73 64 92 18 3 19 102 71 86 21 27 101 55 38 74 -1
81 94 27 17 78 39 55 63 12 16 74 38 45 2 15 54 22 31 -1
80 38 74 41 7 84 70 16 60 58 97 87 55 63 2 35 49 52 89 106 -1
23 19 24 86 21 27 101 55 63 12 47 103 7 57 42 5 11 89 52 10 25 -1
52 89 64 92 9 23 31 19 3 18 100 91 49 7 25 -1
102 19 3 34 35 49 8 63 55 101 27 21 46 86 6 66 18 92 64 11 42 -1
88 102 24 6 94 101 55 45 2 34 93 9 23 19 85 81 105 27 17 -1
72 92 18 15 83 94 27 17 65 39 55 45 2 34 93 9 19 102 88 -1
95 27 94 2 35 91 52 89 106 57 7 103 62 -1
58 38 63 2 94 6 3 15 35 90 62 12 60 41 7 52 100 93 34 54 85 -1
9 3 81 86 28 13 68 17 56 87 55 101 94 83 15 18 92 72 108 -1
9 93 35 8 12 41 47 58 97 0 87 45 2 34 83 94 27 95 50 68 59 -1
45 63 8 49 52 89 11 64 92 18 3 85 94 27 17 75 50 65 0 97 -1
14 102 51 86 21 68 20 95 27 94 85 3 9 18 34 35 8 12 16 -1
45 55 101 94 85 24 31 76 69 43 72 92 18 34 35 8 12 41 104 70 103 -1
56 87 45 2 15 18 92 48 109 89 52 49 35 83 94 101 55 38 74 41 7 40 -1
84 7 52 100 67 92 64 11 106 57 40 25 70 16 12 8 35 34 3 19 102 14 -1
91 35 93 9 19 102 88 31 33 99 69 43 72 109 89 52 7 70 -1
1 87 45 2 15 18 92 48 72 43 69 99 33 19 3 34 35 49 7 25 -1
8 63 55 39 87 38 12 16 70 84 7 52 100 93 3 6 86 -1
45 2 94 27 95 20 68 21 86 24 31 76 33 23 9 18 98 -1
98 3 6 86 28 59 27 101 55 80 58 47 103 7 52 89 96 -1
95 27 94 85 3 67 92 64 96 42 5 77 107 109 89 52 7 41 -1
75 17 27 94 83 35 90 49 52 100 18 3 6 86 28 21 68 50 65 0 -1
8 63 55 39 78 65 56 87 38 12 41 7 40 10 52 91 35 83 105 27 95 -1
53 8 49 52 10 70 16 12 63 2 94 27 95 20 68 21 86 24 19 82 44 -1
13 21 86 6 22 85 94 27 95 50 17 39 55 63 8 49 52 89 42 -1
14 31 24 6 81 3 18 92 64 73 106 89 52 100 93 34 54 85 94 27 21 46 -1
80 63 8 35 93 18 92 44 26 29 43 69 14 102 51 86 21 68 -1

0 87 55 101 94 6 22 31 76 69 43 72 109 89 106 73 64 92 9 23 -1
1 87 45 2 15 18 93 35 8 63 80 97 0 56 17 68 21 46 51 86 6 85 -1
4 107 48 92 18 15 2 63 8 91 100 67 3 81 86 21 68 20 95 -1
11 64 92 18 15 83 105 27 59 32 17 39 55 63 12 -1
11 64 92 18 3 6 86 24 54 15 35 49 7 40 57 42 5 108 72 26 30 -1
66 15 83 105 27 17 68 21 86 81 94 2 45 87 56 -1
19 85 94 27 17 65 78 95 68 21 86 6 3 83 2 63 53 -1
22 6 86 28 21 27 94 2 35 49 7 57 106 73 42 89 52 100 67 3 19 -1
22 6 94 27 17 56 61 65 39 55 63 2 15 18 92 64 11 -1
91 49 7 25 10 52 100 18 15 83 94 27 95 50 65 0 80 63 12 103 -1
82 26 44 92 18 15 2 45 87 56 17 27 94 85 19 24 86 21 68 75 -1
27 101 55 63 12 47 62 8 35 34 2 45 38 74 16 103 7 52 100 18 15 83 -1
32 21 86 24 19 82 26 29 43 72 92 18 34 35 8 12 41 104 -1
32 21 86 6 3 18 92 72 26 30 44 82 19 24 54 34 35 8 12 41 -1
36 109 64 92 18 15 83 94 2 35 8 62 91 100 93 3 6 86 -1
36 64 92 67 98 93 66 9 23 82 26 43 72 108 5 42 57 106 73 79 48 44 -1
53 45 87 56 17 68 21 46 86 81 94 2 63 12 103 7 52 89 73 -1
85 54 15 35 91 49 7 57 42 5 108 36 64 92 18 34 83 105 94 101 -1
71 86 24 19 82 23 31 22 85 94 101 55 39 65 61 -1
74 12 8 35 15 3 19 33 99 76 31 24 85 94 101 55 87 38 58 -1
75 17 27 94 85 3 67 92 64 96 89 52 100 93 34 2 45 -1
90 91 100 18 92 64 109 11 5 107 48 79 73 106 57 7 70 103 12 63 -1
102 24 6 94 2 15 54 22 31 71 86 81 3 18 92 48 107 4 -1
37 7 52 100 93 3 83 2 63 12 60 41 70 10 57 106 73 64 92 9 66 -1
75 68 21 28 59 27 94 2 63 12 103 70 25 7 52 89 73 -1
29 26 44 92 18 93 35 49 7 40 57 106 73 79 48 -1
102 24 85 94 101 55 38 87 56 17 68 21 86 51 31 19 3 34 35 8 12 74 -1
69 43 72 108 5 42 73 64 92 18 3 19 102 71 86 21 27 101 55 38 74 -1
81 94 27 17 78 39 55 63 12 16 74 38 45 2 15 54 22 31 -1
80 38 74 41 7 84 70 16 12 63 45 87 97 -1
23 19 24 86 21 27 101 55 63 12 47 103 7 57 42 5 11 89 52 10 25 -1
52 89 64 92 9 23 31 19 3 18 100 91 49 7 25 -1
81 105 83 35 49 8 12 38 55 101 94 6 24 102 31 23 -1
88 51 86 21 27 101 55 87 56 17 68 59 28 46 -1
72 92 18 15 2 63 55 39 65 17 27 21 86 51 88 31 19 3 34 35 91 -1
74 47 103 7 52 89 64 92 9 19 33 99 82 44 48 109 11 106 57 10 70 -1
108 48 92 18 3 81 85 19 33 14 102 51 86 21 68 20 95 27 94 6 66 9 -1
95 27 94 83 35 91 52 89 106 57 7 41 12 38 80 97 87 56 17 75 -1
58 80 55 101 94 6 3 83 2 63 12 60 74 38 53 8 35 15 54 85 -1
9 3 81 86 28 13 68 17 56 87 55 101 94 83 15 18 92 72 108 -1
45 2 35 91 52 89 11 64 92 18 34 83 94 27 17 75 -1
80 45 2 15 54 22 3 81 86 28 13 32 27 94 83 34 -1
45 55 101 94 85 19 33 76 69 43 72 92 18 34 35 8 12 41 104 70 103 -1
46 86 6 54 34 35 49 7 70 103 12 38 87 56 17 27 94 85 3 9 92 48 -1
101 94 85 3 18 92 48 44 82 19 9 93 35 2 45 87 1 0 80 63 8 91 -1
84 7 52 100 67 92 64 11 106 57 40 104 41 12 63 2 94 85 19 33 14 -1
0 87 38 12 41 7 57 42 5 77 107 109 64 96 89 52 91 35 83 94 27 95 -1
8 63 55 39 87 38 12 16 70 84 7 52 100 93 3 6 86 -1
17 27 94 85 19 23 9 18 34 2 63 80 0 65 50 68 59 -1
45 2 94 27 95 20 68 21 86 24 31 76 33 23 9 93 98 -1
98 3 6 86 28 21 27 101 55 80 58 47 103 7 52 89 96 -1
43 72 92 18 15 3 19 82 26 29 30 44 48 109 89 52 91 8 63 80 -1
33 19 9 18 100 52 7 25 40 57 106 73 64 92 67 3 15 35 8 53 -1
75 17 39 55 63 53 90 35 83 94 27 21 28 59 95 50 65 0 -1
88 31 33 99 82 23 9 93 35 8 12 60 74 38 55 101 27 21 86 -1
8 63 55 39 78 95 27 94 2 35 49 7 40 10 52 91 90 53 38 80 0 65 -1

0 87 55 101 94 6 22 31 76 69 43 72 109 89 106 73 64 92 9 23 -1
1 87 45 2 15 18 93 35 8 63 80 97 0 39 17 68 21 46 51 86 6 85 -1
4 107 48 92 18 15 2 63 8 91 100 67 3 81 86 21 68 20 95 -1
11 64 92 18 15 83 105 27 59 32 17 39 55 63 12 -1
11 64 92 18 3 6 86 24 54 15 35 49 7 40 57 42 5 108 72 26 30 -1
66 15 83 105 27 17 68 21 86 81 94 101 55 39 56 87 45 2 34 3 19 -1
19 85 94 27 17 65 78 95 68 21 86 6 3 83 2 63 53 -1
22 6 86 28 21 27 94 2 35 49 7 57 106 73 42 89 52 100 67 3 19 -1
22 6 94 27 17 56 61 65 39 55 63 2 15 18 92 64 11 -1
91 49 7 25 10 52 100 18 15 83 94 27 95 50 65 0 80 63 12 103 -1
82 26 44 92 18 15 2 45 87 56 -1
27 101 55 63 12 47 74 38 45 2 34 35 8 62 103 16 -1
32 21 86 24 19 82 26 29 43 72 92 18 34 35 8 12 41 104 -1
32 21 86 6 3 18 92 72 26 30 44 82 19 24 54 34 35 8 12 41 -1
36 109 64 92 18 34 83 94 2 35 8 62 53 63 55 101 27 21 86 -1
36 64 92 67 98 3 66 9 23 82 26 43 72 108 5 42 57 106 73 79 48 44 -1
53 45 87 39 17 68 21 46 86 81 94 2 63 12 103 7 52 89 73 -1
85 54 3 18 100 91 49 7 57 42 5 108 36 64 92 9 66 34 83 105 -1
71 86 24 19 82 23 9 3 6 94 101 27 105 83 35 49 91 100 18 66 85 81 -1
74 12 8 35 15 3 19 33 99 82 23 9 18 34 2 45 87 38 58 -1
75 17 27 94 85 3 67 92 64 96 89 52 7 103 62 53 45 -1
90 35 34 18 92 64 109 73 79 48 107 5 42 57 7 70 103 12 63 -1
102 19 3 83 2 94 81 86 71 31 23 9 92 48 107 4 109 89 52 91 35 -1
37 7 52 100 18 3 34 2 63 12 60 41 47 62 91 35 15 66 -1
75 17 27 94 85 19 3 18 92 64 11 89 52 7 103 62 53 45 -1
75 68 21 28 59 27 101 55 63 12 103 70 25 7 52 89 73 -1
29 30 44 92 18 93 35 49 7 40 57 106 73 79 48 -1
102 19 3 15 2 45 38 87 39 17 68 21 86 51 -1
69 43 72 109 11 42 89 52 100 18 9 19 102 71 31 22 3 15 2 63 38 74 -1
81 94 27 17 78 39 55 63 12 16 103 62 8 35 83 3 19 33 99 -1
80 38 74 41 7 84 70 16 12 63 45 87 97 -1
23 19 24 86 21 27 101 55 63 12 47 103 7 57 42 5 11 89 52 10 25 -1
108 36 109 64 92 18 34 83 94 27 21 46 86 6 54 15 35 49 -1
102 24 54 34 35 49 7 70 103 12 63 2 83 3 19 33 99 76 31 88 -1
88 31 24 6 94 101 55 39 17 68 21 46 86 71 102 19 9 92 64 11 42 -1
101 55 39 65 61 0 80 63 12 103 7 57 106 73 64 92 18 15 83 105 27 59 -1
72 92 18 15 83 94 27 17 65 39 55 63 2 34 54 24 102 88 -1
108 48 92 9 3 81 85 19 33 14 102 51 86 21 68 20 17 39 55 45 -1
95 27 105 83 35 49 52 89 106 57 7 41 12 38 80 97 0 78 17 75 -1
58 80 55 101 94 6 3 15 2 63 12 60 41 103 62 8 35 34 54 85 -1
9 3 81 86 28 13 68 17 56 87 45 2 15 18 92 72 108 -1
9 18 100 91 62 103 41 7 57 42 5 77 107 109 64 96 -1
80 55 101 94 6 22 3 81 86 28 13 32 27 105 83 34 2 45 87 0 65 50 -1
45 2 83 3 19 33 76 69 43 72 92 18 34 35 8 12 41 104 70 103 -1
56 39 55 45 2 15 18 92 48 109 89 52 49 35 83 94 101 -1
84 7 52 100 67 92 64 11 106 57 40 -1
91 35 15 54 24 102 88 31 23 82 44 72 36 -1
1 56 39 55 45 2 15 18 92 48 44 82 19 24 6 94 27 17 78 -1
31 19 3 34 35 8 12 16 103 7 52 89 73 79 72 92 64 11 106 57 37 84 -1
17 27 94 85 19 23 9 93 35 2 45 80 0 78 95 68 75 -1
31 19 9 18 100 52 7 25 70 103 62 8 35 15 54 24 102 33 82 44 72 36 -1
98 3 6 86 28 21 27 101 55 80 58 97 87 45 2 34 54 22 31 76 -1
84 7 103 12 63 55 39 65 50 95 27 105 83 35 91 8 53 45 87 1 -1
85 94 27 17 56 87 38 12 103 70 41 60 58 80 63 8 49 52 89 73 -1
95 27 94 85 3 9 92 64 96 89 52 91 8 63 2 15 54 24 19 82 26 -1
14 69 30 26 72 79 73 106 57 40 7 103 12 63 55 39 78 17 68 21 28 -1

0 87 55 101 94 6 22 31 76 69 43 72 109 89 106 73 64 92 9 23 -1
1 87 45 2 15 18 93 35 8 63 80 97 0 39 17 32 21 46 51 86 6 85 -1
4 107 48 92 18 15 2 63 8 91 100 67 3 81 86 21 68 20 95 -1
11 64 92 18 15 83 105 27 59 32 17 39 55 63 12 -1
11 64 92 18 3 6 86 24 54 15 35 49 7 40 57 42 5 108 72 26 30 -1
66 15 83 105 27 17 68 21 86 81 94 101 55 39 56 87 45 2 34 3 19 -1
19 85 94 27 17 65 78 95 68 21 86 6 3 83 2 63 53 -1
22 6 86 28 46 51 102 24 54 15 35 49 7 57 106 73 42 -1
22 6 94 27 17 56 61 65 39 55 63 2 15 18 92 64 11 -1
91 52 10 25 70 16 12 8 35 93 67 92 44 26 29 -1
82 26 44 92 18 15 2 45 87 56 -1
27 101 55 63 12 47 74 38 45 2 34 35 91 52 10 70 16 -1
32 27 105 83 35 93 67 92 44 26 29 43 69 76 102 51 86 21 -1
32 21 86 6 3 18 92 72 26 30 44 48 109 89 52 7 41 -1
36 109 64 92 18 34 83 94 2 63 8 62 53 45 55 101 27 21 86 -1
36 64 92 67 98 3 66 22 31 76 69 43 72 109 89 52 7 41 -1
43 72 108 5 42 57 10 52 91 35 93 67 92 44 82 19 3 15 2 63 8 49 -1
53 8 35 15 54 6 86 46 21 27 101 55 63 12 103 47 58 80 0 65 50 -1
83 35 8 63 80 0 65 50 95 27 101 55 38 12 16 70 10 7 103 62 53 -1
85 54 15 35 91 100 18 9 23 31 88 71 86 21 27 101 55 45 2 83 3 93 -1
71 102 19 82 23 9 3 85 94 101 55 63 8 49 91 100 18 34 83 105 81 -1
74 12 8 35 15 3 19 33 99 76 31 22 85 94 101 55 87 80 58 -1
75 17 27 94 85 3 67 92 64 96 89 52 91 8 53 45 -1
90 8 63 2 34 18 92 64 109 73 79 48 107 5 42 57 10 70 -1
108 36 64 92 18 34 83 105 27 17 65 0 87 55 101 94 6 22 19 82 44 72 -1
102 19 3 15 2 94 85 22 31 76 33 23 9 93 35 8 53 45 -1
37 10 52 100 93 3 34 2 63 12 60 41 7 49 35 15 18 9 -1
4 109 89 52 100 18 9 19 102 71 86 6 3 67 92 64 11 42 -1
104 41 12 53 45 2 94 27 17 75 68 21 86 6 85 19 -1
75 50 13 28 59 27 101 55 63 12 103 70 7 49 35 15 3 19 33 99 -1
102 24 54 34 2 45 38 87 39 17 27 21 86 51 31 19 3 15 35 8 12 74 -1
69 43 72 109 11 42 89 64 92 67 3 66 54 24 102 76 99 82 26 -1
81 94 27 17 78 0 80 38 12 16 41 7 52 100 18 9 19 31 -1
80 38 74 41 7 84 70 103 62 8 63 45 87 97 -1
73 89 52 10 25 7 41 12 8 35 34 3 22 31 51 86 28 13 -1
40 57 42 5 107 48 92 18 15 2 45 87 56 17 27 94 85 -1
93 35 49 7 40 10 52 100 67 3 19 33 14 102 51 86 21 68 20 -1
101 55 39 56 61 0 87 45 63 8 91 52 10 57 7 49 35 83 105 27 59 -1
103 7 52 89 73 64 92 9 19 102 71 86 21 27 101 55 38 74 -1
108 48 92 9 3 81 86 51 102 14 31 24 54 15 2 63 12 60 -1
95 59 28 86 51 31 23 9 92 64 73 106 57 7 41 74 38 80 97 -1
9 19 31 51 86 28 13 32 17 56 87 55 101 94 85 24 102 71 -1
45 2 35 49 52 89 11 64 92 67 3 85 94 27 17 75 20 95 78 0 97 -1
24 19 33 31 22 3 34 35 91 52 7 25 40 57 42 5 -1
101 94 85 3 18 92 48 44 82 19 9 93 35 2 45 87 1 -1
84 7 52 100 67 3 15 2 63 38 74 12 53 45 55 39 17 68 -1
104 7 52 89 64 92 44 82 99 76 102 51 86 21 68 20 95 27 94 85 3 9 -1
103 7 104 70 16 12 63 55 87 1 56 17 27 105 83 35 91 100 93 3 6 -1
101 94 85 3 18 92 64 11 5 109 89 52 91 8 12 47 -1
17 27 94 85 19 23 9 18 100 52 10 70 7 57 42 5 36 72 43 -1
98 3 6 86 28 21 27 101 55 80 58 74 16 70 41 12 38 87 56 17 68 -1
34 54 6 86 28 13 50 17 27 94 85 22 3 15 2 63 38 -1
95 27 94 85 3 67 92 64 96 42 5 77 107 109 89 52 7 41 -1
29 26 72 108 5 42 57 40 7 41 12 38 80 0 78 39 55 63 8 -1
60 12 8 35 15 54 85 22 31 23 9 92 64 89 106 57 10 52 100 93 3 -1
79 72 92 67 93 35 8 12 16 70 10 52 89 109 -1

0 87 55 101 94 6 22 31 76 69 43 72 109 89 106 73 64 92 9 23 -1
1 87 45 2 15 18 93 35 8 63 80 97 0 39 17 32 21 46 51 86 6 85 -1
4 107 48 92 18 15 2 63 8 91 100 67 3 81 86 21 68 20 95 -1
11 64 92 18 15 83 105 27 59 32 17 39 55 63 12 -1
11 64 92 18 3 6 86 24 54 15 35 49 7 40 57 42 5 108 72 26 30 -1
66 15 83 105 27 17 68 21 86 81 94 101 55 39 56 87 45 2 34 3 19 -1
19 85 94 27 17 65 78 95 68 21 86 6 3 83 2 63 53 -1
22 6 86 28 46 51 102 24 54 15 35 49 7 57 106 73 42 -1
22 6 94 27 17 56 61 65 39 55 63 2 15 18 92 64 11 -1
91 52 10 25 70 16 12 8 35 93 67 92 44 26 29 -1
82 26 44 92 18 15 2 45 87 56 -1
27 101 55 63 12 47 74 38 45 2 34 35 91 52 10 70 16 -1
32 27 105 83 35 93 67 92 44 26 29 43 69 76 102 51 86 21 -1
32 21 86 6 3 18 92 72 26 30 44 48 109 89 52 7 41 -1
36 109 64 92 18 15 83 94 2 63 8 62 53 45 55 101 27 21 86 -1
36 64 92 18 98 3 66 22 31 76 69 43 72 109 89 52 7 41 -1
43 72 108 5 42 57 10 52 91 35 93 18 92 44 82 19 3 15 2 63 8 49 -1
53 8 35 15 54 6 86 46 21 27 101 55 63 12 103 47 58 80 0 65 50 -1
83 35 8 63 80 0 65 50 95 27 101 55 38 12 16 70 10 7 103 62 53 -1
85 54 15 35 91 100 18 9 23 31 88 71 86 21 27 101 55 45 2 83 3 93 -1
71 102 19 82 23 9 3 85 94 101 55 63 8 49 91 100 18 15 83 105 81 -1
74 12 8 35 15 3 19 33 99 76 31 22 85 94 101 55 87 80 58 -1
75 17 27 94 85 3 67 92 64 96 89 52 91 8 53 45 -1
90 8 63 2 15 18 92 64 109 73 79 48 107 5 42 57 10 70 -1
108 36 64 92 18 34 83 105 27 17 65 0 87 55 101 94 6 22 19 82 44 72 -1
102 19 3 15 2 94 85 22 31 76 33 23 9 93 35 8 53 45 -1
37 10 52 100 93 3 34 2 63 12 60 41 7 49 35 15 18 9 -1
4 109 89 52 100 18 9 19 102 71 86 6 54 15 35 49 7 57 42 -1
104 41 12 53 45 2 94 27 17 75 68 21 86 6 22 19 3 18 92 64 11 -1
75 50 13 28 59 27 101 55 63 12 103 70 7 49 35 15 3 19 33 99 -1
102 24 54 34 2 45 38 87 39 17 27 21 86 51 31 19 3 15 35 8 12 74 -1
69 43 72 109 11 42 89 64 92 18 66 54 24 102 76 99 82 26 -1
81 94 27 17 78 0 80 38 12 16 41 7 52 100 18 9 19 31 -1
80 38 74 41 7 84 70 103 62 8 63 45 87 97 -1
73 89 52 10 25 7 41 12 8 35 34 3 22 31 51 86 28 13 -1
40 57 42 5 107 48 92 18 15 2 45 87 56 17 27 94 85 -1
93 35 49 7 40 10 52 100 67 3 19 33 14 102 51 86 21 68 20 -1
101 55 39 56 61 0 87 45 63 8 91 52 10 57 7 49 35 83 105 27 59 -1
103 7 52 89 73 64 92 9 19 102 71 86 21 27 101 55 38 74 -1
108 48 92 9 3 81 86 51 102 14 31 24 54 15 2 63 12 60 -1
95 59 28 86 51 31 23 9 92 64 73 106 57 7 41 74 38 80 97 -1
9 19 31 51 86 28 13 32 17 56 87 55 101 94 85 24 102 71 -1
24 19 33 31 22 3 34 35 91 52 7 25 40 57 42 5 -1
101 94 85 3 18 92 48 44 82 19 9 93 35 2 45 87 1 -1
84 7 52 100 67 92 64 11 106 57 10 70 103 62 12 63 2 15 3 19 33 14 -1
104 7 52 89 64 92 44 82 99 76 102 51 86 21 68 20 95 27 94 85 3 9 -1
103 7 104 70 16 12 63 55 87 1 56 17 27 105 83 35 91 100 93 3 6 -1
101 94 85 3 18 92 64 11 5 109 89 52 91 8 12 47 -1
17 27 94 85 19 23 9 18 34 54 6 86 28 13 50 -1
45 2 94 27 95 20 68 21 86 6 3 18 92 64 73 106 57 7 103 47 58 -1
98 3 6 86 28 21 27 101 55 80 58 74 16 70 10 52 89 64 92 44 43 -1
84 7 49 8 63 55 39 65 50 17 27 94 85 22 54 15 2 45 38 -1
75 17 39 87 97 80 38 12 8 35 93 67 92 44 26 29 -1
95 27 94 85 3 67 92 64 96 11 5 77 107 109 89 52 7 41 -1
29 26 72 108 5 42 57 40 7 41 12 38 80 0 78 39 55 63 8 -1
60 12 8 35 15 54 85 3 18 92 64 11 106 42 5 108 -1

0 87 55 101 94 6 22 31 76 69 43 72 109 89 106 73 64 92 9 23 -1
1 87 45 2 15 18 93 35 8 63 80 97 0 39 17 32 21 46 51 86 6 85 -1
4 107 48 92 18 15 2 63 8 91 100 67 3 81 86 21 68 20 95 -1
11 64 92 18 15 83 105 27 59 32 17 39 55 63 12 -1
11 64 92 18 3 6 86 24 54 15 35 49 7 40 57 42 5 108 72 26 30 -1
66 15 83 105 27 17 68 21 86 81 94 101 55 39 56 87 45 2 34 3 19 -1
19 85 94 27 17 65 39 55 45 2 83 105 81 86 21 68 95 78 0 80 63 53 -1
22 6 86 28 46 51 102 24 54 15 35 49 7 57 106 73 42 -1
22 6 94 27 17 56 61 65 39 55 63 2 15 18 92 64 11 -1
91 52 10 25 104 41 12 8 35 93 67 92 44 26 29 -1
82 26 44 92 18 15 2 45 87 56 -1
27 101 55 63 12 47 74 38 45 2 34 35 91 62 103 16 -1
32 27 105 83 35 93 67 92 44 26 29 43 69 76 102 51 86 21 -1
32 21 86 6 3 18 92 72 26 30 44 48 109 89 52 91 8 12 41 -1
36 109 64 92 18 34 83 94 2 63 12 62 8 35 15 54 6 86 -1
36 64 92 18 98 3 66 22 31 76 69 43 72 109 89 52 91 8 12 41 -1
43 72 108 5 42 57 10 52 91 35 93 18 92 44 82 19 3 15 2 63 8 49 -1
53 8 35 15 54 6 86 46 21 27 101 55 63 12 103 47 58 80 0 65 50 -1
83 35 8 63 80 0 65 50 95 27 94 2 15 18 92 72 108 5 42 57 10 -1
85 54 34 35 91 100 18 9 23 31 88 71 86 21 27 101 55 63 8 49 52 10 -1
71 102 19 82 23 31 22 85 94 101 55 39 56 61 0 80 63 8 49 52 10 57 -1
74 12 8 35 15 3 19 33 99 76 31 22 85 94 101 55 87 80 58 -1
75 17 27 94 83 3 67 92 64 96 89 52 91 8 53 45 -1
90 91 52 89 109 64 92 48 107 5 42 57 7 70 103 12 63 -1
108 36 64 92 18 34 83 105 94 101 55 80 58 -1
102 19 3 83 2 34 54 22 31 71 86 6 66 18 92 48 107 4 -1
37 10 52 100 93 3 34 2 63 12 60 41 7 49 35 15 18 9 -1
75 17 27 94 85 19 9 18 100 91 62 12 74 41 7 52 89 -1
75 50 13 28 59 27 94 2 63 12 103 70 25 7 57 106 73 -1
102 24 54 34 2 45 38 87 39 17 27 21 86 51 31 22 3 15 35 8 12 74 -1
69 43 72 109 11 42 57 10 52 100 18 9 19 102 71 86 21 27 101 55 38 74 -1
80 38 74 41 7 84 70 103 62 8 63 45 87 97 -1
83 2 63 12 16 60 58 80 0 78 39 55 45 53 8 35 15 54 6 86 28 -1
40 57 42 5 107 48 92 18 15 2 45 87 56 0 80 38 12 103 70 -1
93 35 49 7 40 10 52 100 67 3 19 33 14 102 51 86 21 68 20 -1
81 3 34 35 49 7 70 16 74 58 80 55 101 94 85 19 33 99 76 31 88 -1
108 48 92 18 3 81 86 51 102 14 31 19 9 93 35 8 12 60 -1
95 27 94 2 35 49 7 57 106 89 52 91 8 63 80 97 0 78 17 75 -1
9 3 34 2 94 27 59 28 13 32 17 56 87 55 63 8 35 93 18 92 72 108 -1
45 2 15 18 92 64 11 89 52 49 35 83 94 27 17 75 -1
24 19 33 82 44 92 67 93 35 91 52 7 25 70 16 12 63 2 15 54 22 31 -1
45 55 101 94 85 22 31 76 69 30 44 92 67 93 35 91 52 10 104 70 103 -1
101 55 45 2 15 18 92 48 44 82 19 85 6 86 21 32 17 39 0 1 -1
84 7 52 100 67 92 64 11 106 57 10 70 103 62 8 35 93 3 19 33 14 -1
0 80 38 12 41 7 57 42 5 77 107 109 64 96 89 52 49 35 83 94 27 95 -1
101 94 83 35 49 52 89 11 5 42 57 7 103 47 -1
9 3 81 86 21 68 20 17 39 55 45 2 94 85 19 33 99 69 43 72 109 89 -1
17 27 94 85 19 23 9 93 35 2 45 80 0 78 95 50 75 -1
98 3 6 86 28 59 27 94 2 63 12 103 7 52 91 90 -1
34 83 94 27 95 50 65 39 55 45 2 15 54 22 -1
84 104 10 52 49 8 63 55 39 0 80 38 53 90 91 35 2 45 87 1 -1
29 26 72 108 5 42 57 40 7 49 8 63 55 39 78 17 27 21 86 24 -1
66 18 92 64 96 42 73 79 72 44 82 19 3 34 35 8 12 16 -1
60 12 63 2 15 54 85 3 18 92 64 11 5 42 57 7 25 -1
75 17 39 55 45 53 90 35 15 83 105 27 21 86 51 102 76 69 43 29 -1
13 21 86 6 22 85 94 27 17 75 50 65 39 55 80 58 47 103 7 57 106 73 -1

0 80 55 101 94 6 22 31 76 69 43 72 109 89 106 73 64 92 9 23 -1
1 87 45 2 15 18 93 35 8 63 80 97 0 39 17 32 21 46 51 86 6 85 -1
4 107 48 92 18 15 2 63 8 91 100 67 3 81 86 21 68 20 95 -1
11 64 92 18 15 83 105 27 59 32 17 39 55 63 12 -1
11 64 92 18 3 6 86 24 54 15 35 49 7 40 57 42 5 108 72 26 30 -1
66 15 83 105 27 17 68 21 86 81 94 101 55 39 56 87 45 2 34 3 19 -1
19 85 94 27 17 65 39 55 45 2 83 105 81 86 21 68 95 78 0 80 63 53 -1
22 6 86 28 46 51 102 24 54 15 35 49 7 57 106 73 42 -1
22 6 94 27 17 56 61 65 39 55 63 2 15 18 92 64 11 -1
91 52 10 25 104 41 12 8 35 93 67 92 44 26 29 -1
82 26 44 92 18 15 2 45 87 56 -1
27 101 55 63 12 47 74 38 45 2 34 35 91 62 103 16 -1
32 27 105 83 35 93 67 92 44 26 29 43 69 76 102 51 86 21 -1
32 21 86 6 3 18 92 72 26 30 44 48 109 89 52 91 8 12 41 -1
36 109 64 92 18 34 83 94 2 63 12 62 8 35 15 54 6 86 -1
36 64 92 18 98 3 66 22 31 76 69 43 72 109 89 52 91 8 12 41 -1
43 72 108 5 42 57 10 52 91 35 93 18 92 44 82 19 3 15 2 63 8 49 -1
53 8 35 15 54 6 86 46 21 27 101 55 63 12 103 47 58 80 0 65 50 -1
83 35 8 63 80 0 65 50 95 27 94 2 15 18 92 72 108 5 42 57 10 -1
85 54 34 35 91 100 18 9 23 31 88 71 86 21 27 101 55 63 8 49 52 10 -1
71 102 19 82 23 9 3 85 94 101 55 39 65 61 0 80 63 8 49 52 10 57 -1
74 12 8 35 15 3 19 33 99 82 44 92 18 34 2 45 87 80 58 -1
75 17 27 94 83 3 67 92 64 96 89 52 91 8 53 45 -1
90 91 52 89 109 64 92 48 107 5 42 57 7 70 103 12 63 -1
108 36 64 92 18 34 83 105 27 101 55 80 58 47 12 8 35 93 3 22 31 76 -1
102 19 3 83 2 94 27 21 86 71 31 22 66 18 92 48 107 4 -1
37 10 52 100 93 3 34 2 63 12 60 41 7 57 106 73 64 92 9 -1
75 17 27 94 85 19 9 18 100 91 62 12 74 41 7 52 89 64 92 44 82 99 -1
75 50 13 28 59 27 94 2 63 12 103 70 25 7 52 89 73 -1
102 24 54 34 2 45 38 87 39 17 27 21 86 51 31 19 3 15 35 8 12 74 -1
69 43 72 109 11 42 57 10 52 100 18 9 19 102 71 86 21 27 101 55 38 74 -1
80 38 74 41 7 84 70 103 62 8 63 45 87 97 -1
83 2 63 12 16 60 58 80 0 78 39 55 45 53 8 35 15 54 6 86 28 -1
40 57 42 5 107 48 92 18 15 2 45 87 56 17 27 94 85 -1
93 35 49 7 40 10 52 100 67 3 19 33 14 102 51 86 21 68 20 -1
81 3 34 35 49 7 70 41 12 62 91 100 18 9 19 33 99 76 31 88 -1
108 48 92 9 3 81 86 51 102 14 31 24 54 15 2 63 12 60 -1
95 78 0 80 63 2 35 49 52 89 106 57 7 41 74 38 87 97 -1
9 3 34 2 94 27 59 28 13 32 17 56 87 55 63 8 35 93 18 92 72 108 -1
45 2 15 18 92 64 11 89 52 100 67 3 85 94 27 17 75 20 95 78 0 97 -1
24 19 33 82 44 92 67 93 35 91 52 7 25 70 41 12 63 2 15 54 22 31 -1
45 55 101 94 6 22 31 76 69 30 44 92 67 93 35 91 52 10 104 70 103 -1
101 94 83 15 18 92 48 44 82 19 85 6 86 21 32 17 39 0 1 -1
84 7 52 100 67 18 9 19 102 71 86 21 27 101 55 63 12 47 -1
101 94 83 15 18 92 64 11 5 109 89 52 91 62 47 58 80 87 56 17 68 -1
9 3 85 94 27 95 20 32 21 86 51 102 76 -1
31 24 54 15 35 8 12 16 41 7 52 89 64 92 72 79 11 96 -1
17 27 94 85 19 23 9 3 83 2 45 87 38 63 8 35 34 54 22 31 71 -1
98 3 6 86 28 59 27 94 2 63 12 103 7 52 91 90 -1
34 83 94 27 95 50 17 39 55 45 2 15 54 22 3 81 86 28 13 -1
84 104 10 52 49 8 63 55 39 87 38 53 90 91 35 2 45 80 0 1 -1
95 27 94 83 35 91 52 89 96 11 5 77 4 109 73 106 57 7 41 -1
29 26 72 108 5 42 57 40 7 49 8 63 55 39 78 17 27 21 86 24 -1
66 18 92 64 11 42 73 79 109 89 52 10 70 16 47 58 80 87 56 -1
60 12 63 2 15 54 85 3 9 92 64 11 106 89 52 100 18 34 35 90 -1
75 17 39 55 45 53 90 8 63 80 0 61 56 87 38 12 103 7 57 42 5 107 -1

0 80 55 101 94 6 22 31 76 69 43 72 109 89 106 73 64 92 9 23 -1
1 87 45 2 15 18 93 35 8 63 80 97 0 39 17 32 21 46 51 86 6 85 -1
4 107 48 92 18 15 2 63 8 91 100 67 3 81 86 21 68 20 95 -1
11 64 92 9 19 85 94 27 59 32 17 39 55 63 12 -1
11 64 92 18 3 81 86 24 54 15 35 49 7 40 57 42 5 108 72 26 30 -1
66 6 94 27 17 68 21 86 81 3 15 2 45 87 56 -1
19 85 94 27 17 65 56 87 45 2 15 3 81 86 21 68 95 78 39 55 63 53 -1
22 6 86 28 21 27 94 81 3 15 35 49 7 57 106 73 42 11 64 92 9 19 -1
22 6 94 27 17 56 61 0 39 55 63 2 15 18 92 64 11 -1
91 52 10 25 104 41 12 8 35 93 67 92 44 26 29 -1
82 26 44 92 18 15 2 45 87 56 -1
27 101 55 63 12 47 62 8 35 34 2 45 38 74 16 70 10 52 100 18 15 83 -1
32 27 105 83 35 93 67 92 44 26 29 -1
32 21 86 81 3 18 92 72 26 30 44 48 109 89 52 10 104 41 -1
36 64 92 18 15 2 94 83 35 8 62 91 100 93 3 81 86 -1
36 64 92 18 98 3 66 22 31 76 69 43 72 109 89 52 10 104 41 -1
43 72 108 5 42 57 10 52 91 35 15 18 92 44 -1
53 45 87 39 17 32 21 46 86 6 94 2 63 12 103 47 58 80 0 65 50 -1
83 2 45 87 39 65 50 95 27 101 55 63 8 91 52 10 7 103 12 53 -1
85 54 15 35 91 100 18 9 23 31 88 71 86 6 94 101 55 45 2 83 105 -1
71 102 19 82 23 31 22 85 94 101 27 21 86 6 3 15 35 49 -1
74 12 8 35 15 3 19 33 99 82 44 92 18 66 6 94 2 45 87 -1
75 17 27 94 83 3 67 92 64 96 89 52 91 35 2 45 -1
90 49 52 89 109 64 92 48 107 5 42 57 10 70 25 -1
108 72 92 18 15 83 105 27 17 65 39 55 101 94 6 86 71 88 31 33 99 -1
102 19 3 83 2 35 49 52 89 42 73 64 36 72 43 69 30 44 92 67 -1
37 7 49 35 15 3 34 2 63 12 60 41 47 62 91 100 18 9 -1
4 108 72 92 9 19 102 71 86 6 94 2 35 49 7 57 42 89 52 100 18 66 -1
75 17 27 94 85 19 9 93 35 2 45 87 1 -1
75 68 21 28 59 27 101 55 38 12 16 70 103 62 8 35 15 3 19 33 99 -1
102 19 3 15 2 45 38 87 39 17 32 21 46 51 -1
80 38 74 41 7 84 70 103 62 8 63 45 87 97 -1
73 89 52 10 25 7 49 35 83 3 19 31 24 54 15 2 63 12 16 -1
40 57 42 5 107 48 92 18 15 2 45 87 56 0 80 63 12 16 70 -1
93 35 49 7 40 10 52 100 67 3 19 33 14 102 51 86 21 68 20 -1
101 55 39 0 61 56 87 45 2 35 49 7 57 -1
103 7 57 42 73 89 52 100 18 9 23 31 71 102 19 3 15 35 8 12 74 -1
95 27 94 6 3 9 92 64 11 106 57 7 41 74 38 80 97 87 39 17 75 -1
8 35 15 54 6 86 21 32 27 94 81 3 18 92 72 36 48 44 82 33 31 88 -1
9 3 81 86 28 13 50 17 56 87 55 101 94 2 15 18 92 72 108 79 11 106 -1
45 2 15 18 92 64 11 89 52 91 62 53 38 74 41 7 57 106 -1
78 0 80 63 12 16 41 7 57 42 5 108 72 92 67 100 91 62 103 70 84 -1
29 26 82 19 85 94 27 21 86 24 31 33 23 9 93 35 49 7 25 -1
45 55 101 94 6 22 31 76 102 71 86 21 32 17 39 0 80 58 -1
46 86 24 54 34 35 49 52 89 96 64 92 18 15 83 94 27 95 -1
101 94 81 3 18 92 48 44 82 19 9 93 35 2 45 87 1 0 80 63 8 91 -1
103 41 104 70 16 74 38 55 39 17 27 21 46 86 6 3 67 100 52 89 42 -1
101 94 2 15 18 92 48 107 5 11 89 52 7 41 47 -1
9 3 81 86 21 68 20 17 56 87 45 55 101 27 59 -1
17 27 94 85 19 23 9 66 15 2 45 87 55 63 8 35 34 54 -1
98 3 81 86 28 21 32 17 39 0 80 58 47 41 70 10 57 42 5 108 72 43 -1
34 2 94 27 95 50 68 59 21 86 81 3 18 100 52 10 57 42 5 77 -1
84 7 41 74 38 87 39 17 20 32 21 86 71 102 76 31 51 46 28 13 -1
83 94 27 17 78 0 80 63 8 35 15 3 81 86 21 13 28 46 51 31 22 -1
29 26 72 108 5 42 57 40 7 41 12 63 80 0 78 17 27 105 -1
77 5 42 57 7 41 12 63 2 94 85 3 15 35 91 62 47 60 -1

