0 87 55 101 94 85 24 102 76 99 82 44 72 109 89 106 -1
1 87 45 2 15 18 93 35 8 63 80 97 0 78 95 68 21 86 51 -1
4 109 89 52 91 8 63 2 35 93 100 67 3 85 94 27 95 20 -1
11 89 52 91 35 83 94 27 59 95 17 39 55 63 12 -1
11 64 92 18 66 6 86 81 3 93 100 52 10 37 57 106 89 -1
17 27 94 85 66 18 92 72 43 44 48 109 89 52 10 70 41 -1
17 27 105 81 94 101 55 87 56 65 50 68 21 86 24 19 -1
21 27 105 83 15 18 92 9 3 22 6 86 28 59 95 17 39 55 63 12 103 7 -1
22 85 94 27 17 65 61 0 87 38 53 90 49 52 89 11 -1
25 7 49 91 35 34 54 85 6 86 81 3 93 100 52 10 40 -1
26 82 33 31 71 102 19 9 92 72 108 4 109 89 52 100 93 3 6 -1
27 101 55 63 12 47 62 8 35 34 2 45 38 74 16 70 10 52 100 18 15 83 -1
29 26 82 19 85 94 27 32 21 86 51 102 76 69 30 43 72 109 89 106 57 40 -1
36 109 64 92 18 34 83 94 2 35 8 62 53 63 55 101 27 21 86 -1
36 109 64 92 67 98 18 66 85 94 27 59 68 17 39 55 45 53 -1
46 21 27 101 55 45 53 90 49 52 10 70 103 12 38 87 56 17 95 -1
50 95 27 105 83 2 45 55 39 78 17 68 21 86 81 3 9 92 72 108 -1
74 38 63 2 15 3 19 33 99 82 23 9 93 35 8 12 -1
75 17 39 55 63 8 90 49 52 89 96 64 92 18 15 2 45 -1
90 49 52 89 109 64 36 107 5 42 57 10 70 25 7 103 12 -1
91 52 89 64 36 108 72 92 18 15 2 45 87 80 58 38 55 101 94 6 -1
2 15 54 24 102 19 85 94 101 55 38 87 56 17 68 21 86 51 -1
12 8 35 93 67 92 44 26 29 43 72 109 89 52 91 90 53 38 80 -1
12 41 104 7 52 100 18 9 23 33 76 102 24 54 15 2 45 -1
19 9 92 64 96 42 5 36 72 43 69 99 33 31 22 3 67 -1
19 85 94 27 17 75 68 21 28 59 95 78 39 55 63 12 103 70 -1
23 9 92 64 73 106 89 52 91 35 83 105 27 95 -1
42 73 89 52 7 25 70 103 62 8 35 34 54 22 31 19 3 83 2 63 12 16 -1
80 38 12 103 70 84 104 41 47 58 97 87 45 53 90 49 52 89 106 -1
2 15 54 24 102 71 31 19 9 92 64 96 42 89 52 100 93 66 -1
7 52 89 64 79 72 43 30 44 92 18 9 19 102 88 51 86 21 27 101 55 -1
21 86 24 19 23 9 3 85 94 27 17 56 87 80 58 74 -1
40 57 106 73 79 48 92 18 15 2 45 87 56 17 27 94 85 19 82 26 -1
49 35 15 54 24 102 51 86 28 59 95 78 39 55 63 12 16 -1
50 17 39 55 63 12 103 7 52 89 96 64 92 18 34 83 94 27 95 -1
61 0 87 55 101 94 83 15 18 92 48 44 82 19 24 86 -1
65 39 55 45 2 15 18 92 72 109 89 52 10 70 16 12 38 87 56 17 50 13 -1
74 12 62 91 52 89 64 92 18 66 6 86 28 21 27 105 83 34 93 98 -1
9 3 85 94 27 32 13 21 86 6 22 54 15 2 45 80 -1
11 89 52 91 90 53 45 55 39 17 20 68 21 86 51 102 14 -1
41 60 12 8 35 34 3 85 94 101 55 63 53 90 49 52 89 11 5 -1
67 100 52 7 84 70 103 12 63 55 39 87 38 74 41 104 -1
88 102 24 54 34 35 91 100 67 92 48 109 89 52 49 90 53 38 87 1 -1
0 97 58 74 41 70 10 57 42 5 77 107 109 11 96 64 79 -1
9 3 85 94 27 95 20 68 21 86 51 102 76 31 24 54 15 2 63 38 58 -1
44 72 109 89 52 49 35 83 105 27 95 68 21 86 24 19 82 26 29 -1
44 72 109 89 106 57 10 52 91 35 83 105 27 59 95 17 56 87 -1
70 10 52 100 18 9 19 33 99 76 102 88 31 23 82 44 72 36 -1
75 17 56 87 97 80 45 2 15 18 92 44 26 29 30 69 99 33 31 88 -1
5 42 89 52 91 62 47 12 8 35 34 54 24 102 71 86 21 27 101 55 38 74 -1
14 69 43 72 109 89 106 57 40 10 52 100 67 92 64 11 -1
15 18 92 44 43 72 48 107 77 5 109 89 52 100 93 3 54 -1
25 7 52 100 18 9 19 33 82 44 48 92 67 3 81 6 24 31 14 -1
28 21 27 101 55 80 58 74 12 62 91 52 89 73 64 92 9 19 102 71 -1
11 89 52 91 8 63 55 39 17 75 20 95 27 105 83 34 93 -1
40 7 103 12 63 55 39 78 65 56 87 38 53 90 49 52 -1
