55 87 0 76 31 22 6 94 101 55 -1
18 15 2 45 87 1 97 87 45 2 15 18 -1
63 8 49 52 89 109 4 100 91 8 63 -1
59 27 105 83 15 18 92 64 11 12 63 55 101 27 59 -1
86 6 3 18 92 64 11 40 10 52 100 93 3 6 86 -1
66 6 94 27 17 43 72 92 9 66 -1
81 94 27 17 56 17 27 105 81 19 85 94 27 17 56 -1
65 17 27 94 85 19 68 17 65 53 63 55 39 17 68 -1
95 20 10 52 100 93 3 6 94 27 95 -1
92 18 3 6 86 21 22 66 18 92 -1
28 86 6 22 7 49 35 83 94 27 21 28 -1
61 56 17 27 94 6 22 11 64 92 18 15 83 105 27 17 65 61 -1
91 49 7 25 54 15 35 91 85 54 -1
82 26 71 102 19 82 4 36 72 44 82 33 31 71 -1
108 72 26 91 52 89 109 36 108 88 31 23 9 93 35 91 -1
47 12 63 55 101 27 34 35 8 62 47 -1
32 27 94 85 19 82 26 29 30 26 82 19 85 94 27 32 -1
94 83 15 18 92 64 36 62 12 63 55 101 94 -1
98 67 92 64 36 66 18 98 41 12 63 2 15 66 -1
43 72 92 64 89 52 7 41 57 106 89 109 72 43 -1
53 63 55 39 17 27 21 46 10 52 91 90 53 -1
83 94 27 17 50 16 12 8 35 83 -1
99 33 19 3 15 2 45 38 74 87 55 101 94 6 22 31 76 99 -1
96 64 92 67 3 85 94 27 17 75 -1
106 89 109 72 43 69 76 23 9 93 35 91 52 89 106 -1
109 89 52 49 90 107 36 64 109 70 7 52 89 109 107 -1
108 72 92 9 93 35 83 105 27 105 83 34 18 92 72 108 -1
102 19 3 34 2 38 45 2 15 3 19 102 -1
37 10 52 100 93 3 89 106 57 37 -1
29 26 82 19 85 94 2 63 12 93 18 92 72 43 29 -1
104 41 12 76 33 23 9 93 35 91 52 7 104 -1
21 27 94 83 15 23 31 24 86 21 -1
34 35 8 12 16 52 91 35 34 14 33 19 3 67 100 52 -1
42 73 64 92 9 19 69 43 72 79 73 42 -1
75 17 27 94 85 19 28 21 68 75 -1
67 3 85 94 27 17 20 84 7 52 100 67 -1
40 10 52 100 18 92 44 30 48 79 11 106 57 40 -1
101 94 83 35 49 82 19 85 94 101 -1
70 103 12 63 25 70 10 25 107 36 64 89 52 10 -1
81 94 27 17 78 39 17 27 94 81 -1
84 7 41 74 38 80 97 58 60 16 70 84 -1
87 45 2 15 3 19 82 58 80 87 -1
86 6 85 20 95 27 21 86 14 33 19 85 94 27 95 20 -1
71 102 19 3 15 2 42 73 64 92 9 19 31 71 -1
57 10 52 100 93 3 6 59 27 105 83 15 18 92 64 11 106 57 -1
30 44 92 18 100 52 7 41 7 52 89 109 72 43 30 -1
99 33 19 3 15 2 45 38 12 70 10 52 89 109 48 44 82 99 -1
73 42 57 7 25 103 70 10 52 89 73 -1
96 64 92 67 3 83 2 45 95 27 94 85 3 93 100 52 89 96 -1
103 12 63 55 101 27 21 46 50 17 27 94 83 35 8 12 103 -1
81 94 2 35 49 108 72 92 18 34 83 105 81 -1
102 19 3 34 35 49 108 72 92 9 23 31 102 -1
95 50 106 89 52 91 35 83 105 27 95 -1
97 80 45 2 15 3 19 102 51 106 57 7 41 74 58 97 -1
88 31 23 9 93 35 2 63 55 18 9 19 31 88 -1
101 55 87 0 61 48 92 18 15 2 45 55 101 -1
