1 26 8 51 41 36 54 18 39 48 69 23 50 17 59 11 15 49 9 68 -1
2 50 17 10 8 51 41 12 25 57 35 6 63 30 15 11 31 9 16 55 52 64 58 -1
11 59 10 20 33 22 19 36 41 51 56 8 55 17 50 0 69 18 65 39 48 -1
13 50 2 14 61 17 59 11 1 16 55 20 33 22 19 29 69 38 36 41 35 6 47 -1
22 38 69 23 50 13 20 17 61 14 2 0 3 19 36 41 12 4 53 47 6 35 34 45 -1
36 22 13 43 61 60 17 10 28 56 6 47 40 12 41 51 8 26 30 21 -1
43 13 22 45 41 27 25 57 58 51 8 26 1 68 11 15 30 62 21 6 47 40 46 -1
28 10 17 44 61 43 13 20 52 8 51 41 12 40 46 7 4 25 27 67 65 39 48 -1
32 54 36 22 13 43 33 58 34 51 8 55 10 28 56 6 21 62 49 9 17 20 52 64 35 41 12 4 53 -1
38 66 69 18 32 54 36 45 22 13 43 61 44 17 20 33 58 35 6 63 -1
2 14 60 17 20 52 64 35 41 36 19 29 69 0 50 33 58 51 8 26 30 24 -1
12 41 36 54 18 19 22 33 58 51 8 26 62 49 1 16 10 28 56 6 47 40 -1
24 30 26 8 51 41 27 67 18 54 36 45 58 33 50 23 2 14 60 17 59 1 49 -1
37 18 38 22 33 43 61 44 17 59 1 26 8 51 34 25 4 12 41 36 54 66 -1
7 47 6 63 30 15 11 31 1 26 8 28 10 17 50 2 23 69 48 39 65 5 -1
