0 80 55 101 94 6 22 31 76 69 43 72 109 89 106 73 64 92 9 23 -1
1 87 45 2 15 18 93 35 8 63 80 97 0 39 17 32 21 46 51 -1
4 107 48 92 18 15 2 63 8 91 100 67 3 81 86 21 68 20 -1
11 64 92 9 19 85 94 27 59 32 17 39 55 63 12 -1
11 64 92 18 3 81 86 24 54 15 35 49 7 40 57 42 5 108 72 26 30 -1
17 27 94 6 66 9 92 72 43 44 48 109 89 52 7 41 -1
17 68 21 86 81 94 101 55 39 56 65 50 32 27 105 83 3 19 -1
20 95 27 105 83 35 49 7 10 25 104 41 12 8 91 100 18 3 54 -1
22 6 86 28 21 27 94 83 35 49 7 57 106 73 42 11 64 92 9 19 -1
22 6 94 27 17 56 61 0 39 55 63 2 15 18 92 64 11 -1
26 82 19 102 71 86 81 3 67 92 48 107 4 108 5 42 57 7 49 35 -1
27 101 55 63 12 47 62 8 35 34 2 45 38 74 16 -1
29 30 44 92 9 3 81 105 27 32 21 86 24 54 85 22 31 51 -1
36 48 92 9 66 6 94 2 63 8 62 91 35 15 54 24 86 -1
36 64 92 18 98 93 66 3 81 86 21 68 17 39 55 63 53 -1
43 72 108 5 42 57 7 52 89 64 92 44 82 19 3 83 35 49 -1
46 21 68 17 39 55 63 53 8 49 7 10 52 91 35 15 66 6 -1
74 12 8 35 15 3 19 33 99 14 102 51 46 21 32 17 39 87 -1
75 17 27 94 83 3 67 92 64 96 89 52 100 18 15 2 45 -1
90 49 52 89 109 64 92 48 107 5 42 57 7 70 16 12 63 -1
91 52 89 11 5 108 72 92 9 3 81 105 27 95 78 39 55 38 12 16 -1
2 15 3 19 102 51 86 81 105 27 101 55 38 63 8 35 83 94 6 22 -1
3 93 100 52 10 37 57 106 89 64 92 9 19 102 51 46 21 27 101 55 38 74 -1
12 8 35 93 9 92 44 30 29 26 72 108 5 42 57 40 -1
19 3 83 94 27 17 75 68 21 28 59 95 78 0 80 63 12 16 70 -1
42 73 64 92 72 43 69 14 102 19 3 67 100 52 7 84 -1
49 35 83 94 101 27 105 81 3 19 82 33 102 51 46 21 32 17 39 87 -1
80 38 74 41 7 84 70 103 62 8 63 45 87 97 -1
2 35 49 7 57 42 5 107 48 92 67 3 19 102 71 -1
21 27 94 6 22 31 23 9 66 15 2 45 87 56 17 -1
25 7 57 42 73 89 52 49 8 62 103 12 38 55 101 27 21 46 -1
31 19 9 93 100 52 91 35 34 83 94 27 17 50 95 -1
40 57 42 5 107 48 92 18 15 2 45 87 56 17 32 21 86 24 19 82 26 -1
50 32 27 101 55 38 12 103 7 104 37 57 106 73 64 92 9 23 31 76 -1
55 101 27 21 86 51 88 31 22 66 18 92 64 89 106 -1
58 38 87 39 78 95 27 105 81 3 9 92 72 108 79 11 106 -1
61 56 17 27 101 94 2 15 18 92 48 44 82 19 9 93 35 8 63 45 87 1 -1
65 17 27 94 6 66 18 92 72 109 89 52 7 103 12 38 58 -1
9 3 81 86 28 13 32 17 56 87 0 78 95 59 27 94 83 35 49 7 57 -1
11 64 92 18 15 2 45 55 101 94 6 22 31 76 -1
14 33 19 3 83 105 27 95 20 32 21 86 6 66 9 92 48 107 77 -1
24 19 33 31 22 3 83 35 49 7 25 70 -1
41 60 12 63 2 83 3 34 93 9 19 22 6 94 27 17 56 0 -1
88 31 19 3 93 100 91 8 63 45 87 1 56 17 32 13 -1
97 58 74 12 103 7 57 106 89 52 91 62 90 35 15 18 92 64 11 -1
5 42 57 7 103 12 38 55 101 27 59 32 50 17 39 0 80 63 -1
16 12 63 2 94 6 24 31 19 9 92 48 107 77 5 109 89 52 7 41 -1
20 17 39 55 45 53 8 35 15 3 19 33 99 -1
28 86 81 3 98 93 35 8 12 74 41 7 57 42 5 107 48 92 9 19 102 71 -1
39 87 38 74 41 7 84 104 40 57 42 11 64 92 9 3 81 86 -1
56 17 27 94 85 3 83 2 63 12 60 -1
58 38 45 2 94 6 22 31 76 33 19 3 81 86 21 32 20 -1
70 16 12 8 35 15 3 19 33 99 76 31 88 71 86 6 66 9 92 48 36 -1
75 17 39 0 97 80 38 12 8 35 93 9 92 44 30 29 -1
95 27 94 2 15 18 92 64 96 11 5 77 107 48 44 82 33 31 22 54 -1
5 11 89 52 49 8 62 47 12 63 2 15 3 19 31 71 -1
