0 87 55 101 94 6 22 31 76 69 43 72 109 89 106 73 64 92 9 23 -1
1 87 45 2 15 18 93 35 8 63 80 97 0 56 17 68 21 86 51 -1
4 107 48 92 18 15 2 63 8 91 100 67 3 83 94 27 95 20 -1
11 64 92 18 15 83 105 27 59 95 17 39 55 63 12 -1
11 64 92 18 3 6 86 24 54 15 35 49 7 40 57 42 5 108 72 26 30 -1
17 27 94 6 66 9 92 72 43 44 48 109 89 52 7 41 -1
17 27 94 81 3 15 2 45 87 56 65 50 68 21 86 24 19 -1
21 86 6 3 9 92 67 100 91 90 53 63 55 101 27 59 28 46 -1
22 6 86 28 21 27 94 83 35 49 7 57 106 73 42 96 64 92 9 19 -1
22 6 94 27 17 56 61 65 39 55 63 2 15 18 92 64 11 -1
25 7 49 91 35 15 54 85 6 86 21 27 95 20 32 13 28 46 51 31 14 -1
26 82 19 102 71 31 22 3 18 92 48 107 4 108 5 42 57 7 49 35 -1
27 101 55 63 12 47 62 8 35 34 2 45 38 74 16 -1
29 30 69 14 31 51 86 21 32 17 39 55 63 12 41 104 -1
36 109 64 92 18 15 83 94 2 35 8 62 53 63 55 101 27 21 86 -1
36 64 92 67 98 18 66 3 81 94 27 17 68 95 78 39 55 63 53 -1
43 72 108 5 42 57 106 89 64 92 44 30 29 26 82 23 9 93 -1
50 95 27 105 83 2 63 12 16 74 38 55 39 78 0 87 45 53 8 -1
74 38 45 2 15 3 19 33 99 76 31 24 6 94 101 55 87 -1
75 17 27 94 6 22 19 9 92 64 96 89 52 91 8 53 45 -1
90 49 52 89 109 11 5 107 36 64 92 48 79 73 42 57 40 -1
91 35 93 18 92 72 108 36 64 89 52 49 8 63 2 83 105 -1
101 27 105 94 2 45 55 39 65 0 80 63 8 35 93 18 92 72 -1
2 34 3 19 102 24 6 94 101 55 38 87 56 17 68 21 86 51 -1
3 93 100 52 10 37 57 106 89 64 92 18 34 35 8 12 74 -1
28 59 27 17 75 50 65 0 97 58 74 41 7 84 70 103 12 63 80 -1
42 73 64 92 72 43 69 99 82 19 9 18 67 100 52 89 96 -1
49 35 83 94 101 27 105 81 3 19 82 23 9 18 15 2 45 87 -1
2 15 3 19 102 71 31 24 6 94 101 55 38 74 58 97 87 56 17 68 -1
10 25 70 103 12 38 45 2 15 3 19 33 99 76 31 88 -1
10 7 49 35 83 94 27 95 68 21 86 6 3 18 92 64 73 106 -1
21 27 94 6 22 19 23 31 51 86 28 59 95 17 39 55 63 53 90 -1
25 7 52 89 73 42 57 10 70 103 12 63 55 101 27 21 46 -1
27 105 83 15 18 92 72 108 48 44 82 19 3 81 6 22 31 14 -1
31 19 9 18 100 52 89 64 92 44 30 69 14 102 24 54 15 35 49 7 40 -1
40 10 52 100 93 66 6 94 27 17 75 50 65 39 55 63 53 90 -1
55 45 2 15 3 19 31 88 102 24 22 66 18 9 23 33 76 -1
61 0 87 55 101 94 83 15 18 92 48 44 82 19 24 86 21 27 17 56 -1
2 35 49 52 89 42 96 64 92 18 66 9 23 82 26 -1
8 35 15 3 19 33 82 44 48 79 73 89 52 10 70 16 74 38 87 56 -1
8 35 15 54 34 2 83 3 18 92 44 82 19 85 94 27 95 20 -1
9 3 6 86 28 13 50 65 56 87 45 2 15 18 92 72 108 -1
11 89 52 91 8 53 45 2 94 27 95 20 50 13 21 86 6 3 9 -1
22 54 15 2 45 80 63 8 35 93 9 23 82 26 29 -1
41 60 12 8 35 34 3 83 94 27 17 65 61 0 80 63 53 90 49 52 10 57 -1
67 100 52 7 84 104 41 12 63 55 39 87 45 53 90 91 -1
76 31 23 9 93 100 52 7 104 70 103 62 8 35 15 18 92 64 96 -1
88 31 19 9 18 100 91 8 63 45 87 1 56 17 27 105 83 3 67 92 48 -1
97 58 74 12 8 49 52 89 106 57 7 103 62 90 35 15 18 92 64 11 -1
5 109 64 92 18 34 83 94 101 55 63 8 49 52 89 11 -1
16 12 8 35 15 54 22 31 19 3 34 83 105 27 95 50 -1
26 44 92 18 15 2 45 87 56 17 27 94 85 3 34 35 8 12 60 -1
28 86 81 3 98 93 35 8 12 74 38 45 2 15 54 24 102 51 -1
58 38 45 2 15 3 19 33 76 31 51 86 21 32 20 -1
95 27 94 83 15 18 92 64 96 42 5 77 107 109 89 52 7 41 -1
5 11 89 52 91 62 47 74 38 55 101 94 6 24 102 71 -1
