0 11 1 118 52 89 17 64 111 103 43 105 63 80 81 67 46 39 25 91 -1
2 49 124 9 63 105 43 98 42 104 58 5 29 122 52 51 54 38 39 46 1 81 80 36 -1
3 78 114 16 55 60 32 126 26 101 88 125 22 35 123 95 40 7 11 -1
7 11 2 114 78 3 107 12 100 14 53 23 37 79 48 126 92 83 -1
8 22 126 48 2 49 124 9 66 14 100 12 107 56 84 87 24 36 -1
12 78 114 2 79 0 101 88 39 31 89 42 28 43 105 63 80 66 74 37 97 48 99 55 -1
12 3 115 61 102 24 86 109 18 104 58 63 80 66 49 2 48 73 6 -1
13 50 40 7 11 67 27 29 36 80 81 122 52 38 30 22 21 41 33 31 89 17 64 111 -1
14 66 80 63 105 42 113 89 31 39 88 126 73 99 55 16 114 74 49 -1
14 108 115 61 53 66 80 29 122 52 38 39 46 11 2 114 78 3 56 34 -1
23 37 79 0 101 88 91 35 126 48 2 114 78 71 100 14 66 80 81 67 11 26 -1
23 2 48 73 60 75 20 92 40 82 91 125 88 39 31 89 17 42 105 63 80 66 14 100 12 -1
34 56 12 100 78 114 2 79 0 101 88 91 123 126 32 112 -1
43 113 89 31 39 88 82 116 120 0 77 1 118 52 51 38 25 91 126 48 2 114 78 3 -1
44 120 0 97 11 7 93 88 39 31 89 59 104 105 63 80 29 27 -1
45 73 48 2 49 72 9 63 105 43 103 90 42 89 31 39 88 126 92 83 -1
47 51 52 122 29 80 66 14 108 115 3 107 12 78 114 2 11 26 40 -1
50 92 126 73 48 0 26 40 44 82 91 88 101 7 11 2 74 66 80 81 -1
54 51 52 118 67 11 7 93 82 88 39 31 89 59 104 18 -1
58 63 9 72 66 80 29 81 1 11 0 48 99 55 16 114 23 53 61 102 24 86 109 -1
69 43 113 89 31 33 30 22 119 21 126 26 11 1 81 67 77 0 48 73 60 75 -1
85 92 126 26 11 1 118 27 29 80 66 14 100 96 78 114 2 79 0 101 88 91 -1
87 61 53 23 2 48 126 92 50 116 93 88 25 38 47 54 30 8 -1
90 113 89 52 122 94 29 5 24 87 110 68 34 56 12 100 14 66 80 63 105 43 103 -1
90 98 43 104 58 36 24 87 110 68 12 78 114 2 11 46 39 30 8 -1
90 43 104 58 36 24 102 106 61 53 23 2 11 1 118 52 89 42 98 103 4 -1
105 58 5 24 102 61 115 108 14 53 23 2 48 126 92 83 13 -1
5 24 87 84 68 12 78 114 2 79 0 101 88 91 25 39 31 89 59 43 109 -1
10 69 43 59 89 31 39 88 126 48 2 23 53 61 115 3 68 -1
13 92 126 48 2 114 78 3 15 12 100 14 53 23 37 79 0 26 40 50 76 85 -1
16 114 74 66 80 29 122 27 1 11 0 48 73 45 60 32 19 -1
19 92 40 82 88 39 31 89 42 43 69 10 117 24 5 29 122 52 38 33 -1
30 38 52 122 29 80 66 14 106 115 3 78 114 2 79 0 101 88 121 -1
41 22 126 48 2 23 53 61 102 24 117 18 104 58 63 80 66 14 100 -1
42 105 58 5 24 87 106 14 66 80 29 122 52 89 17 43 109 86 -1
45 73 48 2 49 72 9 63 105 43 69 10 117 24 36 80 66 74 114 16 55 -1
50 92 126 48 2 49 124 9 63 105 104 59 89 31 39 88 82 95 13 76 -1
53 23 114 16 62 112 32 126 26 101 88 125 91 82 93 120 0 77 -1
65 50 20 75 32 126 26 120 7 11 46 39 88 121 25 38 31 89 59 104 18 86 -1
83 50 40 82 88 39 31 89 113 42 105 63 80 66 49 2 48 73 60 32 20 -1
4 43 113 89 51 38 25 91 35 126 48 2 49 72 9 63 58 5 80 81 67 11 7 65 95 -1
4 64 43 104 105 63 80 66 74 114 16 62 112 45 73 48 97 11 -1
6 73 48 79 11 1 118 52 89 42 98 43 105 63 80 66 14 100 12 15 -1
19 32 60 73 48 2 23 53 61 102 24 36 80 81 67 46 11 0 120 116 -1
20 92 40 82 88 39 31 89 42 43 69 109 86 24 87 110 68 34 -1
27 52 51 47 54 30 88 101 7 11 77 0 79 2 114 78 100 14 108 102 24 86 109 -1
50 40 7 11 1 118 52 89 113 43 69 10 4 18 104 105 63 80 66 74 114 16 55 -1
71 100 14 66 80 63 105 42 113 90 103 111 64 17 89 52 118 1 77 -1
15 3 78 114 2 79 0 101 88 91 123 125 121 25 39 31 89 59 -1
18 104 59 89 31 39 88 82 95 123 125 22 57 30 38 52 122 29 80 66 14 100 96 -1
21 126 32 60 73 48 2 49 72 9 5 24 87 84 56 15 3 78 114 16 62 -1
54 51 52 122 29 36 24 87 110 68 12 78 114 2 48 126 92 50 -1
60 73 48 2 23 53 14 106 115 3 12 78 114 74 37 79 11 77 -1
69 43 105 63 80 66 74 114 16 112 45 73 48 0 77 1 118 52 89 17 -1
72 49 2 11 46 39 30 22 119 21 125 91 82 44 95 13 92 126 48 97 37 23 124 70 -1
94 81 67 11 0 101 26 48 2 23 53 61 87 110 -1
3 78 114 2 11 46 39 30 8 22 126 48 97 37 23 53 14 100 12 56 34 -1
5 80 66 49 2 48 73 60 75 32 6 55 16 114 78 100 14 106 -1
6 73 48 97 0 26 40 50 65 7 11 67 27 29 5 80 66 74 114 16 55 60 32 20 -1
17 42 105 58 36 24 87 110 68 34 56 12 78 114 2 11 77 1 27 122 -1
