0 77 1 118 52 89 17 64 111 103 43 105 63 80 81 67 46 39 88 91 -1
2 11 67 118 52 89 113 98 43 104 58 63 80 81 1 46 39 30 54 -1
3 78 114 16 112 32 126 26 101 88 125 22 35 123 95 65 7 11 -1
7 11 2 114 78 3 107 12 100 14 53 23 37 79 48 126 92 83 -1
8 30 31 52 122 81 9 63 105 42 89 51 38 39 88 93 116 -1
12 78 114 2 11 7 101 88 39 31 89 17 28 43 105 63 9 124 23 37 97 48 99 55 -1
12 68 110 87 24 86 109 43 42 89 31 39 88 126 73 6 -1
13 92 126 48 2 49 66 9 36 80 81 67 46 39 30 54 33 41 8 -1
14 66 80 63 58 104 43 113 89 31 39 88 126 48 99 55 16 114 2 49 -1
14 106 115 61 53 66 9 81 122 52 38 39 46 11 2 114 78 12 56 34 -1
23 2 11 7 101 88 125 35 126 32 112 16 114 78 71 100 14 66 74 37 79 0 26 -1
23 2 48 126 32 75 20 50 95 123 125 88 39 31 89 17 -1
29 80 63 9 66 74 37 79 0 101 88 125 35 8 30 31 89 113 43 4 -1
34 56 12 100 78 114 23 124 9 63 105 58 5 80 66 53 61 115 -1
43 42 89 31 39 88 93 116 40 92 126 48 2 23 53 61 87 24 36 -1
44 93 7 11 97 48 73 6 55 16 114 23 124 9 63 58 5 80 66 72 -1
45 73 48 0 77 1 118 52 89 17 43 103 -1
47 31 52 27 81 80 66 14 108 61 53 23 2 48 73 126 92 50 -1
48 2 114 78 12 56 3 100 14 66 70 9 29 122 52 31 39 46 67 -1
69 43 42 89 31 30 22 119 8 41 33 38 52 27 81 80 66 74 -1
83 50 40 7 0 77 1 118 52 89 17 43 103 18 104 58 63 80 66 14 100 12 56 34 -1
85 20 50 40 7 11 1 118 27 29 80 66 14 100 96 78 114 2 79 0 101 88 91 -1
90 113 89 52 122 94 81 80 66 14 100 12 56 34 68 110 87 24 86 109 -1
90 98 43 109 86 24 87 110 68 3 78 114 2 79 0 101 88 125 22 8 -1
90 42 89 52 122 81 9 66 14 106 102 24 36 29 27 67 46 39 30 -1
4 109 86 24 5 80 66 53 61 87 84 68 12 78 114 2 79 0 101 88 91 -1
7 11 67 77 0 120 93 82 88 39 31 89 17 43 103 18 -1
8 30 31 47 38 39 88 93 116 120 0 11 46 118 52 51 54 33 25 121 -1
10 109 43 113 89 31 39 88 126 48 2 23 53 61 115 -1
13 92 126 48 2 114 78 12 15 3 100 14 66 80 29 27 1 11 7 40 50 20 85 -1
13 83 92 126 48 0 11 1 118 52 89 113 42 105 63 80 66 14 100 78 114 16 112 32 20 -1
13 92 126 48 2 23 53 61 115 3 68 110 87 24 36 80 81 67 118 52 51 54 -1
16 114 2 11 67 27 122 52 89 17 43 103 109 86 24 87 61 115 3 -1
19 92 40 82 88 39 31 89 42 43 109 86 117 24 36 80 81 27 52 38 33 -1
29 9 72 66 80 81 27 52 38 30 22 119 21 125 88 93 44 82 91 -1
41 22 126 48 2 23 53 61 87 24 86 109 43 98 42 105 63 80 66 14 100 3 15 -1
45 60 75 19 32 126 26 11 67 27 29 36 24 102 108 14 66 80 81 122 52 38 30 22 21 -1
45 55 16 114 74 66 80 81 27 52 89 42 43 69 -1
50 116 120 0 77 1 118 52 89 17 64 4 10 86 24 5 63 105 42 -1
53 23 114 16 62 112 32 126 26 101 88 125 91 82 93 7 11 77 -1
65 50 20 75 32 126 26 120 0 79 2 114 78 3 100 14 53 23 37 97 48 73 -1
74 2 79 0 101 88 91 126 48 97 37 23 53 61 87 110 68 12 78 114 16 112 32 20 -1
86 109 43 113 89 31 39 88 121 126 32 75 60 73 48 2 23 72 9 5 -1
90 113 89 31 39 88 126 26 0 77 1 81 80 63 105 43 64 103 18 104 -1
93 7 11 1 81 80 63 58 104 42 89 52 27 29 36 24 86 109 43 28 -1
6 73 48 79 11 1 118 52 38 30 57 22 126 32 45 55 16 114 -1
9 66 14 100 12 107 3 115 61 102 24 36 58 104 59 43 109 86 -1
20 92 126 48 2 23 72 9 5 24 86 18 104 105 63 80 66 74 114 16 112 -1
20 92 40 82 88 39 31 89 59 43 109 18 104 58 63 80 66 49 2 48 99 -1
21 125 88 39 46 118 52 89 17 64 111 103 43 113 42 105 63 9 66 14 100 71 -1
29 80 66 49 2 48 99 55 16 114 74 72 70 9 81 27 52 89 42 43 69 -1
49 2 11 7 65 93 88 39 25 91 126 32 112 16 114 74 66 80 29 27 52 89 42 43 69 -1
100 78 114 2 11 7 65 95 123 126 48 79 37 23 53 61 115 3 15 -1
18 104 59 89 31 39 88 125 123 95 40 7 11 1 81 80 63 58 -1
26 40 7 11 2 114 78 3 107 12 100 14 66 80 81 67 27 29 9 72 -1
35 126 48 2 49 72 9 63 58 36 24 102 106 14 53 23 114 16 55 60 -1
94 27 1 77 0 101 26 48 2 49 72 70 9 81 67 11 7 40 50 13 -1
100 14 66 80 36 24 117 86 109 43 42 89 31 33 41 22 126 48 2 23 53 61 87 110 -1
4 43 105 63 80 66 74 114 16 55 60 32 126 26 93 88 125 21 -1
5 80 66 14 100 3 15 12 78 114 16 62 112 55 99 48 2 49 72 9 63 58 104 -1
