1 26 8 51 41 36 54 18 39 48 29 23 50 17 59 11 15 49 9 68 -1
2 50 17 10 8 51 41 12 25 34 35 64 52 55 16 1 31 11 49 26 30 63 6 47 7 -1
11 9 17 20 33 22 19 36 41 51 56 6 35 34 25 27 67 18 69 0 -1
13 50 2 14 61 17 59 11 1 16 10 20 33 22 38 3 19 36 41 25 4 53 -1
22 38 69 23 50 43 20 55 16 26 30 15 11 68 59 10 52 64 58 41 27 -1
36 22 33 43 61 60 17 55 8 56 6 47 40 12 41 58 64 52 10 16 26 30 21 -1
43 13 22 45 41 27 25 34 51 8 26 49 42 24 63 6 21 62 30 15 11 59 10 28 -1
0 69 18 65 39 48 29 23 2 14 60 17 59 1 49 26 8 51 57 25 4 40 -1
21 6 47 53 46 40 12 41 58 64 52 20 13 43 61 44 17 10 28 8 51 34 45 22 33 50 2 -1
32 18 19 22 33 43 20 52 64 58 41 25 4 7 47 6 21 62 26 16 -1
38 66 69 19 54 65 67 27 41 51 8 26 16 10 17 50 23 29 3 0 2 14 61 43 33 58 35 6 47 -1
12 27 67 18 66 38 36 41 25 4 53 47 6 56 8 26 16 9 59 10 52 64 58 -1
15 30 63 6 47 40 12 41 51 8 26 16 9 31 11 59 10 28 56 -1
24 63 6 35 41 27 67 18 69 23 2 14 44 61 43 13 22 19 65 37 -1
32 54 36 45 22 38 69 23 50 43 20 55 16 26 30 24 62 49 1 59 17 61 14 2 0 -1
