9 7 5 -1
10 9 -1
12 10 9 -1
9 6 -1
1 0 -1
11 10 9 -1
9 7 5 3 -1
2 1 0 -1
9 7 5 -1
10 9 -1
12 10 9 -1
9 6 -1
1 0 -1
11 10 9 -1
9 7 5 3 -1
2 1 0 -1
9 7 5 -1
10 9 -1
12 10 9 -1
9 6 -1
1 0 -1
11 10 9 -1
9 7 5 3 -1
2 1 0 -1
9 7 5 -1
10 9 -1
12 10 9 -1
9 6 -1
1 0 -1
11 10 9 -1
9 7 5 3 -1
2 1 0 -1
9 7 5 -1
10 9 -1
12 10 9 -1
9 6 -1
1 0 -1
11 10 9 -1
9 7 5 3 -1
2 1 0 -1
9 7 5 -1
10 9 -1
12 10 9 -1
9 6 -1
1 0 -1
11 10 9 -1
9 7 5 3 -1
2 1 0 -1
9 7 5 -1
10 9 -1
12 10 9 -1
9 6 -1
1 0 -1
11 10 9 -1
9 7 5 3 -1
2 1 0 -1
9 7 5 -1
10 9 -1
12 10 9 -1
9 6 -1
1 0 -1
11 10 9 -1
9 7 5 3 -1
2 1 0 -1
9 7 5 -1
10 9 -1
12 10 9 -1
9 6 -1
1 0 -1
11 10 9 -1
9 7 5 3 -1
2 1 0 -1
9 7 5 -1
10 9 -1
12 10 9 -1
9 6 -1
1 0 -1
11 10 9 -1
9 7 5 3 -1
2 1 0 -1
9 7 5 -1
10 9 -1
12 10 9 -1
9 6 -1
1 0 -1
11 10 9 -1
9 7 5 3 -1
2 1 0 -1
9 7 5 -1
10 9 -1
12 10 9 -1
9 6 -1
1 0 -1
11 10 9 -1
9 7 5 3 -1
2 1 0 -1
9 7 5 -1
10 9 -1
12 10 9 -1
9 6 -1
1 0 -1
11 10 9 -1
9 7 5 3 -1
2 1 0 -1
9 7 5 -1
10 9 -1
12 10 9 -1
9 6 -1
1 0 -1
11 10 9 -1
9 7 5 3 -1
2 1 0 -1
9 7 5 -1
10 9 -1
12 10 9 -1
9 6 -1
1 0 -1
11 10 9 -1
9 7 5 3 -1
2 1 0 -1
9 7 5 -1
10 9 -1
12 10 9 -1
9 6 -1
1 0 -1
11 10 9 -1
9 7 5 3 -1
2 1 0 -1
9 7 5 -1
10 9 -1
12 10 9 -1
9 6 -1
1 0 -1
11 10 9 -1
9 7 5 3 -1
2 1 0 -1
9 7 5 -1
10 9 -1
12 10 9 -1
9 6 -1
1 0 -1
11 10 9 -1
9 7 5 3 -1
2 1 0 -1
