0 77 1 118 52 89 17 28 111 103 18 117 24 5 29 81 67 46 39 88 91 -1
2 11 67 118 52 89 113 98 43 104 58 36 9 81 1 46 39 30 54 -1
3 78 114 16 112 32 19 50 95 123 125 22 30 39 46 11 7 120 -1
7 11 2 114 78 3 107 12 100 14 72 74 37 79 48 126 92 83 -1
8 30 39 46 1 81 9 29 122 52 51 38 25 88 93 116 -1
12 78 114 2 11 7 101 26 48 79 37 74 72 14 100 3 -1
12 68 110 87 24 86 109 43 42 89 31 30 22 126 73 6 -1
13 92 126 26 11 1 81 9 36 80 66 14 106 102 24 117 18 -1
14 66 9 36 58 104 43 113 89 31 30 88 126 32 45 55 -1
14 106 115 61 53 66 9 29 122 52 38 25 121 126 48 2 114 78 12 56 34 -1
16 55 99 48 2 23 53 61 108 14 72 9 29 27 52 31 47 38 30 8 -1
23 2 48 26 101 88 91 35 126 32 112 16 114 78 71 100 14 66 9 36 58 104 43 113 -1
23 114 16 112 32 75 19 50 95 123 125 88 39 46 118 52 89 17 -1
28 43 113 89 31 30 88 126 32 45 55 16 114 2 49 74 37 97 0 101 65 -1
29 9 63 105 43 113 89 31 30 88 101 0 97 11 7 40 44 82 91 -1
34 56 12 100 14 66 9 63 105 58 5 29 122 52 38 25 121 126 48 2 23 53 61 115 -1
43 113 89 52 38 25 88 93 116 40 92 126 48 2 23 53 61 87 -1
45 73 48 0 77 1 118 52 89 17 28 103 43 105 63 9 72 74 2 11 26 126 92 83 -1
50 92 126 73 48 2 114 78 3 115 61 14 72 9 29 27 52 31 30 8 -1
58 63 9 72 74 2 11 46 39 30 8 119 22 41 33 31 89 42 43 69 -1
81 9 72 74 2 11 46 39 30 8 119 22 35 91 82 44 40 92 13 -1
85 92 126 26 11 67 118 27 29 80 66 14 100 96 78 114 2 48 0 101 88 91 -1
90 59 89 52 122 94 29 9 66 14 100 12 56 34 68 110 87 24 117 18 103 -1
90 98 103 109 86 24 87 110 68 3 78 114 2 11 46 39 30 8 -1
90 103 18 117 24 102 106 14 72 9 81 67 46 39 30 25 121 126 48 2 114 78 12 56 -1
4 18 117 24 5 58 105 42 89 31 30 22 126 73 6 112 16 114 2 79 -1
5 24 87 84 68 3 78 114 2 11 46 39 88 91 35 8 30 31 89 42 43 109 -1
7 11 67 27 52 31 89 59 43 4 10 117 24 36 29 81 1 46 39 88 -1
13 19 32 112 16 114 78 12 15 3 100 14 66 80 29 27 67 11 26 126 92 85 -1
13 83 92 40 93 88 39 31 89 113 90 43 105 63 80 81 1 77 0 48 73 60 -1
13 92 126 48 2 23 53 61 115 3 68 12 78 114 74 37 79 11 1 27 52 -1
16 114 23 53 66 9 29 122 52 31 30 88 126 73 45 60 32 19 -1
17 43 105 63 80 9 72 14 108 115 3 107 12 78 114 2 11 67 27 29 36 -1
19 92 40 93 88 39 31 89 113 43 105 63 9 72 23 2 48 99 -1
36 24 87 108 14 72 9 63 105 43 17 89 52 38 25 121 126 48 2 114 78 12 56 34 -1
41 25 121 126 48 2 23 53 61 87 24 86 109 103 98 -1
45 73 48 2 11 46 39 31 89 42 43 69 18 104 58 36 9 66 74 114 16 55 -1
50 40 82 91 25 38 52 89 17 64 4 43 104 58 5 9 66 74 2 11 46 39 30 8 35 -1
50 40 93 88 39 31 89 42 105 63 9 124 23 114 16 112 32 19 13 95 123 125 -1
53 23 114 16 62 112 32 19 13 95 123 125 88 126 48 0 77 11 2 74 72 14 100 -1
65 50 19 75 32 112 16 114 2 11 7 120 93 88 39 31 89 59 43 4 10 -1
93 88 30 31 89 42 104 105 63 9 29 27 81 80 36 24 102 61 53 23 2 48 126 32 19 -1
8 30 54 31 52 122 29 5 24 87 84 68 3 78 114 2 11 7 65 50 -1
10 86 24 102 61 53 23 2 48 26 40 7 11 46 39 33 31 89 59 90 103 18 117 -1
20 92 126 48 2 23 53 61 87 24 86 18 104 59 89 52 118 67 -1
20 32 126 48 2 23 53 61 87 24 86 109 43 105 63 9 72 14 100 12 56 34 -1
20 32 126 26 11 2 114 78 3 68 110 87 24 86 109 43 42 89 31 30 41 -1
20 92 40 82 88 30 31 89 113 17 28 111 103 43 105 63 80 81 1 46 39 25 41 21 -1
60 32 126 48 2 23 53 61 102 24 36 80 81 1 46 39 25 41 21 -1
99 48 2 23 72 9 5 24 86 109 103 90 59 89 52 122 94 27 67 11 7 101 -1
15 3 78 114 2 11 7 40 95 123 126 26 101 88 39 31 89 59 -1
18 104 59 89 31 30 88 93 40 95 82 91 25 38 52 122 29 36 58 -1
47 38 39 88 93 116 40 7 11 2 23 72 9 5 24 86 -1
60 32 126 26 11 67 81 9 66 14 106 61 53 23 2 79 0 101 88 39 31 89 42 104 58 -1
69 43 105 63 9 124 23 114 16 112 32 126 26 11 46 118 52 89 42 104 18 86 -1
93 7 11 97 2 114 16 112 6 73 48 79 37 23 72 70 80 63 105 43 28 111 -1
4 43 42 89 31 39 88 126 48 99 55 60 32 19 92 40 7 11 2 23 53 61 102 -1
5 80 66 14 100 3 15 12 68 110 87 24 86 109 103 98 42 89 52 27 1 11 79 -1
5 29 27 67 11 26 126 32 112 16 114 78 3 115 108 87 24 117 -1
5 58 105 43 17 89 31 39 88 93 65 50 19 75 32 126 48 2 23 72 14 106 -1
