1 26 8 51 41 36 19 18 39 48 69 23 50 17 59 11 15 49 9 68 -1
2 50 17 10 8 51 41 12 40 47 6 63 30 15 11 31 1 16 55 52 64 35 34 25 4 7 -1
13 43 61 14 2 50 17 9 11 59 10 20 33 22 19 29 3 38 36 41 51 8 55 16 -1
19 36 41 51 56 8 55 17 50 0 69 18 65 39 48 3 38 22 13 43 61 14 2 -1
22 19 69 23 3 38 66 54 36 41 12 4 25 27 67 18 39 48 29 -1
36 22 13 43 17 60 14 2 50 33 20 10 8 51 41 12 40 47 6 21 -1
43 13 22 45 41 27 25 34 58 51 8 26 1 68 11 15 30 62 21 6 47 40 46 -1
28 10 17 44 61 43 13 20 52 8 26 30 21 6 47 40 46 53 4 12 41 36 19 69 48 -1
32 18 19 22 13 43 17 10 8 51 35 6 47 7 40 12 41 58 64 52 55 16 26 62 -1
24 63 6 35 41 27 67 18 19 22 13 20 17 44 61 43 33 58 45 36 54 5 -1
32 54 36 45 41 12 4 53 47 6 56 8 55 17 50 0 69 19 22 33 20 10 16 26 30 24 -1
37 18 19 22 13 43 61 44 17 9 1 59 10 20 33 50 23 29 3 0 2 14 60 -1
38 36 41 35 6 47 40 12 27 67 18 19 29 23 50 17 55 52 64 51 8 10 20 43 61 60 -1
40 12 41 57 35 6 63 30 26 1 9 17 50 2 23 69 19 36 45 58 51 8 10 59 11 49 -1
57 41 36 19 65 18 69 0 50 17 9 16 1 49 11 59 10 20 43 61 60 -1
