routeSetSize:15,pSwap:0.06667,popSize:18,elite:2,pSm:0.7,pDelete:0.4,tFit:10,maxGen:200,maxIter:1,beta:0.8,run:5,stableCount:20,e:0.7,minGen:10,minFitnessRatio:0.0005,minRouteLength:10,maxRouteLength:30,maxRouteLength:30, OpATT19.2695
Initial : -2.39865e+07
0.395178
0.525073
0.0541281
0.0256208
23.7394

-----------------------------------------
Iteration:0 started

Gen:0
0.398854,0.530047,0.0706947,0.000404949,24.1025,-2.32304e+07
677163
Gen:1
0.39673,0.538063,0.0648022,0.000404949,24.0946,-2.32228e+07
428344
ratio: 0.000327
Gen:2
0.400998,0.53609,0.0625075,0.000404949,24.016,-2.31471e+07
336483
Gen:3
0.403095,0.535482,0.0610175,0.000404949,24.0004,-2.31321e+07
306211
Gen:4
0.405722,0.533224,0.0606489,0.000404949,23.9849,-2.31171e+07
257868
Gen:5
0.406807,0.535415,0.0573729,0.000404949,23.9663,-2.30992e+07
525094
Gen:6
0.409652,0.532108,0.057835,0.000404949,23.9487,-2.30823e+07
609791
Gen:7
0.41039,0.531916,0.0572899,0.000404949,23.9335,-2.30676e+07
181215
Gen:8
0.411189,0.531469,0.0569368,0.000404949,23.9245,-2.3059e+07
442286
ratio: 0.000374
Gen:9
0.411667,0.538312,0.0500215,0,23.8813,-2.29997e+07
392107
Gen:10
0.412098,0.537881,0.0500215,0,23.8768,-2.29954e+07
517546
ratio: 0.000185
Gen:11
0.41554,0.537398,0.0450583,0.00200398,23.7572,-2.29681e+07
278417
Gen:12
0.416625,0.53731,0.0440615,0.00200398,23.7507,-2.29618e+07
377430
ratio: 0.000271
Gen:13
0.417403,0.536531,0.0440615,0.00200398,23.7468,-2.29581e+07
333915
ratio: 0.000163
Gen:14
0.419454,0.535664,0.0428778,0.00200398,23.7403,-2.29518e+07
79267.7
ratio: 0.000273
Gen:15
0.421671,0.534086,0.0422393,0.00200398,23.7246,-2.29367e+07
115135
Gen:16
0.421671,0.534086,0.0422393,0.00200398,23.7246,-2.29367e+07
131467
ratio: 0.000000
Gen:17
0.42259,0.53245,0.0429557,0.00200398,23.7033,-2.29162e+07
314715
Gen:18
0.423369,0.533691,0.0413826,0.00155749,23.7155,-2.29084e+07
319066
ratio: 0.000340
Gen:19
0.425243,0.531817,0.0413826,0.00155749,23.708,-2.29012e+07
324980
ratio: 0.000315
Gen:20
0.425497,0.529543,0.0429557,0.00200398,23.6835,-2.28972e+07
65139.1
ratio: 0.000175
Gen:21
0.428752,0.527591,0.0420991,0.00155749,23.6701,-2.28647e+07
304719
Gen:22
0.431291,0.526413,0.0414294,0.000867006,23.6725,-2.28367e+07
324318
Gen:23
0.431899,0.525805,0.0414294,0.000867006,23.6713,-2.28355e+07
315673
ratio: 0.000051
Gen:24
0.433181,0.524523,0.0414294,0.000867006,23.6588,-2.28235e+07
99271.1
Gen:25
0.433243,0.52446,0.0414294,0.000867006,23.6583,-2.2823e+07
103698
ratio: 0.000021
Gen:26
0.435112,0.522591,0.0414294,0.000867006,23.6339,-2.27995e+07
110958
Gen:27
0.435408,0.522296,0.0414294,0.000867006,23.633,-2.27987e+07
442853
ratio: 0.000038
Gen:28
0.43586,0.521844,0.0414294,0.000867006,23.6307,-2.27965e+07
139260
ratio: 0.000097
Gen:29
0.436379,0.521325,0.0414294,0.000867006,23.6291,-2.2795e+07
113985
ratio: 0.000066
Gen:30
0.44034,0.520333,0.0393267,0,23.5847,-2.27141e+07
115624
Gen:31
0.441124,0.52051,0.0383663,0,23.5808,-2.27103e+07
341162
ratio: 0.000164
Gen:32
0.44372,0.516273,0.0400069,0,23.5654,-2.26955e+07
151939
Gen:33
0.444327,0.514887,0.0407856,0,23.5463,-2.26771e+07
135092
Gen:34
0.444836,0.514378,0.0407856,0,23.5453,-2.26761e+07
115085
ratio: 0.000043
Gen:35
0.445812,0.5136,0.0405883,0,23.5386,-2.26697e+07
149414
ratio: 0.000283
Gen:36
0.446871,0.51254,0.0405883,0,23.5334,-2.26646e+07
101968
ratio: 0.000225
Gen:37
0.446762,0.512649,0.0405883,0,23.5261,-2.26576e+07
109833
ratio: 0.000309
Gen:38
0.447577,0.513667,0.0387557,0,23.4995,-2.2632e+07
83805.2
Gen:39
0.447577,0.513667,0.0387557,0,23.4995,-2.2632e+07
99416.2
ratio: 0.000000
Gen:40
0.44819,0.513054,0.0387557,0,23.4902,-2.26231e+07
105949
ratio: 0.000395
Gen:41
0.447702,0.516341,0.0359574,0,23.4702,-2.26038e+07
137632
Gen:42
0.449654,0.515188,0.0351579,0,23.4474,-2.25819e+07
140423
Gen:43
0.452354,0.514332,0.0333148,0,23.4202,-2.25556e+07
112184
Gen:44
0.453127,0.513558,0.0333148,0,23.4163,-2.25519e+07
86861.4
ratio: 0.000165
Gen:45
0.454705,0.515853,0.0294418,0,23.3795,-2.25164e+07
141233
Gen:46
0.456523,0.514036,0.0294418,0,23.3777,-2.25147e+07
100296
ratio: 0.000078
Gen:47
0.457748,0.51281,0.0294418,0,23.3664,-2.25038e+07
124298
ratio: 0.000484
Gen:48
0.45753,0.5113,0.0311707,0,23.3371,-2.24757e+07
9841.45
Gen:49
0.457919,0.51091,0.0311707,0,23.3352,-2.24738e+07
142773
ratio: 0.000083
Gen:50
0.45768,0.509264,0.0330552,0,23.3341,-2.24728e+07
147500
ratio: 0.000045
Gen:51
0.458999,0.51036,0.0306411,0,23.3202,-2.24594e+07
118309
Gen:52
0.458999,0.51036,0.0306411,0,23.3202,-2.24594e+07
91905
ratio: 0.000000
Gen:53
0.460754,0.508605,0.0306411,0,23.3073,-2.24469e+07
82535.3
Gen:54
0.460785,0.508574,0.0306411,0,23.3072,-2.24468e+07
99075.7
ratio: 0.000004
Gen:55
0.461366,0.507993,0.0306411,0,23.2995,-2.24394e+07
77524.8
ratio: 0.000333
Gen:56
0.461366,0.507993,0.0306411,0,23.2995,-2.24394e+07
135376
ratio: 0.000000
Gen:57
0.461776,0.507582,0.0306411,0,23.2986,-2.24386e+07
108466
ratio: 0.000035
Gen:58
0.462534,0.507338,0.0301271,0,23.2856,-2.2426e+07
112952
Gen:59
0.462534,0.507338,0.0301271,0,23.2856,-2.2426e+07
99782.4
ratio: 0.000000
Gen:60
0.462534,0.507338,0.0301271,0,23.2856,-2.2426e+07
127104
ratio: 0.000000
Gen:61
0.463422,0.506451,0.0301271,0,23.2794,-2.242e+07
126522
ratio: 0.000268
Gen:62
0.463786,0.506087,0.0301271,0,23.2758,-2.24166e+07
140282
ratio: 0.000152
Gen:63
0.464622,0.505251,0.0301271,0,23.2639,-2.24052e+07
114765
Gen:64
0.465146,0.504727,0.0301271,0,23.259,-2.24004e+07
62248.7
ratio: 0.000214
Gen:65
0.465909,0.503964,0.0301271,0,23.2561,-2.23976e+07
61457.9
ratio: 0.000125
Gen:66
0.465909,0.503964,0.0301271,0,23.2561,-2.23976e+07
92081.2
ratio: 0.000000
Gen:67
0.466574,0.503284,0.0301427,0,23.2513,-2.2393e+07
107451
ratio: 0.000203
Gen:68
0.467394,0.502463,0.0301427,0,23.2472,-2.2389e+07
78558.4
ratio: 0.000178
Gen:69
0.467757,0.503356,0.0288863,0,23.2367,-2.23789e+07
150140
ratio: 0.000454
Gen:70
0.468505,0.502609,0.0288863,0,23.2344,-2.23767e+07
122169
ratio: 0.000097
Gen:71
0.468505,0.502609,0.0288863,0,23.2322,-2.23746e+07
105331
ratio: 0.000094
Gen:72
0.468806,0.502266,0.0289279,0,23.216,-2.2359e+07
88597.6
Gen:73
0.468806,0.502266,0.0289279,0,23.216,-2.2359e+07
115836
ratio: 0.000000
Gen:74
0.46892,0.502152,0.0289279,0,23.2143,-2.23573e+07
79241.7
ratio: 0.000074
Gen:75
0.469486,0.501586,0.0289279,0,23.214,-2.23571e+07
74725.8
ratio: 0.000010
Gen:76
0.468645,0.501581,0.0297741,0,23.1973,-2.23409e+07
90136.9
Gen:77
0.468645,0.501581,0.0297741,0,23.1973,-2.23409e+07
116895
ratio: 0.000000
Gen:78
0.468915,0.500828,0.0302569,0,23.1919,-2.23358e+07
80982.5
ratio: 0.000231
Gen:79
0.468822,0.500922,0.0302569,0,23.1892,-2.23332e+07
129892
ratio: 0.000116
Gen:80
0.468822,0.500922,0.0302569,0,23.1892,-2.23332e+07
63976.2
ratio: 0.000000
Gen:81
0.469642,0.500101,0.0302569,0,23.1851,-2.23292e+07
86488.5
ratio: 0.000178
Gen:82
0.470436,0.499307,0.0302569,0,23.1786,-2.2323e+07
76094.7
ratio: 0.000279
Gen:83
0.471277,0.498466,0.0302569,0,23.1745,-2.2319e+07
97259
ratio: 0.000176
Gen:84
0.473338,0.496758,0.0299039,0,23.1673,-2.23121e+07
125336
ratio: 0.000312
Gen:85
0.473863,0.496233,0.0299039,0,23.1647,-2.23096e+07
91412.4
ratio: 0.000110
Gen:86
0.475316,0.49478,0.0299039,0,23.1618,-2.23068e+07
107084
ratio: 0.000126
Gen:87
0.475316,0.49478,0.0299039,0,23.1609,-2.2306e+07
102317
ratio: 0.000039
Gen:88
0.474979,0.495117,0.0299039,0,23.1565,-2.23016e+07
91134.3
ratio: 0.000194
Gen:89
0.475493,0.494058,0.030449,0,23.1558,-2.2301e+07
118751
ratio: 0.000029
Gen:90
0.475171,0.494925,0.0299039,0,23.1536,-2.22989e+07
88516.8
ratio: 0.000095
Gen:91
0.475171,0.494925,0.0299039,0,23.1536,-2.22989e+07
105683
ratio: 0.000000
Gen:92
0.475171,0.494925,0.0299039,0,23.1536,-2.22989e+07
97772.1
ratio: 0.000000
Gen:93
0.475171,0.494925,0.0299039,0,23.1503,-2.22957e+07
97068.7
ratio: 0.000143
Gen:94
0.475451,0.494645,0.0299039,0,23.1489,-2.22943e+07
111342
ratio: 0.000061
Gen:95
0.475451,0.494645,0.0299039,0,23.148,-2.22935e+07
117921
ratio: 0.000039
Gen:96
0.476375,0.494214,0.0294107,0,23.1437,-2.22894e+07
74831.3
ratio: 0.000184
FINAL Population size
18
Best : -2.22894e+07   21:31-1-26-8-51-41-36-54-18-39-48-69-23-50-17-59-11-15-49-9-68- ,  31:19-3-0-2-50-17-10-8-51-41-12-25-57-35-6-63-30-15-11-31-9-16-55-52-64-58-45-36-38-18-5- ,  27:16-1-31-11-59-10-20-33-22-19-36-41-51-56-8-55-17-50-0-69-18-65-39-48-29-66-54- ,  28:43-13-50-2-14-61-17-9-11-59-10-20-33-22-19-29-3-38-36-41-58-64-52-55-16-26-62-42- ,  30:65-19-22-38-69-23-50-13-20-33-58-41-27-67-5-54-36-45-34-35-6-63-24-30-26-16-10-17-44-14- ,  30:3-38-19-18-32-39-48-66-54-36-22-13-43-61-60-17-10-28-56-6-47-40-12-41-51-8-26-30-21-63- ,  29:21-24-42-49-26-16-10-20-43-13-22-45-36-54-32-65-67-27-25-57-41-12-40-47-6-63-30-15-11- ,  28:26-30-42-24-21-6-47-40-46-7-4-12-41-58-64-52-10-17-60-14-2-0-69-48-29-23-50-43- ,  30:56-28-10-17-44-61-43-13-33-58-41-12-40-46-7-47-6-63-30-42-62-26-8-51-34-25-27-67-37-18- ,  30:63-30-26-1-68-59-10-52-64-58-51-8-55-17-9-49-62-21-6-35-41-36-22-13-43-61-60-44-14-2- ,  31:57-34-51-8-55-10-28-56-6-47-53-4-12-41-58-33-50-0-69-38-22-13-20-17-59-1-26-30-24-62-15- ,  31:58-45-36-38-66-69-18-32-54-19-22-33-20-17-59-10-8-51-41-27-67-65-39-48-3-23-50-43-61-44-60- ,  25:46-53-4-12-27-67-18-54-36-41-51-8-26-62-15-11-9-16-10-28-56-6-47-40-7- ,  31:3-48-39-32-5-37-65-19-22-33-43-61-44-17-59-1-16-26-49-15-30-63-6-35-64-52-20-13-50-2-14- ,  23:30-24-63-6-35-41-27-67-5-54-36-45-58-51-8-26-49-42-15-11-1-9-68- , 

0.476375
0.494214
0.0294107
0
23.1437
-2.22894e+07
Initial : -2.39865e+07
0.395178
0.525073
0.0541281
0.0256208
23.7394

-----------------------------------------
Iteration:0 started

Gen:0
0.398854,0.530047,0.0706947,0.000404949,24.1025,-2.32304e+07
677163
Gen:1
0.400245,0.528572,0.070352,0.000830664,24.0803,-2.32276e+07
117112
ratio: 0.000121
Gen:2
0.402098,0.534013,0.0630578,0.000830664,24.0463,-2.31948e+07
294721
Gen:3
0.40281,0.534496,0.0618637,0.000830664,24.0378,-2.31867e+07
324728
ratio: 0.000350
Gen:4
0.403422,0.535,0.0607475,0.000830664,24.0127,-2.31625e+07
567836
Gen:5
0.404076,0.535083,0.0600103,0.000830664,24.0066,-2.31566e+07
106393
ratio: 0.000254
Gen:6
0.404658,0.535098,0.0594132,0.000830664,23.9971,-2.31475e+07
625915
ratio: 0.000394
Gen:7
0.405629,0.537253,0.0562879,0.000830664,23.9525,-2.31045e+07
613042
Gen:8
0.405629,0.537331,0.05621,0.000830664,23.9485,-2.31007e+07
446227
ratio: 0.000166
Gen:9
0.407363,0.538187,0.0536194,0.000830664,23.9287,-2.30816e+07
564746
Gen:10
0.408204,0.537346,0.0536194,0.000830664,23.9245,-2.30776e+07
373210
ratio: 0.000175
Gen:11
0.411184,0.533068,0.0544812,0.00126676,23.8191,-2.29953e+07
33160.9
Gen:12
0.411257,0.543026,0.044887,0.000830664,23.7642,-2.29234e+07
460923
Gen:13
0.413094,0.541001,0.0450739,0.000830664,23.7469,-2.29067e+07
327140
Gen:14
0.413754,0.540975,0.0444405,0.000830664,23.7358,-2.2896e+07
180614
ratio: 0.000467
Gen:15
0.415,0.539729,0.0444405,0.000830664,23.7295,-2.289e+07
168770
ratio: 0.000262
Gen:16
0.415737,0.539049,0.0443834,0.000830664,23.7271,-2.28876e+07
254018
ratio: 0.000102
Gen:17
0.416433,0.538395,0.0443419,0.000830664,23.7211,-2.28819e+07
219906
ratio: 0.000251
Gen:18
0.416848,0.537206,0.0451154,0.000830664,23.7181,-2.2879e+07
89132.6
ratio: 0.000127
Gen:19
0.419189,0.535254,0.0447261,0.000830664,23.7009,-2.28624e+07
414584
Gen:20
0.419875,0.536775,0.0429246,0.000425715,23.6815,-2.2826e+07
462988
Gen:21
0.420207,0.537331,0.0420368,0.000425715,23.671,-2.28159e+07
319935
ratio: 0.000441
Gen:22
0.420264,0.537273,0.0420368,0.000425715,23.6709,-2.28158e+07
392358
ratio: 0.000007
Gen:23
0.422424,0.53555,0.0416007,0.000425715,23.6605,-2.28057e+07
389644
ratio: 0.000439
Gen:24
0.423794,0.534179,0.0416007,0.000425715,23.642,-2.2788e+07
339918
Gen:25
0.424885,0.533302,0.0413878,0.000425715,23.5921,-2.274e+07
461475
Gen:26
0.426587,0.531599,0.0413878,0.000425715,23.5869,-2.27349e+07
53763.2
ratio: 0.000223
Gen:27
0.427984,0.533037,0.0385532,0.000425715,23.5559,-2.27051e+07
264335
Gen:28
0.427195,0.532975,0.0394046,0.000425715,23.5481,-2.26975e+07
328307
ratio: 0.000332
Gen:29
0.430331,0.53094,0.038304,0.000425715,23.5297,-2.26798e+07
101767
Gen:30
0.430507,0.531256,0.0382365,0,23.5067,-2.2639e+07
389160
Gen:31
0.431135,0.529642,0.0392229,0,23.4968,-2.26294e+07
302817
ratio: 0.000422
Gen:32
0.430268,0.530254,0.0394773,0,23.4731,-2.26066e+07
383741
Gen:33
0.432646,0.52689,0.0404637,0,23.4546,-2.25888e+07
30018.1
Gen:34
0.432646,0.52689,0.0404637,0,23.4546,-2.25888e+07
60647.9
ratio: 0.000000
Gen:35
0.432823,0.526714,0.0404637,0,23.4501,-2.25844e+07
121109
ratio: 0.000194
Gen:36
0.433394,0.52513,0.0414761,0,23.4332,-2.25682e+07
121425
Gen:37
0.433394,0.52513,0.0414761,0,23.4332,-2.25682e+07
359407
ratio: 0.000000
Gen:38
0.435039,0.526522,0.038439,0,23.4185,-2.2554e+07
331055
Gen:39
0.435694,0.525935,0.0383715,0,23.4111,-2.25469e+07
178022
ratio: 0.000318
Gen:40
0.43708,0.525613,0.0373072,0,23.3873,-2.25239e+07
126746
Gen:41
0.437604,0.524294,0.0381015,0,23.3804,-2.25173e+07
65135.5
ratio: 0.000296
Gen:42
0.438129,0.52377,0.0381015,0,23.3767,-2.25137e+07
456391
ratio: 0.000157
Gen:43
0.436311,0.523931,0.0394098,0.000347841,23.3487,-2.25022e+07
157392
Gen:44
0.436311,0.523931,0.0394098,0.000347841,23.3487,-2.25022e+07
357244
ratio: 0.000000
Gen:45
0.436779,0.523583,0.0392904,0.000347841,23.3444,-2.2498e+07
101057
ratio: 0.000185
Gen:46
0.4356,0.524481,0.0395708,0.000347841,23.3263,-2.24806e+07
112879
Gen:47
0.439271,0.520811,0.0395708,0.000347841,23.3132,-2.2468e+07
335864
Gen:48
0.440086,0.519996,0.0395708,0.000347841,23.3086,-2.24636e+07
338005
ratio: 0.000196
Gen:49
0.440641,0.51944,0.0395708,0.000347841,23.3068,-2.24618e+07
76034
ratio: 0.000078
Gen:50
0.440569,0.520245,0.0388387,0.000347841,23.3012,-2.24564e+07
108599
ratio: 0.000240
Gen:51
0.442578,0.518236,0.0388387,0.000347841,23.2958,-2.24512e+07
65848.6
ratio: 0.000232
Gen:52
0.444442,0.517192,0.0380185,0.000347841,23.2755,-2.24316e+07
135854
Gen:53
0.44563,0.516979,0.0370424,0.000347841,23.2664,-2.24229e+07
126631
ratio: 0.000389
Gen:54
0.447442,0.515167,0.0370424,0.000347841,23.2628,-2.24195e+07
152977
ratio: 0.000153
Gen:55
0.448844,0.513766,0.0370424,0.000347841,23.2555,-2.24124e+07
350507
ratio: 0.000317
Gen:56
0.451783,0.51253,0.0353396,0.000347841,23.2334,-2.23912e+07
162839
Gen:57
0.452032,0.512281,0.0353396,0.000347841,23.2248,-2.23829e+07
40080.6
ratio: 0.000370
Gen:58
0.452473,0.51184,0.0353396,0.000347841,23.2195,-2.23778e+07
80951.7
ratio: 0.000229
Gen:59
0.453226,0.511128,0.035298,0.000347841,23.216,-2.23744e+07
131869
ratio: 0.000152
Gen:60
0.453366,0.510988,0.035298,0.000347841,23.2158,-2.23743e+07
150610
ratio: 0.000006
Gen:61
0.453366,0.511746,0.03454,0.000347841,23.2037,-2.23625e+07
143885
Gen:62
0.453548,0.511564,0.03454,0.000347841,23.2035,-2.23623e+07
116466
ratio: 0.000008
Gen:63
0.454908,0.51131,0.0334342,0.000347841,23.1825,-2.23421e+07
151943
Gen:64
0.45509,0.511128,0.0334342,0.000347841,23.1823,-2.2342e+07
81254
ratio: 0.000008
Gen:65
0.455583,0.510147,0.0339222,0.000347841,23.1769,-2.23367e+07
331456
ratio: 0.000233
Gen:66
0.455583,0.510147,0.0339222,0.000347841,23.1769,-2.23367e+07
85410.8
ratio: 0.000000
Gen:67
0.455583,0.510147,0.0339222,0.000347841,23.1769,-2.23367e+07
93150
ratio: 0.000000
Gen:68
0.457052,0.50778,0.0348204,0.000347841,23.1626,-2.2323e+07
117701
Gen:69
0.457488,0.507344,0.0348204,0.000347841,23.1613,-2.23218e+07
121394
ratio: 0.000056
Gen:70
0.457488,0.507344,0.0348204,0.000347841,23.1613,-2.23218e+07
341976
ratio: 0.000000
Gen:71
0.458064,0.506767,0.0348204,0.000347841,23.1602,-2.23207e+07
127983
ratio: 0.000050
Gen:72
0.458729,0.506103,0.0348204,0.000347841,23.1569,-2.23175e+07
332115
ratio: 0.000143
Gen:73
0.459326,0.507146,0.0331798,0.000347841,23.1479,-2.23088e+07
53685.5
ratio: 0.000387
Gen:74
0.460136,0.506336,0.0331798,0.000347841,23.1394,-2.23007e+07
325875
ratio: 0.000367
Gen:75
0.460318,0.506155,0.0331798,0.000347841,23.1392,-2.23005e+07
65510.9
ratio: 0.000008
Gen:76
0.460723,0.50575,0.0331798,0.000347841,23.138,-2.22993e+07
123645
ratio: 0.000052
Gen:77
0.460723,0.50575,0.0331798,0.000347841,23.1347,-2.22962e+07
43942.5
ratio: 0.000140
Gen:78
0.462929,0.504634,0.0320896,0.000347841,23.1197,-2.22817e+07
116657
Gen:79
0.464056,0.50385,0.0317469,0.000347841,23.1122,-2.22745e+07
67633.4
ratio: 0.000326
Gen:80
0.46362,0.504286,0.0317469,0.000347841,23.1065,-2.22689e+07
330744
ratio: 0.000248
Gen:81
0.464305,0.50414,0.031207,0.000347841,23.1056,-2.22681e+07
60167.2
ratio: 0.000038
Gen:82
0.464673,0.503232,0.0317469,0.000347841,23.0998,-2.22625e+07
339668
ratio: 0.000251
Gen:83
0.465322,0.503123,0.031207,0.000347841,23.0988,-2.22616e+07
97255.7
ratio: 0.000043
Gen:84
0.465322,0.503123,0.031207,0.000347841,23.0976,-2.22604e+07
71814.7
ratio: 0.000053
Gen:85
0.464523,0.503922,0.031207,0.000347841,23.0913,-2.22544e+07
87384.5
ratio: 0.000271
Gen:86
0.464575,0.50387,0.031207,0.000347841,23.091,-2.22541e+07
153131
ratio: 0.000011
Gen:87
0.464622,0.504556,0.030475,0.000347841,23.0783,-2.22418e+07
66162.4
Gen:88
0.464622,0.504556,0.030475,0.000347841,23.0783,-2.22418e+07
77440.6
ratio: 0.000000
Gen:89
0.46554,0.502162,0.0319494,0.000347841,23.0746,-2.22383e+07
332263
ratio: 0.000160
Gen:90
0.466921,0.5017,0.0310305,0.000347841,23.0648,-2.22288e+07
64797.6
ratio: 0.000424
Gen:91
0.466921,0.5017,0.0310305,0.000347841,23.0648,-2.22288e+07
67003.4
ratio: 0.000000
Gen:92
0.466921,0.5017,0.0310305,0.000347841,23.0624,-2.22266e+07
322761
ratio: 0.000103
Gen:93
0.467923,0.500698,0.0310305,0.000347841,23.0574,-2.22217e+07
128035
ratio: 0.000217
Gen:94
0.468095,0.500527,0.0310305,0.000347841,23.0567,-2.22211e+07
62887.3
ratio: 0.000030
Gen:95
0.468256,0.500366,0.0310305,0.000347841,23.0562,-2.22206e+07
101443
ratio: 0.000021
Gen:96
0.468401,0.500828,0.0304231,0.000347841,23.0534,-2.22178e+07
73655.4
ratio: 0.000124
Gen:97
0.470042,0.500854,0.0287565,0.000347841,23.0405,-2.22054e+07
50726.5
Gen:98
0.470415,0.50048,0.0287565,0.000347841,23.0394,-2.22044e+07
64537.6
ratio: 0.000049
Gen:99
0.471023,0.499873,0.0287565,0.000347841,23.0369,-2.2202e+07
88329.4
ratio: 0.000106
Gen:100
0.471023,0.499873,0.0287565,0.000347841,23.0369,-2.2202e+07
87358.7
ratio: 0.000000
Gen:101
0.471158,0.499738,0.0287565,0.000347841,23.0278,-2.21932e+07
146908
ratio: 0.000396
Gen:102
0.471158,0.499956,0.0285385,0.000347841,23.0206,-2.21863e+07
63930.3
ratio: 0.000311
Gen:103
0.471158,0.499956,0.0285385,0.000347841,23.0206,-2.21863e+07
125026
ratio: 0.000000
Gen:104
0.472087,0.499027,0.0285385,0.000347841,23.0156,-2.21815e+07
74338.9
ratio: 0.000217
Gen:105
0.472741,0.498056,0.0288552,0.000347841,23.0118,-2.21778e+07
38267.4
ratio: 0.000166
Gen:106
0.472741,0.498056,0.0288552,0.000347841,23.0118,-2.21778e+07
104984
ratio: 0.000000
Gen:107
0.472741,0.498056,0.0288552,0.000347841,23.0118,-2.21778e+07
87856.7
ratio: 0.000000
Gen:108
0.473349,0.497448,0.0288552,0.000347841,23.0112,-2.21772e+07
67982.6
ratio: 0.000026
Gen:109
0.473504,0.497293,0.0288552,0.000347841,23.0097,-2.21758e+07
119107
ratio: 0.000065
Gen:110
0.474112,0.496498,0.0290421,0.000347841,23.0091,-2.21752e+07
81124.4
ratio: 0.000026
Gen:111
0.474112,0.496498,0.0290421,0.000347841,23.0091,-2.21752e+07
136158
ratio: 0.000000
Gen:112
0.475212,0.496171,0.0282685,0.000347841,22.9718,-2.21393e+07
46127.9
Gen:113
0.475212,0.496171,0.0282685,0.000347841,22.9718,-2.21393e+07
120602
ratio: 0.000000
Gen:114
0.476599,0.494785,0.0282685,0.000347841,22.966,-2.21337e+07
51380.4
ratio: 0.000253
Gen:115
0.476599,0.494785,0.0282685,0.000347841,22.966,-2.21337e+07
97060.5
ratio: 0.000000
Gen:116
0.477881,0.493503,0.0282685,0.000347841,22.9623,-2.21301e+07
32427.3
ratio: 0.000162
Gen:117
0.477881,0.493503,0.0282685,0.000347841,22.9623,-2.21301e+07
100151
ratio: 0.000000
Gen:118
0.477881,0.493503,0.0282685,0.000347841,22.9623,-2.21301e+07
135248
ratio: 0.000000
Gen:119
0.477881,0.493503,0.0282685,0.000347841,22.9623,-2.21301e+07
131166
ratio: 0.000000
Gen:120
0.477881,0.493503,0.0282685,0.000347841,22.9623,-2.21301e+07
74500.2
ratio: 0.000000
Gen:121
0.477881,0.493503,0.0282685,0.000347841,22.9604,-2.21283e+07
100207
ratio: 0.000082
Gen:122
0.478706,0.492231,0.028715,0.000347841,22.9439,-2.21124e+07
101623
Gen:123
0.478706,0.492231,0.028715,0.000347841,22.9439,-2.21124e+07
73944.1
ratio: 0.000000
Gen:124
0.478706,0.492231,0.028715,0.000347841,22.9439,-2.21124e+07
43355.9
ratio: 0.000000
Gen:125
0.478706,0.492231,0.028715,0.000347841,22.9439,-2.21124e+07
61665.9
ratio: 0.000000
Gen:126
0.478706,0.492231,0.028715,0.000347841,22.9439,-2.21124e+07
79904.3
ratio: 0.000000
Gen:127
0.478706,0.492231,0.028715,0.000347841,22.9439,-2.21124e+07
91600.9
ratio: 0.000000
Gen:128
0.477128,0.491852,0.0306723,0.000347841,22.9163,-2.20858e+07
156454
Gen:129
0.477481,0.491499,0.0306723,0.000347841,22.9156,-2.20852e+07
89959.5
ratio: 0.000031
Gen:130
0.477128,0.49234,0.0301843,0.000347841,22.9111,-2.20809e+07
93565.7
ratio: 0.000195
Gen:131
0.477289,0.492179,0.0301843,0.000347841,22.91,-2.20798e+07
108370
ratio: 0.000048
Gen:132
0.477289,0.492179,0.0301843,0.000347841,22.91,-2.20798e+07
135073
ratio: 0.000000
Gen:133
0.477289,0.492179,0.0301843,0.000347841,22.91,-2.20798e+07
108819
ratio: 0.000000
Gen:134
0.477289,0.492179,0.0301843,0.000347841,22.91,-2.20798e+07
80638.5
ratio: 0.000000
Gen:135
0.477289,0.492179,0.0301843,0.000347841,22.91,-2.20798e+07
115856
ratio: 0.000000
Gen:136
0.477289,0.492179,0.0301843,0.000347841,22.91,-2.20798e+07
96128.8
ratio: 0.000000
Gen:137
0.478011,0.491457,0.0301843,0.000347841,22.9016,-2.20717e+07
33739.5
ratio: 0.000365
Gen:138
0.478011,0.491457,0.0301843,0.000347841,22.9016,-2.20717e+07
104309
ratio: 0.000000
Gen:139
0.477839,0.491628,0.0301843,0.000347841,22.9015,-2.20716e+07
86773.6
ratio: 0.000004
Gen:140
0.47867,0.490798,0.0301843,0.000347841,22.9006,-2.20707e+07
123205
ratio: 0.000042
Gen:141
0.478504,0.490964,0.0301843,0.000347841,22.8982,-2.20684e+07
132205
ratio: 0.000103
Gen:142
0.478504,0.490964,0.0301843,0.000347841,22.8982,-2.20684e+07
83757.9
ratio: 0.000000
Gen:143
0.479475,0.489993,0.0301843,0.000347841,22.8958,-2.20661e+07
88580.5
ratio: 0.000105
Gen:144
0.47853,0.490938,0.0301843,0.000347841,22.8879,-2.20585e+07
151087
ratio: 0.000345
Gen:145
0.480305,0.489162,0.0301843,0.000347841,22.8873,-2.20579e+07
165237
ratio: 0.000028
Gen:146
0.480098,0.490232,0.0293224,0.000347841,22.8702,-2.20415e+07
53630.4
Gen:147
0.482502,0.48734,0.0298105,0.000347841,22.8686,-2.20399e+07
107813
ratio: 0.000069
Gen:148
0.482502,0.48734,0.0298105,0.000347841,22.8686,-2.20399e+07
110527
ratio: 0.000000
Gen:149
0.482668,0.487174,0.0298105,0.000347841,22.8677,-2.20391e+07
121341
ratio: 0.000036
Gen:150
0.484994,0.484921,0.0297378,0.000347841,22.8556,-2.20274e+07
123105
Gen:151
0.484994,0.484921,0.0297378,0.000347841,22.8556,-2.20274e+07
130304
ratio: 0.000000
Gen:152
0.484994,0.484921,0.0297378,0.000347841,22.8556,-2.20274e+07
109391
ratio: 0.000000
Gen:153
0.486219,0.484054,0.0293795,0.000347841,22.846,-2.20182e+07
63022.1
ratio: 0.000420
Gen:154
0.486219,0.484054,0.0293795,0.000347841,22.846,-2.20182e+07
52536.2
ratio: 0.000000
Gen:155
0.486219,0.484054,0.0293795,0.000347841,22.846,-2.20182e+07
144390
ratio: 0.000000
Gen:156
0.486338,0.484121,0.0291926,0.000347841,22.8411,-2.20135e+07
47571.5
ratio: 0.000210
Gen:157
0.486338,0.484121,0.0291926,0.000347841,22.8411,-2.20135e+07
127596
ratio: 0.000000
Gen:158
0.486338,0.484121,0.0291926,0.000347841,22.8411,-2.20135e+07
108900
ratio: 0.000000
Gen:159
0.486338,0.484121,0.0291926,0.000347841,22.8394,-2.20118e+07
70060.7
ratio: 0.000079
Gen:160
0.486338,0.484121,0.0291926,0.000347841,22.8394,-2.20118e+07
154317
ratio: 0.000000
Gen:161
0.485482,0.484791,0.0293795,0.000347841,22.8281,-2.20009e+07
89292.7
ratio: 0.000494
Gen:162
0.485876,0.484396,0.0293795,0.000347841,22.8277,-2.20005e+07
118957
ratio: 0.000017
Gen:163
0.486868,0.483405,0.0293795,0.000347841,22.8261,-2.19991e+07
65376.8
ratio: 0.000066
Gen:164
0.487501,0.482772,0.0293795,0.000347841,22.8183,-2.19915e+07
118904
ratio: 0.000343
Gen:165
0.487501,0.482772,0.0293795,0.000347841,22.8183,-2.19915e+07
51137.3
ratio: 0.000000
Gen:166
0.487672,0.4826,0.0293795,0.000347841,22.8176,-2.19909e+07
142723
ratio: 0.000030
Gen:167
0.487672,0.4826,0.0293795,0.000347841,22.8176,-2.19909e+07
94366.1
ratio: 0.000000
Gen:168
0.489495,0.480778,0.0293795,0.000347841,22.8102,-2.19838e+07
113966
ratio: 0.000323
Gen:169
0.489495,0.480778,0.0293795,0.000347841,22.8102,-2.19838e+07
102227
ratio: 0.000000
Gen:170
0.489495,0.480778,0.0293795,0.000347841,22.8102,-2.19838e+07
64924.4
ratio: 0.000000
FINAL Population size
18
Best : -2.19838e+07   21:31-1-26-8-51-41-36-54-18-39-48-69-23-50-17-59-11-15-49-9-68- ,  31:54-19-66-69-0-2-50-17-10-8-51-41-12-25-57-35-64-52-55-16-1-31-11-15-30-63-6-47-7-46-53- ,  27:9-31-11-59-17-20-33-22-19-36-41-51-56-6-35-34-25-27-67-18-69-0-3-29-66-54-38- ,  31:43-13-50-2-14-61-17-9-11-59-10-20-33-22-19-29-3-38-36-41-58-64-52-55-16-1-49-62-42-30-21- ,  31:13-22-38-69-23-50-43-20-55-16-26-30-15-11-68-59-10-52-64-58-41-27-67-37-32-54-5-65-19-66-18- ,  30:44-14-2-50-33-58-57-34-45-36-22-13-43-61-60-17-10-28-56-6-47-40-12-41-51-8-26-30-21-63- ,  31:44-61-43-33-22-45-41-27-25-57-51-8-26-49-42-24-63-6-21-62-30-15-11-9-17-50-23-69-48-66-54- ,  31:3-19-22-33-50-0-69-18-65-39-48-29-23-2-14-60-17-20-52-64-58-45-36-54-5-37-67-27-25-34-41- ,  31:15-30-24-42-62-21-6-47-40-46-7-4-25-57-35-64-52-8-26-49-9-17-60-61-43-33-22-38-66-3-48- ,  31:20-55-8-28-10-17-44-61-43-13-33-58-41-12-40-46-7-4-25-27-67-65-39-48-66-19-36-45-34-51-64- ,  31:37-5-54-65-32-18-38-22-33-43-20-52-64-51-34-35-6-56-8-55-16-26-30-21-63-24-62-49-1-68-11- ,  31:0-3-38-66-69-19-36-41-25-4-53-47-6-56-8-26-1-59-17-50-23-29-48-39-18-67-27-12-40-7-46- ,  29:22-33-58-34-25-4-12-27-67-18-54-36-41-51-8-26-62-15-11-9-16-10-28-56-6-47-40-7-53- ,  31:62-21-24-42-15-30-63-6-47-40-12-41-58-33-50-23-69-18-5-54-36-45-34-35-51-8-28-10-59-68-9- ,  29:30-21-24-63-6-35-41-27-67-5-54-36-45-58-51-8-26-49-42-15-11-1-68-9-59-17-43-13-50- , 

0.489495
0.480778
0.0293795
0.000347841
22.8102
-2.19838e+07
Initial : -2.39865e+07
0.395178
0.525073
0.0541281
0.0256208
23.7394

-----------------------------------------
Iteration:0 started

Gen:0
0.398854,0.530047,0.0706947,0.000404949,24.1025,-2.32304e+07
677163
Gen:1
0.400551,0.528349,0.0706947,0.000404949,24.1019,-2.32298e+07
991346
ratio: 0.000025
Gen:2
0.403531,0.523744,0.0718836,0.000841047,23.996,-2.31469e+07
301266
Gen:3
0.403531,0.523744,0.0718836,0.000841047,23.996,-2.31469e+07
609801
ratio: 0.000000
Gen:4
0.404611,0.52269,0.0718576,0.000841047,23.991,-2.3142e+07
68349
ratio: 0.000209
Gen:5
0.403832,0.522955,0.0723716,0.000841047,23.969,-2.31209e+07
390470
Gen:6
0.406423,0.520364,0.0723716,0.000841047,23.9546,-2.3107e+07
381675
Gen:7
0.405727,0.521776,0.0713073,0.00118889,23.9178,-2.30868e+07
602117
Gen:8
0.394534,0.541624,0.062549,0.00129272,23.8866,-2.30613e+07
436561
Gen:9
0.396626,0.542122,0.0599584,0.00129272,23.8585,-2.30343e+07
143247
Gen:10
0.397566,0.541188,0.0599532,0.00129272,23.8521,-2.30281e+07
552570
ratio: 0.000267
Gen:11
0.39712,0.541712,0.0598753,0.00129272,23.8442,-2.30206e+07
527454
ratio: 0.000327
Gen:12
0.401164,0.540264,0.0572795,0.00129272,23.8326,-2.30094e+07
593863
ratio: 0.000488
Gen:13
0.40134,0.542424,0.0553482,0.000887772,23.8257,-2.2985e+07
76322.7
Gen:14
0.401989,0.544744,0.0523786,0.000887772,23.7883,-2.2949e+07
463526
Gen:15
0.403147,0.543586,0.0523786,0.000887772,23.7871,-2.29479e+07
497226
ratio: 0.000049
Gen:16
0.403453,0.544106,0.052093,0.000347841,23.7751,-2.29126e+07
515555
Gen:17
0.403298,0.544832,0.050982,0.000887772,23.7312,-2.28941e+07
91325.3
Gen:18
0.403942,0.545461,0.05025,0.000347841,23.7304,-2.28696e+07
440564
Gen:19
0.404398,0.545004,0.05025,0.000347841,23.7299,-2.28692e+07
108493
ratio: 0.000019
Gen:20
0.405255,0.544163,0.0502344,0.000347841,23.7257,-2.28651e+07
76058.6
ratio: 0.000179
Gen:21
0.406594,0.543545,0.0495128,0.000347841,23.7101,-2.28501e+07
46759.3
Gen:22
0.40783,0.546676,0.0451466,0.000347841,23.6618,-2.28036e+07
364926
Gen:23
0.40783,0.546676,0.0451466,0.000347841,23.6618,-2.28036e+07
330637
ratio: 0.000000
Gen:24
0.408588,0.545928,0.0451362,0.000347841,23.658,-2.27999e+07
297217
ratio: 0.000161
Gen:25
0.408946,0.547444,0.043262,0.000347841,23.6325,-2.27754e+07
582228
Gen:26
0.408614,0.547973,0.0430647,0.000347841,23.6078,-2.27517e+07
69273.5
Gen:27
0.408692,0.547439,0.0435216,0.000347841,23.6035,-2.27475e+07
361679
ratio: 0.000183
Gen:28
0.40972,0.547132,0.0428,0.000347841,23.5871,-2.27317e+07
165640
Gen:29
0.411698,0.546348,0.0416059,0.000347841,23.5805,-2.27253e+07
129735
ratio: 0.000281
Gen:30
0.411345,0.546712,0.0415955,0.000347841,23.5571,-2.27028e+07
432972
Gen:31
0.412404,0.545653,0.0415955,0.000347841,23.5518,-2.26977e+07
81933.1
ratio: 0.000225
Gen:32
0.412684,0.545372,0.0415955,0.000347841,23.5504,-2.26963e+07
447727
ratio: 0.000059
Gen:33
0.413925,0.544661,0.0410659,0.000347841,23.5377,-2.26842e+07
93727.3
Gen:34
0.415955,0.542631,0.0410659,0.000347841,23.527,-2.26739e+07
72794.9
ratio: 0.000454
Gen:35
0.417357,0.541863,0.0404326,0.000347841,23.5171,-2.26643e+07
361518
ratio: 0.000422
Gen:36
0.417357,0.541863,0.0404326,0.000347841,23.5171,-2.26643e+07
263838
ratio: 0.000000
Gen:37
0.418442,0.540778,0.0404326,0.000347841,23.5149,-2.26622e+07
99525.4
ratio: 0.000092
Gen:38
0.419968,0.541437,0.0385947,0,23.5098,-2.2642e+07
284215
Gen:39
0.42057,0.540835,0.0385947,0,23.5049,-2.26372e+07
94797.8
ratio: 0.000208
Gen:40
0.422107,0.538166,0.0393787,0.000347841,23.4863,-2.26347e+07
112496
ratio: 0.000114
Gen:41
0.422766,0.539132,0.0381015,0,23.4828,-2.26159e+07
203130
Gen:42
0.422766,0.539132,0.0381015,0,23.4828,-2.26159e+07
129348
ratio: 0.000000
Gen:43
0.424339,0.537559,0.0381015,0,23.4757,-2.26091e+07
349362
ratio: 0.000300
Gen:44
0.424423,0.536588,0.0389893,0,23.4571,-2.25911e+07
312814
Gen:45
0.424423,0.536588,0.0389893,0,23.4571,-2.25911e+07
358675
ratio: 0.000000
Gen:46
0.424423,0.536329,0.0392489,0,23.4528,-2.2587e+07
98951.2
ratio: 0.000182
Gen:47
0.424423,0.536329,0.0392489,0,23.4528,-2.2587e+07
115903
ratio: 0.000000
Gen:48
0.425284,0.536261,0.0384545,0,23.4436,-2.25782e+07
113265
ratio: 0.000392
Gen:49
0.423125,0.538919,0.0379562,0,23.4248,-2.25601e+07
350670
Gen:50
0.423125,0.538919,0.0379562,0,23.4248,-2.25601e+07
344037
ratio: 0.000000
Gen:51
0.423758,0.54096,0.0352825,0,23.4047,-2.25408e+07
45032.1
Gen:52
0.425435,0.540461,0.0341039,0,23.3972,-2.25335e+07
105695
ratio: 0.000323
Gen:53
0.427034,0.538862,0.0341039,0,23.3905,-2.2527e+07
124611
ratio: 0.000286
Gen:54
0.428155,0.538208,0.0336367,0,23.3813,-2.25182e+07
93690.7
ratio: 0.000393
Gen:55
0.428405,0.537959,0.0336367,0,23.3758,-2.25129e+07
358403
ratio: 0.000235
Gen:56
0.429344,0.535929,0.0347269,0,23.3657,-2.25031e+07
128989
ratio: 0.000434
Gen:57
0.43288,0.532767,0.0343531,0,23.3485,-2.24866e+07
116322
Gen:58
0.433155,0.532492,0.0343531,0,23.3478,-2.2486e+07
159016
ratio: 0.000028
Gen:59
0.433679,0.531968,0.0343531,0,23.3441,-2.24823e+07
146995
ratio: 0.000161
Gen:60
0.433679,0.531968,0.0343531,0,23.3441,-2.24823e+07
107756
ratio: 0.000000
Gen:61
0.433269,0.532378,0.0343531,0,23.3372,-2.24757e+07
372481
ratio: 0.000296
Gen:62
0.43599,0.530296,0.0337146,0,23.3246,-2.24636e+07
83713.9
Gen:63
0.436581,0.529803,0.0336159,0,23.3195,-2.24587e+07
356433
ratio: 0.000218
Gen:64
0.437303,0.529974,0.032723,0,23.3156,-2.24549e+07
346391
ratio: 0.000168
Gen:65
0.437303,0.529974,0.032723,0,23.3124,-2.24518e+07
345098
ratio: 0.000139
Gen:66
0.438798,0.528479,0.032723,0,23.3097,-2.24493e+07
132446
ratio: 0.000114
Gen:67
0.439556,0.527721,0.032723,0,23.3007,-2.24405e+07
93326.1
ratio: 0.000389
Gen:68
0.439541,0.527736,0.032723,0,23.2962,-2.24362e+07
128663
ratio: 0.000193
Gen:69
0.440273,0.527819,0.0319079,0,23.2863,-2.24267e+07
106685
ratio: 0.000424
Gen:70
0.441005,0.527555,0.0314406,0,23.2784,-2.24191e+07
100187
ratio: 0.000340
Gen:71
0.441005,0.527555,0.0314406,0,23.2784,-2.24191e+07
71904
ratio: 0.000000
Gen:72
0.441015,0.527591,0.0313939,0,23.2664,-2.24075e+07
95774.8
Gen:73
0.442157,0.526449,0.0313939,0,23.2639,-2.24051e+07
116062
ratio: 0.000107
Gen:74
0.442536,0.526817,0.0306463,0,23.2552,-2.23967e+07
148419
ratio: 0.000374
Gen:75
0.442967,0.526267,0.0307657,0,23.2473,-2.23891e+07
117698
ratio: 0.000340
Gen:76
0.442967,0.526267,0.0307657,0,23.2473,-2.23891e+07
108499
ratio: 0.000000
Gen:77
0.443912,0.525961,0.0301271,0,23.2405,-2.23826e+07
339694
ratio: 0.000289
Gen:78
0.446658,0.524481,0.0288604,0,23.207,-2.23503e+07
85747.8
Gen:79
0.447806,0.523334,0.0288604,0,23.2018,-2.23453e+07
341643
ratio: 0.000225
Gen:80
0.448439,0.5227,0.0288604,0,23.1994,-2.2343e+07
178999
ratio: 0.000102
Gen:81
0.448896,0.522244,0.0288604,0,23.1918,-2.23357e+07
98932
ratio: 0.000329
Gen:82
0.449934,0.520873,0.0291926,0,23.1837,-2.23279e+07
194059
ratio: 0.000349
Gen:83
0.449934,0.520873,0.0291926,0,23.1837,-2.23279e+07
79706.5
ratio: 0.000000
Gen:84
0.450775,0.520032,0.0291926,0,23.1815,-2.23258e+07
153019
ratio: 0.000095
Gen:85
0.451751,0.519056,0.0291926,0,23.1776,-2.2322e+07
107490
ratio: 0.000170
Gen:86
0.45265,0.517519,0.0298312,0,23.1708,-2.23154e+07
45860.7
ratio: 0.000293
Gen:87
0.454581,0.515588,0.0298312,0,23.1612,-2.23062e+07
163865
ratio: 0.000413
Gen:88
0.454991,0.515178,0.0298312,0,23.1604,-2.23054e+07
124477
ratio: 0.000035
Gen:89
0.455157,0.515245,0.0295976,0,23.1571,-2.23022e+07
95557.8
ratio: 0.000143
Gen:90
0.456304,0.513864,0.0298312,0,23.1526,-2.22979e+07
84672.7
ratio: 0.000195
Gen:91
0.456979,0.513423,0.0295976,0,23.1476,-2.22931e+07
98476.5
ratio: 0.000212
Gen:92
0.456979,0.513423,0.0295976,0,23.1476,-2.22931e+07
108479
ratio: 0.000000
Gen:93
0.458251,0.512151,0.0295976,0,23.142,-2.22877e+07
102642
ratio: 0.000245
Gen:94
0.458355,0.512047,0.0295976,0,23.1413,-2.22871e+07
107280
ratio: 0.000027
Gen:95
0.458355,0.512047,0.0295976,0,23.1413,-2.22871e+07
105845
ratio: 0.000000
Gen:96
0.458646,0.511756,0.0295976,0,23.1399,-2.22857e+07
45258.7
ratio: 0.000062
Gen:97
0.454711,0.512421,0.0328683,0,23.1286,-2.22748e+07
74822.7
ratio: 0.000488
Gen:98
0.456507,0.511653,0.0318404,0,23.105,-2.22521e+07
61962.7
Gen:99
0.456507,0.511653,0.0318404,0,23.105,-2.22521e+07
43341.2
ratio: 0.000000
Gen:100
0.457011,0.511149,0.0318404,0,23.1045,-2.22516e+07
118953
ratio: 0.000022
Gen:101
0.457846,0.510313,0.0318404,0,23.1018,-2.2249e+07
142796
ratio: 0.000117
Gen:102
0.457924,0.510235,0.0318404,0,23.1013,-2.22485e+07
80868.6
ratio: 0.000020
Gen:103
0.458282,0.509877,0.0318404,0,23.0996,-2.22469e+07
97137.3
ratio: 0.000074
Gen:104
0.458225,0.509934,0.0318404,0,23.0996,-2.22468e+07
77202
ratio: 0.000001
Gen:105
0.458911,0.509249,0.0318404,0,23.0983,-2.22457e+07
117920
ratio: 0.000053
Gen:106
0.458911,0.509249,0.0318404,0,23.0983,-2.22457e+07
92991.1
ratio: 0.000000
Gen:107
0.459409,0.508751,0.0318404,0,23.0958,-2.22433e+07
30970.1
ratio: 0.000108
Gen:108
0.459409,0.508751,0.0318404,0,23.0958,-2.22433e+07
133405
ratio: 0.000000
Gen:109
0.459866,0.508294,0.0318404,0,23.0949,-2.22424e+07
99060.2
ratio: 0.000040
Gen:110
0.460017,0.508688,0.0312953,0,23.0849,-2.22327e+07
102970
ratio: 0.000436
Gen:111
0.460473,0.508231,0.0312953,0,23.0844,-2.22322e+07
99728.6
ratio: 0.000022
Gen:112
0.46038,0.508548,0.031072,0,23.0823,-2.22303e+07
77703.7
ratio: 0.000087
Gen:113
0.460785,0.508143,0.031072,0,23.0787,-2.22268e+07
120485
ratio: 0.000157
Gen:114
0.461553,0.507375,0.031072,0,23.0784,-2.22264e+07
98495.4
ratio: 0.000016
Gen:115
0.461984,0.506944,0.031072,0,23.0686,-2.2217e+07
114047
ratio: 0.000424
Gen:116
0.461984,0.506944,0.031072,0,23.0683,-2.22168e+07
88632.4
ratio: 0.000010
Gen:117
0.461984,0.506944,0.031072,0,23.0683,-2.22168e+07
121875
ratio: 0.000000
Gen:118
0.461984,0.506944,0.031072,0,23.0683,-2.22168e+07
97600.3
ratio: 0.000000
FINAL Population size
18
Best : -2.22168e+07   21:16-1-26-8-51-41-36-54-18-39-48-69-23-50-17-59-11-15-49-9-68- ,  30:66-3-0-2-50-17-10-8-51-41-12-25-57-35-64-52-55-16-1-31-11-15-30-63-6-47-7-46-40-4- ,  31:1-26-30-24-62-42-15-11-59-17-20-33-22-19-36-41-51-56-6-35-34-25-27-67-18-69-0-2-14-44-60- ,  28:43-13-50-2-14-61-17-9-11-59-10-20-33-22-19-29-3-38-36-45-58-64-52-55-16-26-1-31- ,  24:36-22-38-69-23-50-43-20-55-16-26-30-15-11-68-59-10-52-64-58-41-27-12-40- ,  27:66-38-19-65-54-36-22-13-43-61-60-17-10-28-56-6-47-40-12-41-51-8-26-30-21-24-42- ,  31:14-61-43-33-22-45-41-27-25-57-51-8-26-49-42-24-63-6-21-62-30-15-11-9-17-50-23-69-48-3-0- ,  31:22-19-66-3-69-18-65-39-48-29-23-2-14-60-17-20-52-64-58-45-36-54-5-37-67-27-41-34-51-8-26- ,  24:62-15-42-24-21-30-26-16-10-17-50-0-3-38-36-19-65-37-5-32-18-69-48-39- ,  30:16-55-52-64-51-8-28-10-17-44-61-43-13-33-58-41-12-40-46-7-4-25-27-67-65-39-48-66-19-54- ,  30:61-44-14-2-23-29-66-54-32-18-38-22-33-43-20-52-64-51-34-35-6-56-8-55-16-26-30-21-63-24- ,  31:13-22-38-66-69-19-36-41-25-4-53-47-6-56-8-26-1-59-17-50-23-29-48-39-18-67-27-12-40-7-46- ,  24:7-53-4-12-27-67-18-54-36-41-51-8-26-62-49-1-16-10-28-56-6-47-40-46- ,  28:21-62-26-16-9-11-49-15-30-63-6-47-40-12-41-58-33-50-23-69-18-5-54-36-45-34-35-57- ,  26:21-30-62-24-63-6-35-41-27-67-5-54-36-45-58-51-8-26-49-42-15-11-1-68-9-31- , 

0.461984
0.506944
0.031072
0
23.0683
-2.22168e+07
Initial : -2.39865e+07
0.395178
0.525073
0.0541281
0.0256208
23.7394

-----------------------------------------
Iteration:0 started

Gen:0
0.398854,0.530047,0.0706947,0.000404949,24.1025,-2.32304e+07
677163
Gen:1
0.400775,0.52972,0.0691009,0.000404949,24.0865,-2.3215e+07
392315
Gen:2
0.389581,0.545674,0.0638002,0.00094488,23.9823,-2.31382e+07
699965
Gen:3
0.390293,0.546156,0.0626061,0.00094488,23.9738,-2.31301e+07
278943
ratio: 0.000351
Gen:4
0.391585,0.545269,0.0622012,0.00094488,23.9682,-2.31246e+07
587822
ratio: 0.000234
Gen:5
0.391175,0.54381,0.0640701,0.00094488,23.9075,-2.30662e+07
531890
Gen:6
0.391824,0.54613,0.0611005,0.00094488,23.8701,-2.30302e+07
583251
Gen:7
0.393953,0.545341,0.0597611,0.00094488,23.8631,-2.30236e+07
351674
ratio: 0.000290
Gen:8
0.394856,0.548477,0.055722,0.00094488,23.8258,-2.29877e+07
250055
Gen:9
0.395868,0.548685,0.0545019,0.00094488,23.7952,-2.29582e+07
367887
Gen:10
0.395142,0.549386,0.0541801,0.00129272,23.7584,-2.29381e+07
136427
Gen:11
0.397836,0.547247,0.0536246,0.00129272,23.7359,-2.29164e+07
96914.8
Gen:12
0.397514,0.547527,0.0536661,0.00129272,23.7217,-2.29027e+07
131868
Gen:13
0.398454,0.546592,0.0536609,0.00129272,23.7153,-2.28965e+07
108643
ratio: 0.000269
Gen:14
0.39876,0.547091,0.0533961,0.000752789,23.7033,-2.28613e+07
179287
Gen:15
0.40173,0.544261,0.0532559,0.000752789,23.6892,-2.28478e+07
94081.9
Gen:16
0.401751,0.545559,0.0519373,0.000752789,23.6704,-2.28297e+07
278865
Gen:17
0.407446,0.540965,0.0511845,0.000404949,23.6663,-2.28104e+07
69122.2
Gen:18
0.408204,0.542725,0.0486665,0.000404949,23.6487,-2.27935e+07
118299
Gen:19
0.409201,0.542169,0.0482252,0.000404949,23.6385,-2.27836e+07
71002.5
ratio: 0.000435
Gen:20
0.409761,0.54234,0.0474932,0.000404949,23.6314,-2.27768e+07
328459
ratio: 0.000298
Gen:21
0.409761,0.54234,0.0474932,0.000404949,23.6314,-2.27768e+07
114527
ratio: 0.000000
Gen:22
0.410763,0.541406,0.0474257,0.000404949,23.6267,-2.27723e+07
653648
ratio: 0.000200
Gen:23
0.412466,0.540477,0.0466522,0.000404949,23.6199,-2.27657e+07
79329.3
ratio: 0.000288
Gen:24
0.414558,0.540202,0.0448351,0.000404949,23.5935,-2.27404e+07
123970
Gen:25
0.415181,0.539579,0.0448351,0.000404949,23.5892,-2.27363e+07
63593.7
ratio: 0.000181
Gen:26
0.415431,0.539329,0.0448351,0.000404949,23.5848,-2.2732e+07
154638
ratio: 0.000188
Gen:27
0.416723,0.538037,0.0448351,0.000404949,23.5808,-2.27281e+07
151280
ratio: 0.000170
Gen:28
0.417315,0.537543,0.0447364,0.000404949,23.575,-2.27225e+07
391231
ratio: 0.000246
Gen:29
0.417315,0.537543,0.0447364,0.000404949,23.575,-2.27225e+07
84986.1
ratio: 0.000000
Gen:30
0.417808,0.53705,0.0447364,0.000404949,23.57,-2.27177e+07
303843
ratio: 0.000211
Gen:31
0.418613,0.536671,0.0443107,0.000404949,23.5347,-2.26838e+07
339402
Gen:32
0.418613,0.536671,0.0443107,0.000404949,23.5347,-2.26838e+07
138434
ratio: 0.000000
Gen:33
0.419013,0.536271,0.0443107,0.000404949,23.5281,-2.26774e+07
9130.74
ratio: 0.000279
Gen:34
0.419828,0.535472,0.0442952,0.000404949,23.5142,-2.2664e+07
332420
Gen:35
0.420482,0.535,0.0441134,0.000404949,23.5098,-2.26598e+07
434137
ratio: 0.000187
Gen:36
0.422107,0.534491,0.0429972,0.000404949,23.4957,-2.26462e+07
348297
Gen:37
0.423099,0.532845,0.0436514,0.000404949,23.4748,-2.2626e+07
337998
Gen:38
0.423826,0.532118,0.0436514,0.000404949,23.474,-2.26253e+07
446614
ratio: 0.000031
Gen:39
0.424002,0.535555,0.040038,0.000404949,23.4478,-2.26001e+07
280468
Gen:40
0.424002,0.535555,0.040038,0.000404949,23.4478,-2.26001e+07
365157
ratio: 0.000000
Gen:41
0.425643,0.533914,0.040038,0.000404949,23.4445,-2.25969e+07
422941
ratio: 0.000140
Gen:42
0.425103,0.534454,0.040038,0.000404949,23.4419,-2.25944e+07
319008
ratio: 0.000112
Gen:43
0.427501,0.533608,0.0384857,0.000404949,23.4327,-2.25856e+07
105159
ratio: 0.000389
Gen:44
0.428571,0.533432,0.0375927,0.000404949,23.4286,-2.25816e+07
320759
ratio: 0.000175
Gen:45
0.429837,0.532409,0.0373487,0.000404949,23.4233,-2.25765e+07
513746
ratio: 0.000226
Gen:46
0.433399,0.529164,0.037032,0.000404949,23.4088,-2.25625e+07
87739.4
Gen:47
0.434001,0.528562,0.037032,0.000404949,23.4063,-2.25602e+07
326346
ratio: 0.000103
Gen:48
0.43438,0.528224,0.0369905,0.000404949,23.4014,-2.25554e+07
411208
ratio: 0.000213
Gen:49
0.433965,0.52852,0.0371099,0.000404949,23.3836,-2.25383e+07
432569
Gen:50
0.434385,0.5281,0.0371099,0.000404949,23.3767,-2.25317e+07
461177
ratio: 0.000296
Gen:51
0.424101,0.538322,0.0375772,0,23.3711,-2.25083e+07
136523
Gen:52
0.427885,0.535358,0.0367569,0,23.3563,-2.24942e+07
300923
Gen:53
0.429988,0.53299,0.0370217,0,23.342,-2.24803e+07
40809
Gen:54
0.430798,0.531007,0.038195,0,23.3326,-2.24712e+07
120529
ratio: 0.000403
Gen:55
0.43235,0.53136,0.0362896,0,23.3228,-2.24618e+07
184730
ratio: 0.000418
Gen:56
0.430948,0.53326,0.0357912,0,23.3109,-2.24504e+07
291642
Gen:57
0.432132,0.532305,0.0355628,0,23.3078,-2.24474e+07
168072
ratio: 0.000131
Gen:58
0.433498,0.531916,0.0345868,0,23.297,-2.2437e+07
55699
ratio: 0.000465
Gen:59
0.433814,0.530846,0.0353396,0,23.2859,-2.24263e+07
483190
ratio: 0.000474
Gen:60
0.433814,0.530846,0.0353396,0,23.2854,-2.24258e+07
96646.2
ratio: 0.000023
Gen:61
0.434598,0.530182,0.0352202,0,23.2814,-2.2422e+07
409171
ratio: 0.000171
Gen:62
0.435076,0.529553,0.0353707,0,23.2734,-2.24143e+07
419070
ratio: 0.000343
Gen:63
0.436202,0.527285,0.0365129,0,23.2703,-2.24113e+07
176630
ratio: 0.000133
Gen:64
0.438263,0.525192,0.036544,0,23.2498,-2.23915e+07
121870
Gen:65
0.438263,0.525192,0.036544,0,23.2498,-2.23915e+07
296963
ratio: 0.000000
Gen:66
0.438829,0.52527,0.0359003,0,23.2463,-2.23882e+07
95247.9
ratio: 0.000149
Gen:67
0.439754,0.523702,0.036544,0,23.2403,-2.23824e+07
102228
ratio: 0.000258
Gen:68
0.441898,0.522732,0.0353707,0,23.2278,-2.23703e+07
291965
Gen:69
0.442474,0.522155,0.0353707,0,23.2266,-2.23692e+07
97708.2
ratio: 0.000050
Gen:70
0.443061,0.521569,0.0353707,0,23.2243,-2.23669e+07
302228
ratio: 0.000102
Gen:71
0.442749,0.523209,0.0340416,0,23.2108,-2.2354e+07
52569.4
Gen:72
0.443159,0.522799,0.0340416,0,23.2088,-2.2352e+07
154405
ratio: 0.000088
Gen:73
0.443159,0.522799,0.0340416,0,23.2072,-2.23505e+07
404241
ratio: 0.000066
Gen:74
0.444156,0.522607,0.0332369,0,23.197,-2.23406e+07
420761
ratio: 0.000443
Gen:75
0.444156,0.522607,0.0332369,0,23.197,-2.23406e+07
288740
ratio: 0.000000
Gen:76
0.444156,0.522607,0.0332369,0,23.197,-2.23406e+07
58995.5
ratio: 0.000000
Gen:77
0.444898,0.521865,0.0332369,0,23.1947,-2.23385e+07
417326
ratio: 0.000096
Gen:78
0.445589,0.521174,0.0332369,0,23.1891,-2.23331e+07
214712
ratio: 0.000241
Gen:79
0.445589,0.521174,0.0332369,0,23.1891,-2.23331e+07
300015
ratio: 0.000000
Gen:80
0.44481,0.520998,0.0341922,0,23.1526,-2.22979e+07
312505
Gen:81
0.44481,0.520998,0.0341922,0,23.1526,-2.22979e+07
120085
ratio: 0.000000
Gen:82
0.446243,0.519565,0.0341922,0,23.146,-2.22915e+07
77419.4
ratio: 0.000285
Gen:83
0.446321,0.519487,0.0341922,0,23.1454,-2.2291e+07
160608
ratio: 0.000024
Gen:84
0.447198,0.51876,0.0340416,0,23.1389,-2.22847e+07
413898
ratio: 0.000282
Gen:85
0.447837,0.518121,0.0340416,0,23.1357,-2.22816e+07
158560
ratio: 0.000139
Gen:86
0.448538,0.517421,0.0340416,0,23.1182,-2.22648e+07
93002.9
Gen:87
0.449799,0.5178,0.0324011,0,23.1059,-2.2253e+07
401298
Gen:88
0.449799,0.5178,0.0324011,0,23.1059,-2.2253e+07
295074
ratio: 0.000000
Gen:89
0.450697,0.516901,0.0324011,0,23.103,-2.22502e+07
38942.1
ratio: 0.000126
Gen:90
0.451102,0.516886,0.0320117,0,23.0914,-2.2239e+07
135543
Gen:91
0.452001,0.515988,0.0320117,0,23.0885,-2.22362e+07
412991
ratio: 0.000126
Gen:92
0.452001,0.515988,0.0320117,0,23.0844,-2.22323e+07
129254
ratio: 0.000176
Gen:93
0.452364,0.514108,0.0335277,0,23.0812,-2.22291e+07
70648.6
ratio: 0.000143
Gen:94
0.452364,0.514108,0.0335277,0,23.0812,-2.22291e+07
304011
ratio: 0.000000
Gen:95
0.453387,0.513086,0.0335277,0,23.0755,-2.22237e+07
98770.8
ratio: 0.000244
Gen:96
0.453387,0.513086,0.0335277,0,23.075,-2.22232e+07
50447.9
ratio: 0.000023
Gen:97
0.453818,0.512753,0.033429,0,23.068,-2.22164e+07
404385
ratio: 0.000305
Gen:98
0.453818,0.512753,0.033429,0,23.068,-2.22164e+07
418493
ratio: 0.000000
Gen:99
0.455193,0.511378,0.033429,0,23.0666,-2.22151e+07
120797
ratio: 0.000060
Gen:100
0.454399,0.512172,0.033429,0,23.0664,-2.22149e+07
145611
ratio: 0.000008
Gen:101
0.455458,0.511481,0.0330604,0,23.041,-2.21905e+07
141310
Gen:102
0.455458,0.511481,0.0330604,0,23.041,-2.21905e+07
83254.6
ratio: 0.000000
Gen:103
0.456092,0.510848,0.0330604,0,23.0386,-2.21881e+07
88337.4
ratio: 0.000107
Gen:104
0.455666,0.511274,0.0330604,0,23.0372,-2.21868e+07
97376.4
ratio: 0.000058
Gen:105
0.456299,0.51064,0.0330604,0,23.0348,-2.21844e+07
75019.2
ratio: 0.000107
Gen:106
0.456299,0.51064,0.0330604,0,23.0348,-2.21844e+07
136526
ratio: 0.000000
Gen:107
0.456465,0.510126,0.0334083,0,23.0106,-2.21611e+07
147748
Gen:108
0.456465,0.510126,0.0334083,0,23.0106,-2.21611e+07
313305
ratio: 0.000000
Gen:109
0.45687,0.509721,0.0334083,0,23.0071,-2.21578e+07
88099.8
ratio: 0.000152
Gen:110
0.45687,0.509721,0.0334083,0,23.0071,-2.21578e+07
123567
ratio: 0.000000
Gen:111
0.457961,0.507655,0.0343843,0,22.9996,-2.21505e+07
148180
ratio: 0.000326
Gen:112
0.457961,0.507655,0.0343843,0,22.9996,-2.21505e+07
59147.3
ratio: 0.000000
Gen:113
0.458905,0.50671,0.0343843,0,22.9962,-2.21473e+07
329106
ratio: 0.000148
Gen:114
0.459487,0.506129,0.0343843,0,22.995,-2.21461e+07
139102
ratio: 0.000051
Gen:115
0.45985,0.505765,0.0343843,0,22.9943,-2.21454e+07
140606
ratio: 0.000032
Gen:116
0.459238,0.506378,0.0343843,0,22.9929,-2.21441e+07
99372.2
ratio: 0.000061
Gen:117
0.459866,0.50575,0.0343843,0,22.9843,-2.21359e+07
309706
ratio: 0.000371
Gen:118
0.459866,0.50575,0.0343843,0,22.9843,-2.21359e+07
106427
ratio: 0.000000
Gen:119
0.459866,0.50575,0.0343843,0,22.9837,-2.21353e+07
96316.6
ratio: 0.000026
Gen:120
0.459866,0.50575,0.0343843,0,22.9788,-2.21305e+07
122532
ratio: 0.000215
Gen:121
0.460406,0.505771,0.0338236,0,22.9757,-2.21275e+07
111341
ratio: 0.000135
Gen:122
0.461294,0.504675,0.0340313,0,22.9733,-2.21252e+07
104020
ratio: 0.000105
Gen:123
0.460447,0.505729,0.0338236,0,22.9704,-2.21224e+07
147645
ratio: 0.000125
Gen:124
0.461564,0.504613,0.0338236,0,22.9665,-2.21187e+07
111911
ratio: 0.000169
Gen:125
0.462026,0.504151,0.0338236,0,22.9656,-2.21178e+07
28708.5
ratio: 0.000040
Gen:126
0.463453,0.501996,0.0345504,0,22.9521,-2.21048e+07
112243
Gen:127
0.463453,0.501996,0.0345504,0,22.9521,-2.21048e+07
306814
ratio: 0.000000
Gen:128
0.463453,0.501996,0.0345504,0,22.9521,-2.21048e+07
124808
ratio: 0.000000
Gen:129
0.463453,0.501996,0.0345504,0,22.9521,-2.21048e+07
132299
ratio: 0.000000
Gen:130
0.463453,0.501996,0.0345504,0,22.9521,-2.21048e+07
75558.6
ratio: 0.000000
Gen:131
0.463453,0.501996,0.0345504,0,22.9521,-2.21048e+07
52183.3
ratio: 0.000000
Gen:132
0.46283,0.501949,0.0352202,0,22.9512,-2.2104e+07
140889
ratio: 0.000037
Gen:133
0.46283,0.501949,0.0352202,0,22.9512,-2.2104e+07
125157
ratio: 0.000000
Gen:134
0.46283,0.501949,0.0352202,0,22.9505,-2.21033e+07
134769
ratio: 0.000032
Gen:135
0.463583,0.501197,0.0352202,0,22.9497,-2.21025e+07
96517.1
ratio: 0.000033
Gen:136
0.463583,0.501197,0.0352202,0,22.9497,-2.21025e+07
132194
ratio: 0.000000
Gen:137
0.464263,0.500517,0.0352202,0,22.9453,-2.20983e+07
318280
ratio: 0.000193
Gen:138
0.464575,0.500558,0.0348671,0,22.9436,-2.20967e+07
317710
ratio: 0.000072
Gen:139
0.464575,0.500558,0.0348671,0,22.9436,-2.20967e+07
318059
ratio: 0.000000
Gen:140
0.464575,0.500558,0.0348671,0,22.9436,-2.20967e+07
131210
ratio: 0.000000
Gen:141
0.4654,0.499733,0.0348671,0,22.942,-2.20951e+07
97462
ratio: 0.000072
Gen:142
0.4654,0.499733,0.0348671,0,22.9412,-2.20944e+07
132856
ratio: 0.000032
Gen:143
0.4654,0.499733,0.0348671,0,22.9412,-2.20944e+07
83931
ratio: 0.000000
Gen:144
0.465961,0.498819,0.0352202,0,22.9377,-2.2091e+07
66937.5
ratio: 0.000154
Gen:145
0.465961,0.498819,0.0352202,0,22.9377,-2.2091e+07
314262
ratio: 0.000000
Gen:146
0.465961,0.498819,0.0352202,0,22.9377,-2.2091e+07
92411.2
ratio: 0.000000
FINAL Population size
18
Best : -2.2091e+07   21:31-1-26-8-51-41-36-54-18-39-48-69-23-50-17-59-11-15-49-9-68- ,  31:3-69-0-2-50-17-10-8-51-41-12-25-57-35-64-52-55-16-1-31-11-15-30-63-6-47-7-46-53-40-4- ,  31:21-24-42-15-11-59-17-20-33-22-19-36-41-51-56-6-35-34-25-27-67-18-69-0-3-48-66-29-23-2-14- ,  31:13-50-2-14-61-17-9-11-59-10-20-33-22-19-29-3-38-36-45-58-64-52-55-16-26-62-42-15-49-1-31- ,  31:13-22-38-69-23-50-43-20-55-16-26-30-15-11-68-59-10-52-64-58-41-27-67-65-19-36-45-34-35-6-47- ,  29:55-52-64-58-35-34-45-36-22-13-43-61-60-17-10-28-56-6-47-40-12-41-51-8-26-30-21-63-24- ,  31:14-44-60-61-43-33-22-45-41-27-25-57-51-8-26-49-42-24-63-6-21-62-30-15-11-9-17-50-23-69-48- ,  27:0-69-18-65-39-48-29-23-2-14-60-17-20-52-64-58-45-36-54-5-37-67-27-25-12-40-47- ,  31:31-9-59-68-1-49-42-15-62-24-63-21-30-26-16-10-17-50-0-69-29-48-66-18-65-39-32-5-67-27-12- ,  31:51-35-64-52-8-28-10-17-44-61-43-13-33-58-41-12-40-46-7-4-25-27-67-65-39-48-66-38-54-19-29- ,  27:45-58-57-41-36-54-32-18-38-22-33-43-20-52-64-51-34-35-6-56-8-55-16-26-30-21-63- ,  31:65-54-38-66-69-19-36-41-25-4-53-47-6-56-8-26-1-59-17-50-23-29-48-39-18-67-27-12-40-7-46- ,  20:5-54-38-69-3-48-66-19-22-33-20-10-16-26-30-63-24-62-42-49- ,  27:42-15-30-63-6-47-40-12-41-58-33-50-23-69-18-5-54-36-45-34-35-57-25-4-53-46-7- ,  25:21-62-30-24-63-6-35-41-27-67-5-54-36-45-58-51-8-26-49-42-15-11-1-9-31- , 

0.465961
0.498819
0.0352202
0
22.9377
-2.2091e+07
Initial : -2.39865e+07
0.395178
0.525073
0.0541281
0.0256208
23.7394

-----------------------------------------
Iteration:0 started

Gen:0
0.398854,0.530047,0.0706947,0.000404949,24.1025,-2.32304e+07
677163
Gen:1
0.400852,0.530571,0.0681716,0.000404949,24.0965,-2.32246e+07
685507
ratio: 0.000250
Gen:2
0.392468,0.556503,0.0501254,0.000903347,24.042,-2.31938e+07
81224.8
Gen:3
0.401325,0.535,0.0627307,0.00094488,23.9009,-2.30599e+07
683192
Gen:4
0.402779,0.533603,0.0626736,0.00094488,23.8956,-2.30548e+07
772497
ratio: 0.000219
Gen:5
0.403313,0.529699,0.0652642,0.00172363,23.8302,-2.30259e+07
43211.1
Gen:6
0.405504,0.529496,0.0632758,0.00172363,23.8012,-2.29981e+07
140305
Gen:7
0.404544,0.532289,0.0619831,0.0011837,23.8003,-2.29735e+07
625512
Gen:8
0.40594,0.533084,0.0597922,0.0011837,23.7777,-2.29518e+07
892629
Gen:9
0.406532,0.533504,0.0591848,0.000778747,23.7717,-2.29283e+07
1.0779e+06
Gen:10
0.406532,0.533582,0.0591069,0.000778747,23.7679,-2.29246e+07
675011
ratio: 0.000160
Gen:11
0.407332,0.532783,0.0591069,0.000778747,23.7671,-2.29239e+07
427566
ratio: 0.000034
Gen:12
0.407191,0.533556,0.0584736,0.000778747,23.7568,-2.29139e+07
437031
ratio: 0.000433
Gen:13
0.411926,0.530327,0.056563,0.0011837,23.6966,-2.28738e+07
306509
Gen:14
0.412674,0.529657,0.0564851,0.0011837,23.6891,-2.28665e+07
127884
ratio: 0.000317
Gen:15
0.414667,0.531438,0.0527108,0.0011837,23.641,-2.28203e+07
152516
Gen:16
0.416635,0.530182,0.0519996,0.0011837,23.625,-2.28049e+07
600698
Gen:17
0.417383,0.529948,0.0514856,0.0011837,23.6103,-2.27908e+07
481251
Gen:18
0.419709,0.527762,0.0513454,0.0011837,23.5963,-2.27773e+07
677246
Gen:19
0.418899,0.530483,0.0498398,0.000778747,23.577,-2.27409e+07
288118
Gen:20
0.419963,0.530976,0.0490611,0,23.5876,-2.27169e+07
370323
Gen:21
0.421863,0.529849,0.0482875,0,23.5716,-2.27014e+07
331305
Gen:22
0.421863,0.529849,0.0482875,0,23.5716,-2.27014e+07
119772
ratio: 0.000000
Gen:23
0.422964,0.531443,0.0455931,0,23.5439,-2.26748e+07
348530
Gen:24
0.425892,0.529491,0.044617,0,23.5336,-2.26648e+07
362307
ratio: 0.000440
Gen:25
0.427589,0.528505,0.0439058,0,23.5015,-2.2634e+07
480893
Gen:26
0.427922,0.528172,0.0439058,0,23.4992,-2.26317e+07
466237
ratio: 0.000099
Gen:27
0.428586,0.527508,0.0439058,0,23.4941,-2.26268e+07
24566.6
ratio: 0.000217
Gen:28
0.428763,0.528427,0.0428103,0,23.486,-2.2619e+07
142706
ratio: 0.000346
Gen:29
0.427361,0.529226,0.0434126,0,23.4673,-2.2601e+07
70209.5
Gen:30
0.428041,0.528302,0.0436566,0,23.4527,-2.25869e+07
338301
Gen:31
0.427538,0.528629,0.0438331,0,23.4513,-2.25856e+07
117343
ratio: 0.000058
Gen:32
0.428218,0.52837,0.0434126,0,23.437,-2.25718e+07
340365
Gen:33
0.428716,0.527871,0.0434126,0,23.4345,-2.25694e+07
132001
ratio: 0.000106
Gen:34
0.429308,0.527243,0.0434489,0,23.43,-2.25651e+07
99989.2
ratio: 0.000191
Gen:35
0.430434,0.526459,0.0431063,0,23.4225,-2.25578e+07
74617.1
ratio: 0.000322
Gen:36
0.431192,0.527254,0.041554,0,23.4148,-2.25504e+07
441757
ratio: 0.000327
Gen:37
0.432926,0.524606,0.0424677,0,23.4085,-2.25444e+07
305904
ratio: 0.000268
Gen:38
0.432926,0.524606,0.0424677,0,23.3955,-2.25318e+07
117566
Gen:39
0.432978,0.524554,0.0424677,0,23.3952,-2.25316e+07
348730
ratio: 0.000011
Gen:40
0.433612,0.52499,0.0413982,0,23.3856,-2.25223e+07
445143
ratio: 0.000410
Gen:41
0.435652,0.524434,0.0399134,0,23.3715,-2.25087e+07
114755
Gen:42
0.435662,0.524424,0.0399134,0,23.3715,-2.25087e+07
334745
ratio: 0.000000
Gen:43
0.435076,0.522965,0.0419589,0,23.369,-2.25063e+07
111844
ratio: 0.000107
Gen:44
0.435906,0.521335,0.0427584,0,23.3584,-2.24961e+07
91174.2
ratio: 0.000451
Gen:45
0.440761,0.52053,0.0387089,0,23.3408,-2.24791e+07
342402
Gen:46
0.441488,0.519804,0.0387089,0,23.3349,-2.24735e+07
123639
ratio: 0.000251
Gen:47
0.442796,0.519689,0.0375149,0,23.3319,-2.24706e+07
350381
ratio: 0.000129
Gen:48
0.443606,0.51849,0.0379042,0,23.323,-2.2462e+07
101336
ratio: 0.000381
Gen:49
0.444244,0.517872,0.0378835,0,23.3197,-2.24589e+07
139922
ratio: 0.000141
Gen:50
0.444166,0.517929,0.0379042,0,23.3169,-2.24562e+07
121132
ratio: 0.000120
Gen:51
0.443003,0.519025,0.0379717,0,23.3082,-2.24478e+07
40130.2
ratio: 0.000372
Gen:52
0.443517,0.518511,0.0379717,0,23.3067,-2.24463e+07
102624
ratio: 0.000066
Gen:53
0.444213,0.517857,0.0379302,0,23.301,-2.24409e+07
97175.9
ratio: 0.000243
Gen:54
0.445475,0.518236,0.0362896,0,23.2887,-2.2429e+07
329905
Gen:55
0.447531,0.514539,0.0379302,0,23.2849,-2.24254e+07
131139
ratio: 0.000165
Gen:56
0.446622,0.517223,0.0361546,0,23.2817,-2.24223e+07
111143
ratio: 0.000138
Gen:57
0.446622,0.517223,0.0361546,0,23.2817,-2.24223e+07
138539
ratio: 0.000000
Gen:58
0.447292,0.516829,0.0358795,0,23.2727,-2.24136e+07
115770
ratio: 0.000388
Gen:59
0.448019,0.516102,0.0358795,0,23.2719,-2.24129e+07
347518
ratio: 0.000031
Gen:60
0.447889,0.515391,0.0367205,0,23.2646,-2.24058e+07
115533
ratio: 0.000317
Gen:61
0.449093,0.514186,0.0367205,0,23.2592,-2.24006e+07
45260
ratio: 0.000232
Gen:62
0.448808,0.514799,0.0363935,0,23.2565,-2.2398e+07
92795.3
ratio: 0.000116
Gen:63
0.449233,0.512764,0.0380029,0,23.2465,-2.23884e+07
36105.7
ratio: 0.000428
Gen:64
0.450433,0.51306,0.0365077,0,23.2262,-2.23688e+07
104280
Gen:65
0.450433,0.51306,0.0365077,0,23.2262,-2.23688e+07
71820.7
ratio: 0.000000
Gen:66
0.452011,0.51308,0.0349087,0,23.2159,-2.23589e+07
95246.5
ratio: 0.000443
Gen:67
0.452364,0.512727,0.0349087,0,23.2142,-2.23572e+07
56126
ratio: 0.000076
Gen:68
0.452935,0.512156,0.0349087,0,23.2092,-2.23524e+07
38116.6
ratio: 0.000214
Gen:69
0.454591,0.511133,0.0342753,0,23.2023,-2.23458e+07
120836
ratio: 0.000298
Gen:70
0.455692,0.510033,0.0342753,0,23.2003,-2.23438e+07
82752.5
ratio: 0.000087
Gen:71
0.456439,0.509285,0.0342753,0,23.1995,-2.23431e+07
120428
ratio: 0.000032
Gen:72
0.45727,0.508247,0.0344829,0,23.1823,-2.23265e+07
104456
Gen:73
0.452286,0.513735,0.0339793,0,23.158,-2.23031e+07
335954
Gen:74
0.452764,0.516829,0.0304075,0,23.1254,-2.22717e+07
78860.7
Gen:75
0.453896,0.517986,0.028118,0,23.118,-2.22646e+07
46638.9
ratio: 0.000321
Gen:76
0.456035,0.514975,0.0289902,0,23.0951,-2.22426e+07
138724
Gen:77
0.45768,0.51333,0.0289902,0,23.0885,-2.22362e+07
105934
ratio: 0.000285
Gen:78
0.456439,0.513428,0.0301323,0,23.0785,-2.22265e+07
138655
ratio: 0.000436
Gen:79
0.457436,0.512566,0.0299974,0,23.0726,-2.22208e+07
60898
ratio: 0.000256
Gen:80
0.458225,0.511777,0.0299974,0,23.0683,-2.22167e+07
317163
ratio: 0.000185
Gen:81
0.458303,0.511699,0.0299974,0,23.0679,-2.22164e+07
72442.1
ratio: 0.000017
Gen:82
0.458989,0.511014,0.0299974,0,23.0634,-2.2212e+07
330578
ratio: 0.000196
Gen:83
0.459741,0.510261,0.0299974,0,23.0595,-2.22083e+07
94468.2
ratio: 0.000167
Gen:84
0.459741,0.510261,0.0299974,0,23.0595,-2.22083e+07
26493.3
ratio: 0.000000
Gen:85
0.460479,0.509524,0.0299974,0,23.0559,-2.22048e+07
66501.7
ratio: 0.000160
Gen:86
0.460795,0.509207,0.0299974,0,23.053,-2.2202e+07
117123
ratio: 0.000124
Gen:87
0.461278,0.507151,0.0315704,0,23.0511,-2.22002e+07
107085
ratio: 0.000080
Gen:88
0.464341,0.504364,0.0312953,0,23.032,-2.21818e+07
56975.9
Gen:89
0.464715,0.50399,0.0312953,0,23.0282,-2.21781e+07
141683
ratio: 0.000167
Gen:90
0.466527,0.504296,0.0291771,0,23.0103,-2.21609e+07
73502.2
Gen:91
0.466625,0.504197,0.0291771,0,23.0098,-2.21604e+07
59679.1
ratio: 0.000021
Gen:92
0.469496,0.501326,0.0291771,0,22.9878,-2.21393e+07
59204.6
Gen:93
0.47041,0.500413,0.0291771,0,22.9867,-2.21382e+07
62002.2
ratio: 0.000049
Gen:94
0.470488,0.500335,0.0291771,0,22.9833,-2.21349e+07
47584.2
ratio: 0.000148
Gen:95
0.470369,0.500807,0.028824,0,22.9776,-2.21294e+07
62219.4
ratio: 0.000250
Gen:96
0.470369,0.500807,0.028824,0,22.9776,-2.21294e+07
140392
ratio: 0.000000
Gen:97
0.470929,0.500247,0.028824,0,22.9765,-2.21283e+07
93086.7
ratio: 0.000049
Gen:98
0.471802,0.499271,0.0289279,0,22.9599,-2.21123e+07
127327
Gen:99
0.472476,0.498596,0.0289279,0,22.9585,-2.2111e+07
155852
ratio: 0.000062
Gen:100
0.473172,0.4979,0.0289279,0,22.9557,-2.21083e+07
43711.7
ratio: 0.000121
Gen:101
0.473826,0.499073,0.0271004,0,22.9375,-2.20907e+07
14419.2
Gen:102
0.474107,0.498793,0.0271004,0,22.9361,-2.20894e+07
136328
ratio: 0.000061
Gen:103
0.47556,0.498871,0.0255689,0,22.9315,-2.2085e+07
64114
ratio: 0.000199
Gen:104
0.476381,0.498051,0.0255689,0,22.9294,-2.2083e+07
139619
ratio: 0.000092
Gen:105
0.476012,0.498419,0.0255689,0,22.9266,-2.20803e+07
76663.7
ratio: 0.000123
Gen:106
0.476012,0.498419,0.0255689,0,22.9266,-2.20803e+07
66214.1
ratio: 0.000000
Gen:107
0.476012,0.498419,0.0255689,0,22.9266,-2.20803e+07
70363.3
ratio: 0.000000
Gen:108
0.477035,0.497396,0.0255689,0,22.9242,-2.2078e+07
135331
ratio: 0.000102
Gen:109
0.477559,0.496872,0.0255689,0,22.9216,-2.20755e+07
123407
ratio: 0.000114
Gen:110
0.477995,0.496436,0.0255689,0,22.9132,-2.20673e+07
77024.7
ratio: 0.000368
Gen:111
0.477995,0.496436,0.0255689,0,22.9132,-2.20673e+07
60206.1
ratio: 0.000000
Gen:112
0.477995,0.496436,0.0255689,0,22.9116,-2.20658e+07
145069
ratio: 0.000070
Gen:113
0.478691,0.49574,0.0255689,0,22.9088,-2.20631e+07
102561
ratio: 0.000121
Gen:114
0.478753,0.495678,0.0255689,0,22.9087,-2.2063e+07
131064
ratio: 0.000005
Gen:115
0.480835,0.493596,0.0255689,0,22.8965,-2.20513e+07
66456.6
Gen:116
0.481333,0.493196,0.0254702,0,22.8906,-2.20456e+07
114717
ratio: 0.000258
Gen:117
0.482226,0.492303,0.0254702,0,22.8897,-2.20447e+07
95714
ratio: 0.000039
Gen:118
0.482969,0.491561,0.0254702,0,22.8838,-2.2039e+07
108964
ratio: 0.000259
Gen:119
0.482969,0.491561,0.0254702,0,22.8838,-2.2039e+07
51498.4
ratio: 0.000000
Gen:120
0.482969,0.491561,0.0254702,0,22.8838,-2.2039e+07
67374.6
ratio: 0.000000
Gen:121
0.482969,0.491561,0.0254702,0,22.8838,-2.2039e+07
145122
ratio: 0.000000
Gen:122
0.483779,0.490751,0.0254702,0,22.8758,-2.20314e+07
104862
ratio: 0.000347
Gen:123
0.484152,0.490377,0.0254702,0,22.8751,-2.20307e+07
121096
ratio: 0.000033
Gen:124
0.484319,0.489412,0.0262697,0,22.8658,-2.20218e+07
103872
ratio: 0.000404
Gen:125
0.484817,0.488913,0.0262697,0,22.862,-2.2018e+07
111811
ratio: 0.000170
Gen:126
0.485373,0.488358,0.0262697,0,22.8606,-2.20167e+07
105126
ratio: 0.000061
Gen:127
0.485933,0.488207,0.0258596,0,22.8583,-2.20145e+07
102920
ratio: 0.000101
Gen:128
0.486842,0.487299,0.0258596,0,22.8564,-2.20126e+07
71450.8
ratio: 0.000083
Gen:129
0.486842,0.487299,0.0258596,0,22.8564,-2.20126e+07
88132.1
ratio: 0.000000
Gen:130
0.486842,0.487299,0.0258596,0,22.8564,-2.20126e+07
106752
ratio: 0.000000
Gen:131
0.486842,0.487299,0.0258596,0,22.8564,-2.20126e+07
83774.3
ratio: 0.000000
Gen:132
0.486842,0.487299,0.0258596,0,22.8564,-2.20126e+07
134545
ratio: 0.000000
Gen:133
0.488285,0.486385,0.0253301,0,22.8503,-2.20068e+07
66392.5
ratio: 0.000263
Gen:134
0.488607,0.486276,0.0251172,0,22.8214,-2.19789e+07
36658.6
Gen:135
0.488607,0.486276,0.0251172,0,22.8214,-2.19789e+07
78664.3
ratio: 0.000000
Gen:136
0.488929,0.485954,0.0251172,0,22.8204,-2.1978e+07
86634.7
ratio: 0.000042
Gen:137
0.488929,0.485954,0.0251172,0,22.8204,-2.1978e+07
77928.3
ratio: 0.000000
Gen:138
0.489593,0.485289,0.0251172,0,22.8163,-2.19741e+07
72283.9
ratio: 0.000178
Gen:139
0.489593,0.486131,0.0242762,0,22.8142,-2.1972e+07
101236
ratio: 0.000094
Gen:140
0.489173,0.486551,0.0242762,0,22.814,-2.19719e+07
38392.7
ratio: 0.000007
Gen:141
0.486904,0.48882,0.0242762,0,22.8043,-2.19625e+07
98538.7
ratio: 0.000426
Gen:142
0.487465,0.488259,0.0242762,0,22.8015,-2.19598e+07
85413.3
ratio: 0.000123
Gen:143
0.487465,0.488259,0.0242762,0,22.8015,-2.19598e+07
98660.9
ratio: 0.000000
Gen:144
0.487465,0.488259,0.0242762,0,22.8015,-2.19598e+07
81581.9
ratio: 0.000000
Gen:145
0.488098,0.487626,0.0242762,0,22.8003,-2.19586e+07
110161
ratio: 0.000056
Gen:146
0.488602,0.487122,0.0242762,0,22.7952,-2.19538e+07
104387
ratio: 0.000220
Gen:147
0.489739,0.485985,0.0242762,0,22.7944,-2.1953e+07
146981
ratio: 0.000035
Gen:148
0.489739,0.485985,0.0242762,0,22.7944,-2.1953e+07
164152
ratio: 0.000000
Gen:149
0.489739,0.485985,0.0242762,0,22.7937,-2.19523e+07
69776.8
ratio: 0.000032
Gen:150
0.489739,0.485985,0.0242762,0,22.7934,-2.1952e+07
91021.2
ratio: 0.000014
Gen:151
0.489739,0.485985,0.0242762,0,22.7934,-2.1952e+07
133515
ratio: 0.000000
Gen:152
0.489739,0.485985,0.0242762,0,22.7927,-2.19513e+07
103516
ratio: 0.000032
Gen:153
0.489765,0.485985,0.0242502,0,22.7926,-2.19512e+07
93685.1
ratio: 0.000002
Gen:154
0.489843,0.48598,0.0241775,0,22.7924,-2.19511e+07
158158
ratio: 0.000007
FINAL Population size
18
Best : -2.19511e+07   20:31-11-49-62-42-30-26-1-68-9-17-20-33-22-19-54-5-67-65-37- ,  31:23-3-0-2-50-17-10-8-51-41-12-25-57-35-64-52-55-16-1-31-11-15-30-63-6-47-7-4-53-40-46- ,  24:54-19-29-69-23-50-33-58-35-6-63-21-62-26-16-55-17-10-52-20-13-22-45-41- ,  26:13-50-2-14-61-17-9-11-59-10-20-33-22-19-29-3-38-36-45-58-64-52-55-16-1-31- ,  31:65-54-36-38-69-23-50-43-20-55-16-26-30-15-11-68-59-10-52-64-58-41-27-67-5-32-37-18-19-66-48- ,  29:2-0-69-48-3-66-54-36-22-13-43-61-60-17-10-28-56-6-47-40-12-41-51-8-26-30-21-63-24- ,  31:44-60-61-43-33-22-45-41-27-25-57-51-8-26-49-42-24-63-6-21-62-30-15-11-9-17-50-23-69-48-3- ,  31:44-61-43-50-0-69-18-65-39-48-29-23-2-14-60-17-20-52-64-58-45-36-54-5-37-67-27-25-12-4-40- ,  31:15-30-63-21-6-47-40-46-7-4-25-57-35-64-52-8-26-49-9-17-60-61-43-33-50-2-0-3-19-38-18- ,  31:20-52-8-28-10-17-44-61-43-13-33-58-41-12-40-46-7-4-25-27-67-65-39-48-66-19-36-45-34-35-6- ,  28:14-2-23-29-19-65-32-18-38-22-33-43-20-52-64-51-34-35-6-56-8-55-16-26-30-21-24-63- ,  31:34-45-22-38-66-69-19-36-41-25-4-53-47-6-56-8-26-1-59-17-50-23-29-48-39-18-67-27-12-40-7- ,  29:35-57-58-34-25-12-27-67-18-54-36-41-51-8-26-62-15-11-9-16-10-28-56-6-47-40-4-53-46- ,  31:68-9-49-42-24-62-15-30-63-6-47-40-12-41-58-33-50-23-69-18-5-54-36-45-34-35-51-56-8-10-55- ,  26:62-30-24-63-6-35-41-27-67-5-54-36-45-58-51-8-26-49-42-15-11-1-68-59-9-31- , 

0.489843
0.48598
0.0241775
0
22.7924
-2.19511e+07
All Run Best : -2.19511e+07   20:31-11-49-62-42-30-26-1-68-9-17-20-33-22-19-54-5-67-65-37- ,  31:23-3-0-2-50-17-10-8-51-41-12-25-57-35-64-52-55-16-1-31-11-15-30-63-6-47-7-4-53-40-46- ,  24:54-19-29-69-23-50-33-58-35-6-63-21-62-26-16-55-17-10-52-20-13-22-45-41- ,  26:13-50-2-14-61-17-9-11-59-10-20-33-22-19-29-3-38-36-45-58-64-52-55-16-1-31- ,  31:65-54-36-38-69-23-50-43-20-55-16-26-30-15-11-68-59-10-52-64-58-41-27-67-5-32-37-18-19-66-48- ,  29:2-0-69-48-3-66-54-36-22-13-43-61-60-17-10-28-56-6-47-40-12-41-51-8-26-30-21-63-24- ,  31:44-60-61-43-33-22-45-41-27-25-57-51-8-26-49-42-24-63-6-21-62-30-15-11-9-17-50-23-69-48-3- ,  31:44-61-43-50-0-69-18-65-39-48-29-23-2-14-60-17-20-52-64-58-45-36-54-5-37-67-27-25-12-4-40- ,  31:15-30-63-21-6-47-40-46-7-4-25-57-35-64-52-8-26-49-9-17-60-61-43-33-50-2-0-3-19-38-18- ,  31:20-52-8-28-10-17-44-61-43-13-33-58-41-12-40-46-7-4-25-27-67-65-39-48-66-19-36-45-34-35-6- ,  28:14-2-23-29-19-65-32-18-38-22-33-43-20-52-64-51-34-35-6-56-8-55-16-26-30-21-24-63- ,  31:34-45-22-38-66-69-19-36-41-25-4-53-47-6-56-8-26-1-59-17-50-23-29-48-39-18-67-27-12-40-7- ,  29:35-57-58-34-25-12-27-67-18-54-36-41-51-8-26-62-15-11-9-16-10-28-56-6-47-40-4-53-46- ,  31:68-9-49-42-24-62-15-30-63-6-47-40-12-41-58-33-50-23-69-18-5-54-36-45-34-35-51-56-8-10-55- ,  26:62-30-24-63-6-35-41-27-67-5-54-36-45-58-51-8-26-49-42-15-11-1-68-59-9-31- , 

0.489843
0.48598
0.0241775
0
22.7924
-2.19511e+07
