routeSetSize:15,pSwap:0.06667,popSize:18,elite:2,pSm:0.7,pDelete:0.4,tFit:10,maxGen:200,maxIter:1,beta:0.8,run:5,stableCount:20,e:0.7,minGen:10,minFitnessRatio:0.0001,minRouteLength:10,maxRouteLength:30,maxRouteLength:30, OpATT19.2695
Initial : -2.39865e+07
0.395178
0.525073
0.0541281
0.0256208
23.7394

-----------------------------------------
Iteration:0 started

Gen:0
0.398854,0.530047,0.0706947,0.000404949,24.1025,-2.32304e+07
677163
Gen:1
0.399009,0.531095,0.0694902,0.000404949,24.0774,-2.32062e+07
873911
Gen:2
0.401429,0.534927,0.0623413,0.0013031,23.9265,-2.31001e+07
287936
Gen:3
0.402586,0.533769,0.0623413,0.0013031,23.9253,-2.3099e+07
405492
ratio: 0.000048
Gen:4
0.404507,0.533442,0.0607475,0.0013031,23.9093,-2.30836e+07
568865
Gen:5
0.404476,0.531225,0.0629955,0.0013031,23.8895,-2.30645e+07
301357
Gen:6
0.405717,0.53651,0.0564696,0.0013031,23.8543,-2.30308e+07
161307
Gen:7
0.406153,0.53623,0.0563138,0.0013031,23.8349,-2.3012e+07
331038
Gen:8
0.407731,0.534719,0.0562463,0.0013031,23.8158,-2.29937e+07
123610
Gen:9
0.40783,0.534621,0.0562463,0.0013031,23.8119,-2.29899e+07
345861
Gen:10
0.409284,0.532357,0.0570562,0.0013031,23.7955,-2.29742e+07
113575
Gen:11
0.411298,0.534044,0.0533546,0.0013031,23.779,-2.29583e+07
306223
Gen:12
0.397779,0.552407,0.0495854,0.000228433,23.7944,-2.2926e+07
125262
Gen:13
0.397779,0.552407,0.0495854,0.000228433,23.7944,-2.2926e+07
134727
ratio: 0.000000
Gen:14
0.397779,0.552407,0.0495854,0.000228433,23.7944,-2.2926e+07
188606
ratio: 0.000000
Gen:15
0.398137,0.547195,0.0537284,0.000939689,23.7283,-2.28936e+07
587570
Gen:16
0.398724,0.546608,0.0537284,0.000939689,23.7185,-2.28841e+07
277752
Gen:17
0.399373,0.548929,0.0509872,0.000711256,23.6845,-2.28414e+07
585098
Gen:18
0.401647,0.548217,0.0494245,0.000711256,23.6696,-2.2827e+07
91033.9
Gen:19
0.403843,0.546691,0.0487548,0.000711256,23.6511,-2.28092e+07
593385
Gen:20
0.405016,0.544563,0.04971,0.000711256,23.6219,-2.27812e+07
144031
Gen:21
0.409066,0.543586,0.0466366,0.000711256,23.605,-2.27649e+07
596377
Gen:22
0.408489,0.545035,0.0457644,0.000711256,23.5807,-2.27415e+07
104052
Gen:23
0.409777,0.544407,0.0451051,0.000711256,23.5764,-2.27374e+07
89764.4
Gen:24
0.411251,0.544147,0.0438902,0.000711256,23.5677,-2.2729e+07
127343
Gen:25
0.409455,0.545139,0.0446949,0.000711256,23.5627,-2.27242e+07
35954.4
Gen:26
0.410945,0.544479,0.0438642,0.000711256,23.5478,-2.27099e+07
93160.6
Gen:27
0.412965,0.542413,0.0446222,0,23.5648,-2.26949e+07
98672
Gen:28
0.413214,0.543851,0.0422237,0.000711256,23.525,-2.2688e+07
86851
Gen:29
0.415311,0.543244,0.0407337,0.000711256,23.5167,-2.26799e+07
100617
Gen:30
0.416168,0.542403,0.0407181,0.000711256,23.5136,-2.26769e+07
101399
Gen:31
0.416007,0.54259,0.0406922,0.000711256,23.51,-2.26735e+07
60180.7
Gen:32
0.416983,0.541048,0.041258,0.000711256,23.5022,-2.2666e+07
70373.6
Gen:33
0.418608,0.540954,0.0397265,0.000711256,23.4922,-2.26563e+07
79981.5
Gen:34
0.420866,0.539869,0.0385532,0.000711256,23.4796,-2.26442e+07
376750
Gen:35
0.420441,0.541754,0.0370943,0.000711256,23.4512,-2.26169e+07
156306
Gen:36
0.422377,0.539817,0.0370943,0.000711256,23.435,-2.26013e+07
82299.8
Gen:37
0.424433,0.537777,0.0370788,0.000711256,23.4293,-2.25958e+07
167387
Gen:38
0.423509,0.540035,0.0357445,0.000711256,23.4128,-2.25799e+07
89072.5
Gen:39
0.424319,0.538224,0.0367465,0.000711256,23.403,-2.25705e+07
88648.8
Gen:40
0.424371,0.540196,0.0347218,0.000711256,23.3895,-2.25575e+07
143170
Gen:41
0.426074,0.539267,0.0339482,0.000711256,23.3827,-2.25509e+07
132299
Gen:42
0.427335,0.539646,0.0323076,0.000711256,23.3704,-2.25391e+07
116836
Gen:43
0.428052,0.540487,0.0307501,0.000711256,23.3566,-2.25259e+07
119647
Gen:44
0.42869,0.538654,0.0319442,0.000711256,23.3407,-2.25106e+07
139119
Gen:45
0.42976,0.539142,0.0303867,0.000711256,23.3266,-2.2497e+07
98592.6
Gen:46
0.430886,0.538016,0.0303867,0.000711256,23.3204,-2.2491e+07
72945.9
Gen:47
0.430886,0.538016,0.0303867,0.000711256,23.3204,-2.2491e+07
136144
ratio: 0.000000
Gen:48
0.430886,0.538016,0.0303867,0.000711256,23.3204,-2.2491e+07
81240.9
ratio: 0.000000
Gen:49
0.434032,0.538976,0.0262801,0.000711256,23.32,-2.24907e+07
80009.6
ratio: 0.000017
Gen:50
0.436587,0.536422,0.0262801,0.000711256,23.3151,-2.24859e+07
131038
Gen:51
0.436862,0.536811,0.0256156,0.000711256,23.3076,-2.24786e+07
55765.8
Gen:52
0.43818,0.535493,0.0256156,0.000711256,23.2989,-2.24703e+07
99672.4
Gen:53
0.438154,0.534989,0.0261451,0.000711256,23.292,-2.24637e+07
43698.4
Gen:54
0.439198,0.533946,0.0261451,0.000711256,23.2892,-2.2461e+07
141109
Gen:55
0.440465,0.533878,0.0249459,0.000711256,23.2771,-2.24493e+07
93686.6
Gen:56
0.441664,0.532679,0.0249459,0.000711256,23.2745,-2.24468e+07
136053
Gen:57
0.442339,0.531583,0.0253664,0.000711256,23.2663,-2.2439e+07
174934
Gen:58
0.44033,0.53419,0.0247694,0.000711256,23.2595,-2.24324e+07
94367.8
Gen:59
0.444478,0.529045,0.0257662,0.000711256,23.2497,-2.24229e+07
103302
Gen:60
0.444249,0.529761,0.0252781,0.000711256,23.2404,-2.2414e+07
117550
Gen:61
0.444374,0.529637,0.0252781,0.000711256,23.2376,-2.24113e+07
104508
Gen:62
0.444649,0.528873,0.0257662,0.000711256,23.228,-2.24021e+07
105215
Gen:63
0.444691,0.529133,0.025465,0.000711256,23.2261,-2.24002e+07
124533
ratio: 0.000085
Gen:64
0.444691,0.529133,0.025465,0.000711256,23.2261,-2.24002e+07
109936
ratio: 0.000000
Gen:65
0.444691,0.529133,0.025465,0.000711256,23.2216,-2.2396e+07
83769.9
Gen:66
0.444862,0.528962,0.025465,0.000711256,23.2208,-2.23951e+07
117809
ratio: 0.000037
Gen:67
0.446098,0.528271,0.0249199,0.000711256,23.2135,-2.23881e+07
74759
Gen:68
0.446098,0.528271,0.0249199,0.000711256,23.2135,-2.23881e+07
109379
ratio: 0.000000
Gen:69
0.447697,0.527077,0.024515,0.000711256,23.2071,-2.2382e+07
104602
Gen:70
0.446373,0.528661,0.0242554,0.000711256,23.2059,-2.23808e+07
50831.8
ratio: 0.000052
Gen:71
0.446482,0.528095,0.0247123,0.000711256,23.2028,-2.23778e+07
25377.2
Gen:72
0.445724,0.527949,0.0256156,0.000711256,23.1944,-2.23698e+07
140626
Gen:73
0.443694,0.528749,0.026846,0.000711256,23.1869,-2.23626e+07
112816
Gen:74
0.444348,0.528095,0.026846,0.000711256,23.1829,-2.23587e+07
68910.7
Gen:75
0.444135,0.527591,0.0275625,0.000711256,23.1678,-2.23441e+07
110631
Gen:76
0.447126,0.524601,0.0275625,0.000711256,23.1556,-2.23324e+07
101326
Gen:77
0.447837,0.524165,0.0272873,0.000711256,23.1502,-2.23272e+07
94461.6
Gen:78
0.447489,0.524237,0.0275625,0.000711256,23.1344,-2.2312e+07
130679
Gen:79
0.448429,0.522342,0.0285177,0.000711256,23.1283,-2.23061e+07
126831
Gen:80
0.449628,0.521143,0.0285177,0.000711256,23.1257,-2.23036e+07
116993
Gen:81
0.45022,0.520551,0.0285177,0.000711256,23.1228,-2.23008e+07
115337
Gen:82
0.442614,0.532513,0.0241619,0.000711256,23.0959,-2.22749e+07
65949.5
Gen:83
0.445194,0.530836,0.0232586,0.000711256,23.0817,-2.22613e+07
136659
Gen:84
0.445262,0.530867,0.0238712,0,23.0951,-2.22426e+07
85187.2
Gen:85
0.445262,0.530867,0.0238712,0,23.0911,-2.22387e+07
146229
Gen:86
0.445947,0.530446,0.0236064,0,23.0753,-2.22235e+07
83602.7
Gen:87
0.445947,0.530446,0.0236064,0,23.0753,-2.22235e+07
77515.1
ratio: 0.000000
Gen:88
0.446041,0.530353,0.0236064,0,23.0717,-2.222e+07
147007
Gen:89
0.446471,0.529922,0.0236064,0,23.0649,-2.22135e+07
92010.8
Gen:90
0.448761,0.527633,0.0236064,0,23.0506,-2.21997e+07
113654
Gen:91
0.448761,0.527633,0.0236064,0,23.047,-2.21962e+07
145412
Gen:92
0.450692,0.526189,0.0231184,0,23.0404,-2.21898e+07
56369.7
Gen:93
0.451964,0.525431,0.0226044,0,23.0368,-2.21864e+07
99524.8
Gen:94
0.451964,0.525431,0.0226044,0,23.0368,-2.21864e+07
135671
ratio: 0.000000
Gen:95
0.451964,0.525078,0.0229575,0,23.0333,-2.2183e+07
73457.6
Gen:96
0.452483,0.524559,0.0229575,0,23.0243,-2.21743e+07
65699.3
Gen:97
0.453911,0.523791,0.0222981,0,23.0212,-2.21714e+07
133811
Gen:98
0.45402,0.523038,0.0229419,0,23.018,-2.21683e+07
111903
Gen:99
0.454238,0.52282,0.0229419,0,23.0174,-2.21677e+07
131396
ratio: 0.000028
Gen:100
0.455905,0.518324,0.0257713,0,22.9762,-2.21281e+07
91715.6
Gen:101
0.456616,0.517888,0.0254962,0,22.9718,-2.21238e+07
129093
Gen:102
0.456787,0.517717,0.0254962,0,22.9711,-2.21231e+07
110444
ratio: 0.000030
Gen:103
0.456798,0.517706,0.0254962,0,22.9707,-2.21227e+07
93859.1
ratio: 0.000018
Gen:104
0.457571,0.516933,0.0254962,0,22.9683,-2.21205e+07
80252.2
Gen:105
0.457634,0.51687,0.0254962,0,22.9673,-2.21195e+07
85763.4
ratio: 0.000043
Gen:106
0.459575,0.515588,0.0248369,0,22.9613,-2.21137e+07
144426
Gen:107
0.460203,0.51496,0.0248369,0,22.9601,-2.21125e+07
73626.4
ratio: 0.000055
Gen:108
0.461216,0.513947,0.0248369,0,22.9553,-2.21079e+07
78171.6
Gen:109
0.461216,0.513947,0.0248369,0,22.9553,-2.21079e+07
103571
ratio: 0.000000
Gen:110
0.461808,0.513454,0.0247382,0,22.9506,-2.21034e+07
121297
Gen:111
0.462488,0.513714,0.0237985,0,22.9409,-2.2094e+07
74187.6
Gen:112
0.462488,0.513714,0.0237985,0,22.9409,-2.2094e+07
125040
ratio: 0.000000
Gen:113
0.46308,0.513221,0.0236999,0,22.9362,-2.20895e+07
127356
Gen:114
0.464024,0.512276,0.0236999,0,22.9334,-2.20868e+07
138259
Gen:115
0.464024,0.512078,0.0238972,0,22.9304,-2.20839e+07
102927
Gen:116
0.464518,0.511585,0.0238972,0,22.9239,-2.20777e+07
132122
Gen:117
0.464518,0.511585,0.0238972,0,22.9232,-2.2077e+07
151170
ratio: 0.000031
Gen:118
0.464518,0.510594,0.0248888,0,22.9149,-2.2069e+07
41961.6
Gen:119
0.465338,0.509773,0.0248888,0,22.9108,-2.20651e+07
69735.7
Gen:120
0.465348,0.509763,0.0248888,0,22.9108,-2.2065e+07
108608
ratio: 0.000000
Gen:121
0.464258,0.510853,0.0248888,0,22.9095,-2.20638e+07
101136
ratio: 0.000055
Gen:122
0.465712,0.509399,0.0248888,0,22.9087,-2.2063e+07
70020.9
ratio: 0.000036
Gen:123
0.467217,0.507894,0.0248888,0,22.9008,-2.20555e+07
92293.6
Gen:124
0.465712,0.509566,0.0247226,0,22.8927,-2.20476e+07
86534
Gen:125
0.466127,0.50915,0.0247226,0,22.8836,-2.20388e+07
106851
Gen:126
0.466766,0.508512,0.0247226,0,22.8823,-2.20376e+07
130309
ratio: 0.000056
Gen:127
0.466844,0.508434,0.0247226,0,22.882,-2.20373e+07
111282
ratio: 0.000014
Gen:128
0.467223,0.508055,0.0247226,0,22.8783,-2.20337e+07
54892.7
Gen:129
0.467223,0.508055,0.0247226,0,22.8783,-2.20337e+07
110649
ratio: 0.000000
Gen:130
0.467223,0.508055,0.0247226,0,22.8773,-2.20328e+07
65319.1
ratio: 0.000040
Gen:131
0.469299,0.506939,0.0237622,0,22.8651,-2.2021e+07
100738
Gen:132
0.469299,0.506939,0.0237622,0,22.8649,-2.20208e+07
74396.4
ratio: 0.000010
Gen:133
0.469299,0.507292,0.0234091,0,22.8593,-2.20154e+07
104830
Gen:134
0.469953,0.506638,0.0234091,0,22.8574,-2.20136e+07
81892.3
ratio: 0.000082
Gen:135
0.470524,0.506066,0.0234091,0,22.8551,-2.20114e+07
95881.4
ratio: 0.000100
Gen:136
0.470524,0.506066,0.0234091,0,22.8511,-2.20076e+07
106309
Gen:137
0.470524,0.506066,0.0234091,0,22.8502,-2.20067e+07
112952
ratio: 0.000040
Gen:138
0.470877,0.505713,0.0234091,0,22.8495,-2.2006e+07
62920.2
ratio: 0.000031
Gen:139
0.471386,0.505205,0.0234091,0,22.8485,-2.2005e+07
155939
ratio: 0.000045
Gen:140
0.471386,0.505205,0.0234091,0,22.8485,-2.2005e+07
119155
ratio: 0.000000
Gen:141
0.472243,0.504348,0.0234091,0,22.8468,-2.20034e+07
115768
ratio: 0.000075
Gen:142
0.472627,0.503964,0.0234091,0,22.8451,-2.20018e+07
114281
ratio: 0.000072
Gen:143
0.473084,0.503507,0.0234091,0,22.843,-2.19997e+07
81741.9
ratio: 0.000095
Gen:144
0.473084,0.503507,0.0234091,0,22.843,-2.19997e+07
114858
ratio: 0.000000
Gen:145
0.473084,0.503507,0.0234091,0,22.8423,-2.19991e+07
129238
ratio: 0.000029
Gen:146
0.473177,0.503414,0.0234091,0,22.8418,-2.19986e+07
87498.3
ratio: 0.000020
Gen:147
0.473473,0.503118,0.0234091,0,22.8409,-2.19977e+07
119329
ratio: 0.000042
Gen:148
0.473733,0.502858,0.0234091,0,22.8389,-2.19958e+07
84897.2
ratio: 0.000086
Gen:149
0.47419,0.503419,0.0223916,0,22.8215,-2.1979e+07
76607.4
Gen:150
0.47419,0.503419,0.0223916,0,22.8215,-2.1979e+07
88795.1
ratio: 0.000000
Gen:151
0.475119,0.502489,0.0223916,0,22.8171,-2.19748e+07
88964.6
Gen:152
0.475119,0.502489,0.0223916,0,22.8171,-2.19748e+07
105122
ratio: 0.000000
Gen:153
0.475119,0.502489,0.0223916,0,22.8171,-2.19748e+07
122881
ratio: 0.000000
Gen:154
0.475856,0.501752,0.0223916,0,22.8132,-2.19711e+07
140459
Gen:155
0.475856,0.501752,0.0223916,0,22.8124,-2.19703e+07
84343.1
ratio: 0.000036
Gen:156
0.475856,0.501752,0.0223916,0,22.8124,-2.19703e+07
86233.1
ratio: 0.000000
Gen:157
0.475856,0.501228,0.0229159,0,22.8119,-2.19698e+07
106664
ratio: 0.000023
Gen:158
0.477102,0.500506,0.0223916,0,22.8078,-2.19658e+07
65039.5
Gen:159
0.477102,0.500506,0.0223916,0,22.8073,-2.19654e+07
84297.1
ratio: 0.000021
Gen:160
0.477102,0.500506,0.0223916,0,22.8073,-2.19654e+07
102460
ratio: 0.000000
Gen:161
0.477357,0.500252,0.0223916,0,22.8068,-2.19649e+07
94245.3
ratio: 0.000022
Gen:162
0.478649,0.498959,0.0223916,0,22.803,-2.19612e+07
125867
Gen:163
0.478997,0.498611,0.0223916,0,22.8025,-2.19607e+07
115520
ratio: 0.000021
Gen:164
0.479163,0.498445,0.0223916,0,22.8005,-2.19588e+07
109454
ratio: 0.000086
Gen:165
0.479163,0.498445,0.0223916,0,22.7998,-2.19581e+07
126064
ratio: 0.000031
Gen:166
0.479932,0.497677,0.0223916,0,22.7962,-2.19547e+07
81197.5
Gen:167
0.479932,0.497677,0.0223916,0,22.7962,-2.19547e+07
115895
ratio: 0.000000
Gen:168
0.480695,0.496914,0.0223916,0,22.7954,-2.19539e+07
74561.1
ratio: 0.000038
Gen:169
0.480695,0.496914,0.0223916,0,22.7954,-2.19539e+07
108370
ratio: 0.000000
Gen:170
0.480695,0.496914,0.0223916,0,22.7954,-2.19539e+07
122770
ratio: 0.000000
Gen:171
0.480695,0.496914,0.0223916,0,22.7954,-2.19539e+07
57128.6
ratio: 0.000000
Gen:172
0.4815,0.496649,0.0218517,0,22.7892,-2.19479e+07
95790.1
Gen:173
0.4815,0.496649,0.0218517,0,22.7892,-2.19479e+07
101199
ratio: 0.000000
Gen:174
0.481526,0.496623,0.0218517,0,22.7891,-2.19478e+07
96291.7
ratio: 0.000006
Gen:175
0.482631,0.496358,0.0210106,0,22.7749,-2.19341e+07
101355
Gen:176
0.483125,0.495865,0.0210106,0,22.772,-2.19314e+07
97435.4
Gen:177
0.485321,0.493669,0.0210106,0,22.7583,-2.19182e+07
114250
Gen:178
0.485321,0.493669,0.0210106,0,22.7583,-2.19182e+07
85556.8
ratio: 0.000000
Gen:179
0.485321,0.493669,0.0210106,0,22.7583,-2.19182e+07
93290.9
ratio: 0.000000
Gen:180
0.485321,0.493669,0.0210106,0,22.7581,-2.1918e+07
96668.3
ratio: 0.000010
Gen:181
0.485321,0.493669,0.0210106,0,22.7572,-2.19172e+07
80141.5
ratio: 0.000037
Gen:182
0.485321,0.493669,0.0210106,0,22.757,-2.19169e+07
78722.5
ratio: 0.000010
Gen:183
0.483706,0.494925,0.0213688,0,22.7514,-2.19115e+07
135852
Gen:184
0.483706,0.494925,0.0213688,0,22.7514,-2.19115e+07
127743
ratio: 0.000000
Gen:185
0.484454,0.494178,0.0213688,0,22.7484,-2.19086e+07
99547.7
Gen:186
0.484775,0.493856,0.0213688,0,22.7447,-2.1905e+07
68794.1
Gen:187
0.484775,0.493856,0.0213688,0,22.7447,-2.1905e+07
107966
ratio: 0.000000
Gen:188
0.485523,0.493108,0.0213688,0,22.7417,-2.19022e+07
91082.8
Gen:189
0.485523,0.493108,0.0213688,0,22.7417,-2.19022e+07
87862.2
ratio: 0.000000
Gen:190
0.485887,0.492745,0.0213688,0,22.7406,-2.19011e+07
61091.8
ratio: 0.000048
Gen:191
0.485887,0.492745,0.0213688,0,22.7406,-2.19011e+07
114464
ratio: 0.000000
Gen:192
0.485887,0.492745,0.0213688,0,22.7406,-2.19011e+07
112888
ratio: 0.000000
Gen:193
0.485887,0.492745,0.0213688,0,22.7406,-2.19011e+07
71458.7
ratio: 0.000000
Gen:194
0.486276,0.492355,0.0213688,0,22.7397,-2.19003e+07
91282.2
ratio: 0.000037
Gen:195
0.486276,0.492355,0.0213688,0,22.7372,-2.18979e+07
103460
Gen:196
0.486276,0.492355,0.0213688,0,22.7372,-2.18979e+07
84107.8
ratio: 0.000000
Gen:197
0.486276,0.492355,0.0213688,0,22.7361,-2.18968e+07
109953
ratio: 0.000049
Gen:198
0.486276,0.492355,0.0213688,0,22.7361,-2.18968e+07
111877
ratio: 0.000000
Gen:199
0.486276,0.492355,0.0213688,0,22.7361,-2.18968e+07
108680
ratio: 0.000000
Gen:200
0.486302,0.492329,0.0213688,0,22.736,-2.18967e+07
87505
ratio: 0.000006
FINAL Population size
18
Best : -2.18967e+07   31:15-62-21-63-30-26-1-31-11-68-9-17-20-33-22-19-18-32-37-67-27-12-40-4-25-57-41-45-34-58-64- ,  31:18-19-66-3-69-0-2-50-17-10-8-51-41-12-25-57-35-64-52-55-16-1-31-11-15-30-63-6-47-7-53- ,  28:16-1-49-15-11-59-10-20-33-22-19-36-41-51-56-8-55-17-50-0-69-18-65-39-48-3-23-2- ,  27:43-13-50-2-14-61-17-9-11-59-10-20-33-22-19-29-3-38-36-45-58-64-52-55-16-1-31- ,  31:13-22-38-69-23-50-43-20-55-16-26-30-15-11-68-59-10-52-64-58-41-27-67-65-19-66-3-0-2-14-44- ,  30:23-50-2-0-3-69-19-54-36-22-13-43-61-60-17-10-28-56-6-47-40-12-41-51-8-26-30-21-63-24- ,  31:14-44-61-43-33-22-45-41-27-25-57-51-8-26-49-42-24-63-6-21-62-30-15-11-9-17-50-23-69-48-3- ,  31:22-38-66-3-0-69-18-65-39-48-29-23-2-14-60-17-20-52-64-58-45-36-54-5-37-67-27-25-34-51-8- ,  31:15-42-30-26-16-9-31-11-49-62-24-21-6-35-41-36-19-66-48-39-32-54-38-69-0-3-29-23-2-14-44- ,  30:20-52-8-28-10-17-44-61-43-13-33-58-41-12-40-46-7-4-25-27-67-65-39-48-69-38-18-19-66-54- ,  26:15-62-49-11-68-9-1-26-30-24-63-6-35-58-33-50-0-3-66-29-69-18-32-5-65-19- ,  31:37-65-54-38-66-69-19-36-41-25-4-53-47-6-56-8-26-1-59-17-50-23-29-48-39-18-67-27-12-40-7- ,  30:46-40-12-27-67-18-54-36-41-51-8-26-62-49-1-16-10-28-56-6-47-53-4-25-34-45-22-38-66-29- ,  29:21-24-62-42-15-30-63-6-47-40-12-41-58-33-50-23-69-18-5-54-36-45-34-35-57-25-4-53-46- ,  29:21-62-30-24-63-6-35-41-27-67-5-54-36-45-58-51-8-26-49-42-15-11-1-68-9-59-10-28-56- , 

0.486302
0.492329
0.0213688
0
22.736
-2.18967e+07
Initial : -2.39865e+07
0.395178
0.525073
0.0541281
0.0256208
23.7394

-----------------------------------------
Iteration:0 started

Gen:0
0.398854,0.530047,0.0706947,0.000404949,24.1025,-2.32304e+07
677163
Gen:1
0.399009,0.531095,0.0694902,0.000404949,24.0774,-2.32062e+07
663965
Gen:2
0.400313,0.539693,0.0595898,0.000404949,24.0101,-2.31414e+07
426853
Gen:3
0.401252,0.538841,0.0595015,0.000404949,23.9954,-2.31273e+07
284793
Gen:4
0.40079,0.545533,0.0536765,0,23.9699,-2.3085e+07
532720
Gen:5
0.402815,0.543597,0.0535882,0,23.9451,-2.30612e+07
509307
Gen:6
0.404632,0.545357,0.0500112,0,23.8872,-2.30054e+07
433162
Gen:7
0.404731,0.545258,0.0500112,0,23.8833,-2.30017e+07
67139
Gen:8
0.406205,0.545933,0.0478618,0,23.8654,-2.29845e+07
321653
Gen:9
0.40878,0.543467,0.0477528,0,23.8531,-2.29726e+07
441415
Gen:10
0.409782,0.542465,0.0477528,0,23.8483,-2.29679e+07
472452
Gen:11
0.406802,0.546068,0.0471298,0,23.8041,-2.29254e+07
344764
Gen:12
0.406802,0.546068,0.0471298,0,23.8041,-2.29254e+07
57249.1
ratio: 0.000000
Gen:13
0.408432,0.545715,0.0458527,0,23.7827,-2.29047e+07
75845.5
Gen:14
0.409227,0.54707,0.0437033,0,23.7582,-2.28812e+07
66971.4
Gen:15
0.410976,0.54572,0.0433036,0,23.753,-2.28762e+07
156090
Gen:16
0.414683,0.542527,0.0427896,0,23.74,-2.28636e+07
305615
Gen:17
0.415083,0.543586,0.0413307,0,23.7297,-2.28538e+07
27358.5
Gen:18
0.415436,0.543233,0.0413307,0,23.728,-2.28521e+07
432194
ratio: 0.000074
Gen:19
0.416028,0.544391,0.0395811,0,23.717,-2.28415e+07
56416.1
Gen:20
0.416594,0.543545,0.0398615,0,23.7102,-2.28349e+07
87089.7
Gen:21
0.41798,0.542174,0.0398459,0,23.699,-2.28242e+07
307720
Gen:22
0.418032,0.542122,0.0398459,0,23.6989,-2.28241e+07
94226.6
ratio: 0.000002
Gen:23
0.418649,0.541505,0.0398459,0,23.6922,-2.28176e+07
354637
Gen:24
0.419444,0.54071,0.0398459,0,23.6855,-2.28111e+07
493040
Gen:25
0.421219,0.538935,0.0398459,0,23.6804,-2.28063e+07
143925
Gen:26
0.423654,0.5365,0.0398459,0,23.6718,-2.2798e+07
314861
Gen:27
0.423997,0.536365,0.0396382,0,23.6636,-2.27901e+07
40351.8
Gen:28
0.425222,0.53514,0.0396382,0,23.6562,-2.27829e+07
327745
Gen:29
0.425222,0.53514,0.0396382,0,23.6562,-2.27829e+07
310104
ratio: 0.000000
Gen:30
0.426053,0.535212,0.0387349,0,23.6339,-2.27614e+07
82089.4
Gen:31
0.426702,0.534563,0.0387349,0,23.6269,-2.27547e+07
106584
Gen:32
0.428031,0.534475,0.0374941,0,23.6047,-2.27333e+07
291402
Gen:33
0.428031,0.534475,0.0374941,0,23.6047,-2.27333e+07
303493
ratio: 0.000000
Gen:34
0.427579,0.534927,0.0374941,0,23.6019,-2.27306e+07
92422.4
Gen:35
0.427579,0.534927,0.0374941,0,23.6019,-2.27306e+07
305979
ratio: 0.000000
Gen:36
0.428405,0.534101,0.0374941,0,23.5977,-2.27266e+07
61966.4
Gen:37
0.429105,0.53515,0.0357445,0,23.593,-2.27221e+07
292499
Gen:38
0.432226,0.5334,0.0343739,0,23.5653,-2.26954e+07
82908
Gen:39
0.434474,0.532077,0.0334498,0,23.5451,-2.26759e+07
98411.9
Gen:40
0.433274,0.532336,0.0343895,0,23.5384,-2.26695e+07
124553
Gen:41
0.433721,0.532814,0.0334654,0,23.5258,-2.26574e+07
103936
Gen:42
0.435071,0.531464,0.0334654,0,23.5187,-2.26505e+07
312172
Gen:43
0.435071,0.531464,0.0334654,0,23.5187,-2.26505e+07
279050
ratio: 0.000000
Gen:44
0.435621,0.530914,0.0334654,0,23.5149,-2.26468e+07
387369
Gen:45
0.436052,0.530052,0.0338963,0,23.5055,-2.26378e+07
77213.6
Gen:46
0.436457,0.529647,0.0338963,0,23.5039,-2.26362e+07
451371
ratio: 0.000069
Gen:47
0.437516,0.528588,0.0338963,0,23.4984,-2.2631e+07
290125
Gen:48
0.440776,0.527799,0.0314251,0,23.4917,-2.26245e+07
85590.6
Gen:49
0.440776,0.527799,0.0314251,0,23.4917,-2.26245e+07
334687
ratio: 0.000000
Gen:50
0.440127,0.528448,0.0314251,0,23.472,-2.26055e+07
104632
Gen:51
0.440127,0.528448,0.0314251,0,23.472,-2.26055e+07
105485
ratio: 0.000000
Gen:52
0.441706,0.528188,0.0301064,0,23.4587,-2.25927e+07
302686
Gen:53
0.443112,0.526667,0.0302206,0,23.4287,-2.25638e+07
80323.6
Gen:54
0.442682,0.528567,0.0287514,0,23.4271,-2.25623e+07
133118
ratio: 0.000066
Gen:55
0.444795,0.52527,0.0299351,0,23.3878,-2.25245e+07
66255.6
Gen:56
0.443066,0.526999,0.0299351,0,23.3767,-2.25138e+07
294064
Gen:57
0.443533,0.526708,0.0297585,0,23.3684,-2.25057e+07
139041
Gen:58
0.444068,0.526174,0.0297585,0,23.3652,-2.25027e+07
78691.3
Gen:59
0.444898,0.525343,0.0297585,0,23.3611,-2.24987e+07
142808
Gen:60
0.444644,0.525374,0.0299818,0,23.3455,-2.24837e+07
95073.6
Gen:61
0.443569,0.526449,0.0299818,0,23.3409,-2.24792e+07
144308
Gen:62
0.446051,0.523967,0.0299818,0,23.3364,-2.24749e+07
116872
Gen:63
0.445007,0.525525,0.0294678,0,23.3321,-2.24708e+07
39142.1
Gen:64
0.445007,0.525525,0.0294678,0,23.3321,-2.24708e+07
59239.7
ratio: 0.000000
Gen:65
0.445563,0.524969,0.0294678,0,23.33,-2.24688e+07
117433
ratio: 0.000089
Gen:66
0.44698,0.523552,0.0294678,0,23.3265,-2.24654e+07
97231
Gen:67
0.447811,0.522721,0.0294678,0,23.3203,-2.24594e+07
123297
Gen:68
0.447629,0.522903,0.0294678,0,23.3199,-2.2459e+07
85750.8
ratio: 0.000017
Gen:69
0.447827,0.521906,0.0302673,0,23.3162,-2.24555e+07
66772.1
Gen:70
0.448657,0.521076,0.0302673,0,23.3099,-2.24495e+07
118432
Gen:71
0.448128,0.521377,0.0304958,0,23.3062,-2.24459e+07
49864
Gen:72
0.448943,0.520562,0.0304958,0,23.302,-2.24418e+07
83937.5
Gen:73
0.450132,0.522732,0.0271368,0,23.2855,-2.24259e+07
72382.5
Gen:74
0.450132,0.522732,0.0271368,0,23.2855,-2.24259e+07
116650
ratio: 0.000000
Gen:75
0.450516,0.522384,0.0271004,0,23.2811,-2.24216e+07
126724
Gen:76
0.450516,0.522384,0.0271004,0,23.2811,-2.24216e+07
90628.7
ratio: 0.000000
Gen:77
0.450594,0.522306,0.0271004,0,23.2804,-2.2421e+07
101627
ratio: 0.000030
Gen:78
0.452847,0.520151,0.0270018,0,23.2688,-2.24098e+07
80267.1
Gen:79
0.452847,0.520151,0.0270018,0,23.2688,-2.24098e+07
81014.7
ratio: 0.000000
Gen:80
0.453371,0.519627,0.0270018,0,23.2649,-2.24061e+07
90743
Gen:81
0.454098,0.5189,0.0270018,0,23.2581,-2.23995e+07
102650
Gen:82
0.454176,0.518822,0.0270018,0,23.2577,-2.23992e+07
68077.8
ratio: 0.000017
Gen:83
0.454228,0.51877,0.0270018,0,23.2567,-2.23982e+07
94086.7
ratio: 0.000042
Gen:84
0.454633,0.518365,0.0270018,0,23.2436,-2.23855e+07
12761.7
Gen:85
0.454633,0.518365,0.0270018,0,23.2436,-2.23855e+07
103736
ratio: 0.000000
Gen:86
0.454633,0.518365,0.0270018,0,23.2436,-2.23855e+07
77648.1
ratio: 0.000000
Gen:87
0.453963,0.518189,0.027848,0,23.2268,-2.23694e+07
83345.1
Gen:88
0.453963,0.518189,0.027848,0,23.2268,-2.23694e+07
69629.8
ratio: 0.000000
Gen:89
0.453963,0.518189,0.027848,0,23.2268,-2.23694e+07
70417.3
ratio: 0.000000
Gen:90
0.454264,0.517888,0.027848,0,23.2252,-2.23678e+07
137233
ratio: 0.000068
Gen:91
0.454264,0.517888,0.027848,0,23.2252,-2.23678e+07
122569
ratio: 0.000000
Gen:92
0.454264,0.517888,0.027848,0,23.2252,-2.23678e+07
121298
ratio: 0.000000
Gen:93
0.455572,0.516673,0.0277546,0,23.2141,-2.23572e+07
134094
Gen:94
0.455572,0.516673,0.0277546,0,23.2141,-2.23572e+07
115262
ratio: 0.000000
Gen:95
0.455235,0.517774,0.0269914,0,23.2069,-2.23502e+07
63104
Gen:96
0.456533,0.515713,0.0277546,0,23.2039,-2.23473e+07
82876.1
Gen:97
0.456772,0.515557,0.0276715,0,23.2027,-2.23461e+07
98883.4
ratio: 0.000053
Gen:98
0.457068,0.515261,0.0276715,0,23.2021,-2.23456e+07
81010.5
ratio: 0.000026
Gen:99
0.4574,0.514929,0.0276715,0,23.2014,-2.23449e+07
76436.2
ratio: 0.000029
Gen:100
0.457929,0.514399,0.0276715,0,23.2006,-2.23441e+07
110150
ratio: 0.000036
Gen:101
0.458454,0.513875,0.0276715,0,23.1989,-2.23426e+07
85069.9
ratio: 0.000071
Gen:102
0.45875,0.513579,0.0276715,0,23.1983,-2.2342e+07
68665.9
ratio: 0.000026
Gen:103
0.45875,0.513579,0.0276715,0,23.1983,-2.2342e+07
83736
ratio: 0.000000
Gen:104
0.459627,0.51279,0.0275832,0,23.1827,-2.23269e+07
90020
Gen:105
0.459627,0.51279,0.0275832,0,23.1827,-2.23269e+07
77051.8
ratio: 0.000000
Gen:106
0.460292,0.512125,0.0275832,0,23.1794,-2.23237e+07
136309
Gen:107
0.460292,0.512125,0.0275832,0,23.1794,-2.23237e+07
95434.6
ratio: 0.000000
Gen:108
0.459876,0.513304,0.0268201,0,23.1726,-2.23171e+07
100921
Gen:109
0.461605,0.511346,0.0270485,0,23.1675,-2.23123e+07
79429.3
Gen:110
0.460551,0.512629,0.0268201,0,23.1669,-2.23117e+07
82929.7
ratio: 0.000027
Gen:111
0.462171,0.51078,0.0270485,0,23.1627,-2.23076e+07
77833.7
Gen:112
0.461564,0.512151,0.0262853,0,23.1589,-2.2304e+07
71522.2
Gen:113
0.461564,0.512151,0.0262853,0,23.1589,-2.2304e+07
75043.1
ratio: 0.000000
Gen:114
0.462534,0.51118,0.0262853,0,23.1508,-2.22962e+07
83817
Gen:115
0.464144,0.509342,0.0265138,0,23.1498,-2.22952e+07
123015
ratio: 0.000045
Gen:116
0.464144,0.509342,0.0265138,0,23.1498,-2.22952e+07
105194
ratio: 0.000000
Gen:117
0.464144,0.509342,0.0265138,0,23.1498,-2.22952e+07
121612
ratio: 0.000000
Gen:118
0.46309,0.508501,0.0284087,0,23.1491,-2.22946e+07
130045
ratio: 0.000027
Gen:119
0.46309,0.508501,0.0284087,0,23.1491,-2.22946e+07
122439
ratio: 0.000000
Gen:120
0.463313,0.508278,0.0284087,0,23.148,-2.22935e+07
100333
ratio: 0.000048
Gen:121
0.464092,0.507499,0.0284087,0,23.1441,-2.22898e+07
72265.5
Gen:122
0.464092,0.507499,0.0284087,0,23.1441,-2.22898e+07
97527.5
ratio: 0.000000
Gen:123
0.465224,0.506368,0.0284087,0,23.1429,-2.22886e+07
100877
ratio: 0.000051
Gen:124
0.46472,0.506871,0.0284087,0,23.141,-2.22867e+07
75751.2
ratio: 0.000084
Gen:125
0.46472,0.506871,0.0284087,0,23.141,-2.22867e+07
113081
ratio: 0.000000
Gen:126
0.46472,0.506871,0.0284087,0,23.141,-2.22867e+07
92788.4
ratio: 0.000000
Gen:127
0.46513,0.508584,0.0262853,0,23.1359,-2.22819e+07
122421
Gen:128
0.46513,0.508584,0.0262853,0,23.1359,-2.22819e+07
106290
ratio: 0.000000
Gen:129
0.46513,0.508584,0.0262853,0,23.1359,-2.22819e+07
128810
ratio: 0.000000
Gen:130
0.465172,0.509244,0.0255844,0,23.1273,-2.22735e+07
93189.2
Gen:131
0.465738,0.508678,0.0255844,0,23.1267,-2.2273e+07
125014
ratio: 0.000024
Gen:132
0.465738,0.508678,0.0255844,0,23.1267,-2.2273e+07
151801
ratio: 0.000000
Gen:133
0.465738,0.508678,0.0255844,0,23.1267,-2.2273e+07
71126
ratio: 0.000000
Gen:134
0.466112,0.508304,0.0255844,0,23.1263,-2.22726e+07
99760.4
ratio: 0.000016
Gen:135
0.466112,0.508304,0.0255844,0,23.1263,-2.22726e+07
92479.1
ratio: 0.000000
Gen:136
0.466433,0.508532,0.0250341,0,23.1135,-2.22602e+07
79398.2
Gen:137
0.466433,0.508532,0.0250341,0,23.1135,-2.22602e+07
86977.4
ratio: 0.000000
Gen:138
0.467041,0.507925,0.0250341,0,23.1123,-2.22591e+07
97996.6
ratio: 0.000053
Gen:139
0.468193,0.508808,0.022999,0,23.0976,-2.2245e+07
129546
Gen:140
0.468193,0.508808,0.022999,0,23.0976,-2.2245e+07
65219.4
ratio: 0.000000
Gen:141
0.468193,0.508808,0.022999,0,23.0976,-2.2245e+07
97477.2
ratio: 0.000000
Gen:142
0.468785,0.508216,0.022999,0,23.0952,-2.22427e+07
84343.9
Gen:143
0.468785,0.508216,0.022999,0,23.0952,-2.22427e+07
133909
ratio: 0.000000
Gen:144
0.468785,0.508216,0.022999,0,23.0952,-2.22427e+07
83148.9
ratio: 0.000000
Gen:145
0.468785,0.508216,0.022999,0,23.0952,-2.22427e+07
86814.8
ratio: 0.000000
Gen:146
0.468785,0.508216,0.022999,0,23.0952,-2.22427e+07
70548.9
ratio: 0.000000
Gen:147
0.468785,0.508216,0.022999,0,23.0952,-2.22427e+07
100683
ratio: 0.000000
Gen:148
0.468806,0.508195,0.022999,0,23.0952,-2.22426e+07
100230
ratio: 0.000003
Gen:149
0.468806,0.508195,0.022999,0,23.0952,-2.22426e+07
113668
ratio: 0.000000
Gen:150
0.469159,0.507842,0.022999,0,23.0883,-2.2236e+07
56892.4
Gen:151
0.469159,0.507842,0.022999,0,23.0883,-2.2236e+07
90639
ratio: 0.000000
Gen:152
0.469159,0.507842,0.022999,0,23.0883,-2.2236e+07
103763
ratio: 0.000000
Gen:153
0.469159,0.507842,0.022999,0,23.0883,-2.2236e+07
102791
ratio: 0.000000
Gen:154
0.469159,0.507842,0.022999,0,23.0883,-2.2236e+07
85887.4
ratio: 0.000000
Gen:155
0.469159,0.507842,0.022999,0,23.0883,-2.2236e+07
84771.7
ratio: 0.000000
Gen:156
0.469159,0.507842,0.022999,0,23.0883,-2.2236e+07
100331
ratio: 0.000000
Gen:157
0.469159,0.507842,0.022999,0,23.0883,-2.2236e+07
83590.1
ratio: 0.000000
Gen:158
0.469159,0.507842,0.022999,0,23.0883,-2.2236e+07
84037.5
ratio: 0.000000
Gen:159
0.460655,0.520785,0.0185601,0,23.0671,-2.22156e+07
73808.4
Gen:160
0.460655,0.520785,0.0185601,0,23.0671,-2.22156e+07
106687
ratio: 0.000000
Gen:161
0.460328,0.521112,0.0185601,0,23.0662,-2.22147e+07
79711.1
ratio: 0.000039
Gen:162
0.462088,0.520172,0.0177399,0,23.0496,-2.21987e+07
116356
Gen:163
0.462088,0.520172,0.0177399,0,23.0496,-2.21987e+07
63297.5
ratio: 0.000000
Gen:164
0.464289,0.517971,0.0177399,0,23.0419,-2.21913e+07
41071.4
Gen:165
0.46499,0.51727,0.0177399,0,23.0378,-2.21874e+07
77960.4
Gen:166
0.46499,0.51727,0.0177399,0,23.0378,-2.21874e+07
96715.1
ratio: 0.000000
Gen:167
0.46499,0.51727,0.0177399,0,23.0378,-2.21874e+07
101556
ratio: 0.000000
Gen:168
0.46499,0.51727,0.0177399,0,23.0378,-2.21874e+07
81191.7
ratio: 0.000000
Gen:169
0.465623,0.516637,0.0177399,0,23.0351,-2.21847e+07
102267
Gen:170
0.465623,0.516637,0.0177399,0,23.0351,-2.21847e+07
54323
ratio: 0.000000
Gen:171
0.465623,0.516637,0.0177399,0,23.0351,-2.21847e+07
130473
ratio: 0.000000
Gen:172
0.465623,0.516637,0.0177399,0,23.0351,-2.21847e+07
117617
ratio: 0.000000
Gen:173
0.465951,0.517478,0.0165717,0,23.0288,-2.21787e+07
102357
Gen:174
0.465951,0.517478,0.0165717,0,23.0288,-2.21787e+07
113154
ratio: 0.000000
Gen:175
0.466958,0.516839,0.0162031,0,23.0216,-2.21718e+07
112713
Gen:176
0.466958,0.516839,0.0162031,0,23.0182,-2.21685e+07
105275
Gen:177
0.466958,0.516839,0.0162031,0,23.0182,-2.21685e+07
102570
ratio: 0.000000
Gen:178
0.466958,0.516839,0.0162031,0,23.0182,-2.21685e+07
66754.5
ratio: 0.000000
Gen:179
0.467139,0.516164,0.0166963,0,23.0147,-2.21651e+07
94195.8
Gen:180
0.467197,0.516107,0.0166963,0,23.0147,-2.21651e+07
95030.6
ratio: 0.000002
Gen:181
0.467685,0.515619,0.0166963,0,23.0131,-2.21636e+07
58583.4
ratio: 0.000069
Gen:182
0.468385,0.514918,0.0166963,0,23.0089,-2.21595e+07
3900.25
Gen:183
0.468853,0.514451,0.0166963,0,22.9996,-2.21506e+07
121601
Gen:184
0.468853,0.514451,0.0166963,0,22.9996,-2.21506e+07
91399.6
ratio: 0.000000
Gen:185
0.468853,0.514451,0.0166963,0,22.9977,-2.21487e+07
131190
ratio: 0.000084
Gen:186
0.469325,0.513979,0.0166963,0,22.9855,-2.2137e+07
111719
Gen:187
0.469325,0.513979,0.0166963,0,22.9855,-2.2137e+07
137886
ratio: 0.000000
Gen:188
0.469325,0.513979,0.0166963,0,22.9855,-2.2137e+07
108632
ratio: 0.000000
Gen:189
0.469325,0.513979,0.0166963,0,22.9855,-2.2137e+07
104209
ratio: 0.000000
Gen:190
0.469325,0.513979,0.0166963,0,22.9855,-2.2137e+07
104927
ratio: 0.000000
Gen:191
0.469325,0.513979,0.0166963,0,22.9855,-2.2137e+07
118485
ratio: 0.000000
Gen:192
0.469663,0.513641,0.0166963,0,22.9834,-2.2135e+07
99346.8
ratio: 0.000089
Gen:193
0.469663,0.513641,0.0166963,0,22.9834,-2.2135e+07
78507.8
ratio: 0.000000
Gen:194
0.470784,0.51252,0.0166963,0,22.9781,-2.21299e+07
103493
Gen:195
0.470784,0.51252,0.0166963,0,22.9781,-2.21299e+07
106272
ratio: 0.000000
Gen:196
0.471059,0.512245,0.0166963,0,22.9763,-2.21281e+07
36737.5
ratio: 0.000078
Gen:197
0.471059,0.512245,0.0166963,0,22.9763,-2.21281e+07
89044.6
ratio: 0.000000
Gen:198
0.47108,0.512224,0.0166963,0,22.974,-2.21259e+07
75961
Gen:199
0.471142,0.512161,0.0166963,0,22.9737,-2.21256e+07
100813
ratio: 0.000011
Gen:200
0.471142,0.512161,0.0166963,0,22.9737,-2.21256e+07
134016
ratio: 0.000000
FINAL Population size
18
Best : -2.21256e+07   21:31-1-26-8-51-41-36-54-18-39-48-69-23-50-17-59-11-15-49-9-68- ,  31:29-23-0-2-50-17-10-8-51-41-12-25-57-35-6-63-30-15-11-31-9-16-55-52-64-58-33-43-61-44-60- ,  31:31-1-49-11-59-10-20-33-22-19-36-41-51-56-8-55-17-50-0-69-18-65-39-48-66-54-38-3-23-2-14- ,  26:43-50-2-14-61-17-9-11-59-10-20-33-22-19-29-3-38-36-41-58-64-52-55-16-1-31- ,  31:48-39-32-65-37-18-38-69-23-50-13-20-33-58-41-27-67-5-54-36-45-34-35-6-63-24-42-49-11-68-59- ,  31:4-12-27-67-65-5-18-66-3-38-19-22-33-58-57-41-45-34-35-51-56-6-63-21-30-26-16-10-17-61-14- ,  31:35-64-58-51-56-8-26-1-9-17-43-13-22-45-36-54-32-65-67-27-25-57-41-12-40-47-6-63-30-15-42- ,  31:16-26-62-24-63-30-21-6-47-40-46-7-4-12-41-58-64-52-10-17-60-14-2-0-69-48-29-23-50-43-61- ,  31:28-10-17-44-61-43-13-33-58-41-12-40-46-7-47-6-63-30-42-62-26-8-51-34-25-27-67-65-37-5-54- ,  30:24-63-30-26-1-68-59-10-52-64-58-51-8-55-17-9-49-62-21-6-35-41-36-22-13-43-61-60-14-44- ,  31:25-57-34-51-8-55-10-28-56-6-47-53-4-12-41-58-33-50-0-69-38-22-13-20-17-59-1-26-30-24-62- ,  31:34-45-36-38-66-69-18-32-54-19-22-33-20-17-59-10-8-51-41-27-67-65-39-48-3-23-50-43-61-44-60- ,  23:69-29-19-18-67-27-12-40-7-53-4-25-34-58-33-50-2-14-60-17-55-52-10- ,  31:48-39-32-5-67-37-65-19-22-33-43-61-44-17-59-1-16-26-49-15-30-63-6-35-64-52-20-13-50-2-14- ,  30:46-53-7-47-6-63-30-15-11-31-1-26-8-28-10-17-50-2-14-61-43-20-55-16-9-49-62-42-24-21- , 

0.471142
0.512161
0.0166963
0
22.9737
-2.21256e+07
Initial : -2.39865e+07
0.395178
0.525073
0.0541281
0.0256208
23.7394

-----------------------------------------
Iteration:0 started

Gen:0
0.398854,0.530047,0.0706947,0.000404949,24.1025,-2.32304e+07
677163
Gen:1
0.401699,0.527202,0.0706947,0.000404949,24.0909,-2.32192e+07
566378
Gen:2
0.401387,0.535742,0.0624659,0.000404949,23.9579,-2.30911e+07
498124
Gen:3
0.401543,0.536791,0.0612615,0.000404949,23.9328,-2.3067e+07
337331
Gen:4
0.402254,0.537273,0.0600674,0.000404949,23.9243,-2.30588e+07
18415
Gen:5
0.401595,0.537512,0.0604879,0.000404949,23.9226,-2.30572e+07
654227
ratio: 0.000073
Gen:6
0.402114,0.538613,0.0588681,0.000404949,23.9047,-2.30399e+07
552816
Gen:7
0.404227,0.537668,0.0577,0.000404949,23.8981,-2.30336e+07
322497
Gen:8
0.408386,0.535534,0.0556753,0.000404949,23.8709,-2.30074e+07
555378
Gen:9
0.409839,0.534081,0.0556753,0.000404949,23.8553,-2.29924e+07
532711
Gen:10
0.408609,0.534823,0.0561633,0.000404949,23.8446,-2.29821e+07
565170
Gen:11
0.409663,0.533769,0.0561633,0.000404949,23.8329,-2.29708e+07
152841
Gen:12
0.412295,0.531744,0.0555558,0.000404949,23.813,-2.29517e+07
89254.4
Gen:13
0.411822,0.52973,0.0575027,0.00094488,23.7727,-2.29365e+07
427655
Gen:14
0.409943,0.532881,0.0567707,0.000404949,23.7906,-2.29301e+07
206860
Gen:15
0.41515,0.526459,0.0574456,0.00094488,23.7599,-2.29243e+07
159154
Gen:16
0.40972,0.530675,0.0586605,0.00094488,23.7515,-2.29162e+07
551261
Gen:17
0.410732,0.535773,0.0530898,0.000404949,23.7423,-2.28836e+07
66118.2
Gen:18
0.41148,0.535747,0.0523682,0.000404949,23.7271,-2.2869e+07
109732
Gen:19
0.413806,0.533639,0.0521501,0.000404949,23.7092,-2.28518e+07
566763
Gen:20
0.413806,0.533639,0.0521501,0.000404949,23.7092,-2.28518e+07
57667.2
ratio: 0.000000
Gen:21
0.414917,0.532762,0.0519165,0.000404949,23.6741,-2.2818e+07
424975
Gen:22
0.417175,0.531698,0.0507224,0.000404949,23.6661,-2.28103e+07
87727.3
Gen:23
0.418675,0.532206,0.0487132,0.000404949,23.6445,-2.27895e+07
494140
Gen:24
0.420934,0.531142,0.0475192,0.000404949,23.6352,-2.27805e+07
361307
Gen:25
0.419485,0.530176,0.0499333,0.000404949,23.6309,-2.27764e+07
150330
Gen:26
0.421749,0.532082,0.0461693,0,23.6316,-2.27593e+07
472038
Gen:27
0.42531,0.528837,0.0458527,0,23.6182,-2.27464e+07
485976
Gen:28
0.428067,0.529195,0.0427377,0,23.5922,-2.27213e+07
83510.2
Gen:29
0.428067,0.529195,0.0427377,0,23.5922,-2.27213e+07
352604
ratio: 0.000000
Gen:30
0.42259,0.533058,0.0439265,0.000425715,23.4801,-2.26321e+07
468203
Gen:31
0.425855,0.52986,0.0438591,0.000425715,23.4632,-2.26159e+07
371274
Gen:32
0.427756,0.528692,0.043127,0.000425715,23.4424,-2.25959e+07
69394.4
Gen:33
0.428768,0.527928,0.0428778,0.000425715,23.4384,-2.25919e+07
77108.8
Gen:34
0.42936,0.527435,0.0427792,0.000425715,23.434,-2.25878e+07
55334.2
Gen:35
0.432594,0.524642,0.0423379,0.000425715,23.4213,-2.25755e+07
76326.3
Gen:36
0.432952,0.524595,0.0420264,0.000425715,23.4061,-2.25608e+07
63060.6
Gen:37
0.434115,0.522321,0.0431374,0.000425715,23.4049,-2.25597e+07
32908.9
ratio: 0.000049
Gen:38
0.432418,0.524274,0.042883,0.000425715,23.3998,-2.25548e+07
81575.8
Gen:39
0.433217,0.522145,0.0442121,0.000425715,23.3873,-2.25428e+07
319653
Gen:40
0.434531,0.521335,0.0437085,0.000425715,23.386,-2.25415e+07
127702
ratio: 0.000056
Gen:41
0.433835,0.522062,0.0436773,0.000425715,23.3694,-2.25256e+07
152953
Gen:42
0.435637,0.520785,0.043153,0.000425715,23.3649,-2.25212e+07
79186.5
Gen:43
0.436716,0.519705,0.043153,0.000425715,23.3589,-2.25155e+07
291397
Gen:44
0.437801,0.519149,0.0426234,0.000425715,23.3417,-2.24989e+07
51084.2
Gen:45
0.437801,0.519876,0.0418966,0.000425715,23.3355,-2.24929e+07
72029.2
Gen:46
0.440646,0.516304,0.0426234,0.000425715,23.3324,-2.24899e+07
99650
Gen:47
0.441103,0.515848,0.0426234,0.000425715,23.3277,-2.24854e+07
342067
Gen:48
0.44223,0.515064,0.0422808,0.000425715,23.3202,-2.24781e+07
101511
Gen:49
0.441763,0.516689,0.0411231,0.000425715,23.3161,-2.24742e+07
330953
Gen:50
0.442946,0.514404,0.0422237,0.000425715,23.3095,-2.24679e+07
143989
Gen:51
0.442957,0.517727,0.0388906,0.000425715,23.302,-2.24606e+07
107709
Gen:52
0.443455,0.517228,0.0388906,0.000425715,23.2995,-2.24582e+07
125498
Gen:53
0.444519,0.512758,0.0422964,0.000425715,23.2784,-2.24379e+07
25647.5
Gen:54
0.444696,0.513392,0.0414865,0.000425715,23.2644,-2.24245e+07
157526
Gen:55
0.445942,0.512146,0.0414865,0.000425715,23.2582,-2.24185e+07
522001
Gen:56
0.446072,0.511538,0.0419641,0.000425715,23.2523,-2.24128e+07
81404.9
Gen:57
0.446752,0.5109,0.0419226,0.000425715,23.2473,-2.2408e+07
108691
Gen:58
0.44685,0.510801,0.0419226,0.000425715,23.2432,-2.2404e+07
83832.2
Gen:59
0.446736,0.510012,0.0428259,0.000425715,23.2394,-2.24004e+07
302690
Gen:60
0.447297,0.510952,0.0413255,0.000425715,23.2319,-2.23932e+07
107189
Gen:61
0.447956,0.510292,0.0413255,0.000425715,23.2175,-2.23793e+07
127077
Gen:62
0.447982,0.512058,0.0395344,0.000425715,23.2061,-2.23684e+07
80644.9
Gen:63
0.448745,0.511294,0.0395344,0.000425715,23.204,-2.23663e+07
138596
ratio: 0.000091
Gen:64
0.449794,0.511627,0.0381534,0.000425715,23.1946,-2.23572e+07
141483
Gen:65
0.45145,0.510604,0.0375201,0.000425715,23.1877,-2.23506e+07
66862.2
Gen:66
0.452229,0.510993,0.0363519,0.000425715,23.1755,-2.23388e+07
84405.8
Gen:67
0.453761,0.509436,0.0363779,0.000425715,23.1564,-2.23205e+07
92331.2
Gen:68
0.45401,0.509187,0.0363779,0.000425715,23.1296,-2.22947e+07
145441
Gen:69
0.451751,0.510474,0.0373487,0.000425715,23.1115,-2.22773e+07
88804.8
Gen:70
0.453454,0.508771,0.0373487,0.000425715,23.1049,-2.22709e+07
65852.4
Gen:71
0.453324,0.508901,0.0373487,0.000425715,23.1018,-2.22679e+07
101015
Gen:72
0.45619,0.505376,0.0380081,0.000425715,23.0815,-2.22484e+07
84592.6
Gen:73
0.457452,0.503943,0.0381794,0.000425715,23.0776,-2.22447e+07
148351
Gen:74
0.458106,0.503471,0.0379977,0.000425715,23.0755,-2.22427e+07
121413
ratio: 0.000090
Gen:75
0.458111,0.503917,0.037546,0.000425715,23.0679,-2.22353e+07
99427.5
Gen:76
0.458469,0.503844,0.0372605,0.000425715,23.0618,-2.22294e+07
146224
Gen:77
0.45848,0.503834,0.0372605,0.000425715,23.0617,-2.22294e+07
77932.1
ratio: 0.000001
Gen:78
0.459259,0.503632,0.0366842,0.000425715,23.0569,-2.22247e+07
137693
Gen:79
0.459316,0.503647,0.0366115,0.000425715,23.0504,-2.22184e+07
94494.4
Gen:80
0.45984,0.503123,0.0366115,0.000425715,23.0467,-2.22149e+07
161826
Gen:81
0.460603,0.50236,0.0366115,0.000425715,23.0441,-2.22124e+07
112454
Gen:82
0.461102,0.501861,0.0366115,0.000425715,23.0437,-2.2212e+07
124271
ratio: 0.000015
Gen:83
0.461673,0.50129,0.0366115,0.000425715,23.042,-2.22104e+07
106132
ratio: 0.000074
Gen:84
0.461865,0.50128,0.0364298,0.000425715,23.0405,-2.22089e+07
102120
ratio: 0.000066
Gen:85
0.463609,0.499535,0.0364298,0.000425715,23.0297,-2.21985e+07
97147.7
Gen:86
0.464237,0.498907,0.0364298,0.000425715,23.0231,-2.21922e+07
127940
Gen:87
0.465977,0.497729,0.0358691,0.000425715,23.0145,-2.21838e+07
93852.3
Gen:88
0.465977,0.497729,0.0358691,0.000425715,23.0145,-2.21838e+07
88601.6
ratio: 0.000000
Gen:89
0.466548,0.497739,0.0352876,0.000425715,23.0078,-2.21774e+07
91255.5
Gen:90
0.466625,0.497661,0.0352876,0.000425715,23.0075,-2.21771e+07
119038
ratio: 0.000014
Gen:91
0.467368,0.496919,0.0352876,0.000425715,23.0053,-2.2175e+07
133851
ratio: 0.000097
Gen:92
0.465982,0.49722,0.0367984,0,22.9931,-2.21443e+07
81049
Gen:93
0.465982,0.49722,0.0367984,0,22.9931,-2.21443e+07
127040
ratio: 0.000000
Gen:94
0.468064,0.496285,0.0356511,0,22.9787,-2.21304e+07
110613
Gen:95
0.469019,0.496628,0.0343531,0,22.9728,-2.21248e+07
139946
Gen:96
0.469834,0.495813,0.0343531,0,22.9691,-2.21212e+07
83227.7
Gen:97
0.470867,0.496223,0.0329099,0,22.9534,-2.21061e+07
59361.5
Gen:98
0.471822,0.495268,0.0329099,0,22.9524,-2.21051e+07
149120
ratio: 0.000044
Gen:99
0.473125,0.495268,0.0316068,0,22.9498,-2.21026e+07
113358
Gen:100
0.473125,0.494536,0.0323388,0,22.9368,-2.209e+07
98466.8
Gen:101
0.474392,0.493269,0.0323388,0,22.9284,-2.2082e+07
93668.5
Gen:102
0.475342,0.493046,0.031612,0,22.927,-2.20806e+07
85709.5
ratio: 0.000061
Gen:103
0.475233,0.492428,0.0323388,0,22.9234,-2.20772e+07
69276.1
Gen:104
0.479075,0.489313,0.031612,0,22.9136,-2.20678e+07
63325.5
Gen:105
0.479075,0.489313,0.031612,0,22.9136,-2.20678e+07
97840.3
ratio: 0.000000
Gen:106
0.479106,0.489282,0.031612,0,22.9123,-2.20665e+07
57971.5
ratio: 0.000059
Gen:107
0.479106,0.489282,0.031612,0,22.9123,-2.20665e+07
87843.9
ratio: 0.000000
Gen:108
0.479106,0.489282,0.031612,0,22.9123,-2.20665e+07
105042
ratio: 0.000000
Gen:109
0.479958,0.48843,0.031612,0,22.9092,-2.20635e+07
112370
Gen:110
0.479958,0.48843,0.031612,0,22.9092,-2.20635e+07
80983
ratio: 0.000000
Gen:111
0.480684,0.489344,0.0299714,0,22.8991,-2.20538e+07
99076.2
Gen:112
0.480726,0.489303,0.0299714,0,22.899,-2.20536e+07
79207.3
ratio: 0.000005
Gen:113
0.481344,0.488685,0.0299714,0,22.8959,-2.20507e+07
85765.1
Gen:114
0.482195,0.487833,0.0299714,0,22.892,-2.20469e+07
60302.6
Gen:115
0.482969,0.48706,0.0299714,0,22.8887,-2.20438e+07
79626.4
Gen:116
0.481396,0.4857,0.0329047,0,22.8719,-2.20276e+07
82420.4
Gen:117
0.481396,0.4857,0.0329047,0,22.8709,-2.20266e+07
94564.1
ratio: 0.000044
Gen:118
0.482014,0.485082,0.0329047,0,22.8641,-2.20201e+07
66410.6
Gen:119
0.482014,0.485082,0.0329047,0,22.8641,-2.20201e+07
108156
ratio: 0.000000
Gen:120
0.482014,0.485388,0.0325984,0,22.8609,-2.2017e+07
62331
Gen:121
0.482123,0.485279,0.0325984,0,22.8599,-2.2016e+07
86644.8
ratio: 0.000044
Gen:122
0.482522,0.484879,0.0325984,0,22.8587,-2.20149e+07
48018.9
ratio: 0.000052
Gen:123
0.482081,0.485321,0.0325984,0,22.8521,-2.20085e+07
98804
Gen:124
0.482341,0.485061,0.0325984,0,22.8519,-2.20083e+07
127361
ratio: 0.000008
Gen:125
0.482673,0.484729,0.0325984,0,22.8502,-2.20067e+07
111074
ratio: 0.000073
Gen:126
0.482673,0.484729,0.0325984,0,22.8501,-2.20066e+07
77003.2
ratio: 0.000007
Gen:127
0.482631,0.48477,0.0325984,0,22.8424,-2.19992e+07
131119
Gen:128
0.482932,0.485274,0.0317937,0,22.8379,-2.19949e+07
105734
Gen:129
0.483727,0.483966,0.0323076,0,22.8307,-2.19879e+07
112016
Gen:130
0.483727,0.483966,0.0323076,0,22.8307,-2.19879e+07
124276
ratio: 0.000000
Gen:131
0.483727,0.483966,0.0323076,0,22.8307,-2.19879e+07
59637.2
ratio: 0.000000
Gen:132
0.483727,0.483966,0.0323076,0,22.8295,-2.19868e+07
101984
ratio: 0.000050
Gen:133
0.484474,0.478644,0.0368815,0,22.8162,-2.19739e+07
64992.6
Gen:134
0.484474,0.478644,0.0368815,0,22.8119,-2.19698e+07
92973.7
Gen:135
0.484474,0.478644,0.0368815,0,22.8119,-2.19698e+07
82220
ratio: 0.000000
Gen:136
0.48584,0.477279,0.0368815,0,22.8102,-2.19681e+07
106272
ratio: 0.000076
Gen:137
0.485881,0.477237,0.0368815,0,22.81,-2.1968e+07
121633
ratio: 0.000005
Gen:138
0.485881,0.477237,0.0368815,0,22.8068,-2.19649e+07
78656.9
Gen:139
0.485881,0.477237,0.0368815,0,22.8068,-2.19649e+07
71864.9
ratio: 0.000000
Gen:140
0.485881,0.477237,0.0368815,0,22.8068,-2.19649e+07
162885
ratio: 0.000000
Gen:141
0.485881,0.481188,0.0329306,0,22.7871,-2.19459e+07
81603
Gen:142
0.485892,0.480425,0.0336834,0,22.7871,-2.19459e+07
101708
ratio: 0.000001
Gen:143
0.486053,0.481017,0.0329306,0,22.7866,-2.19455e+07
99694.2
ratio: 0.000021
Gen:144
0.485679,0.481391,0.0329306,0,22.7802,-2.19392e+07
96003.3
Gen:145
0.487257,0.479812,0.0329306,0,22.7734,-2.19327e+07
80259.3
Gen:146
0.487288,0.481172,0.0315393,0,22.7667,-2.19263e+07
132353
Gen:147
0.487288,0.481172,0.0315393,0,22.7667,-2.19263e+07
63463.9
ratio: 0.000000
Gen:148
0.487288,0.481172,0.0315393,0,22.7667,-2.19263e+07
141596
ratio: 0.000000
Gen:149
0.487288,0.481172,0.0315393,0,22.7667,-2.19263e+07
93094.6
ratio: 0.000000
Gen:150
0.488155,0.481442,0.0304023,0,22.7469,-2.19072e+07
95009.1
Gen:151
0.488155,0.481442,0.0304023,0,22.7469,-2.19072e+07
102041
ratio: 0.000000
Gen:152
0.488155,0.481442,0.0304023,0,22.7469,-2.19072e+07
115828
ratio: 0.000000
Gen:153
0.488218,0.48381,0.0279726,0,22.7257,-2.18867e+07
93534.6
Gen:154
0.488218,0.48381,0.0279726,0,22.7257,-2.18867e+07
137637
ratio: 0.000000
Gen:155
0.488218,0.48381,0.0279726,0,22.7257,-2.18867e+07
96014
ratio: 0.000000
Gen:156
0.488218,0.48381,0.0279726,0,22.7245,-2.18856e+07
86617.8
ratio: 0.000051
Gen:157
0.488218,0.48381,0.0279726,0,22.7245,-2.18856e+07
91004.4
ratio: 0.000000
Gen:158
0.488218,0.48381,0.0279726,0,22.7245,-2.18856e+07
113407
ratio: 0.000000
Gen:159
0.488716,0.483311,0.0279726,0,22.722,-2.18832e+07
107317
Gen:160
0.488716,0.483311,0.0279726,0,22.722,-2.18832e+07
86495.9
ratio: 0.000000
Gen:161
0.488716,0.483311,0.0279726,0,22.722,-2.18832e+07
84560.7
ratio: 0.000000
Gen:162
0.488716,0.483311,0.0279726,0,22.7194,-2.18807e+07
119373
Gen:163
0.488716,0.483311,0.0279726,0,22.7194,-2.18807e+07
45511.7
ratio: 0.000000
Gen:164
0.488716,0.483311,0.0279726,0,22.7194,-2.18807e+07
76636.5
ratio: 0.000000
Gen:165
0.488716,0.483311,0.0279726,0,22.7194,-2.18807e+07
82587.6
ratio: 0.000000
Gen:166
0.488716,0.483311,0.0279726,0,22.7194,-2.18807e+07
70745.2
ratio: 0.000000
Gen:167
0.488716,0.483311,0.0279726,0,22.7194,-2.18807e+07
65189.3
ratio: 0.000000
Gen:168
0.488716,0.483311,0.0279726,0,22.7194,-2.18807e+07
139318
ratio: 0.000000
Gen:169
0.488716,0.483311,0.0279726,0,22.7194,-2.18807e+07
110716
ratio: 0.000000
Gen:170
0.488716,0.483311,0.0279726,0,22.7194,-2.18807e+07
149134
ratio: 0.000000
Gen:171
0.488877,0.482844,0.0282789,0,22.7192,-2.18806e+07
85916.8
ratio: 0.000007
Gen:172
0.488877,0.482844,0.0282789,0,22.7192,-2.18806e+07
98762.8
ratio: 0.000000
Gen:173
0.488877,0.482844,0.0282789,0,22.7192,-2.18806e+07
79469.5
ratio: 0.000000
Gen:174
0.488877,0.482844,0.0282789,0,22.7192,-2.18806e+07
85726.6
ratio: 0.000000
Gen:175
0.488877,0.482844,0.0282789,0,22.7192,-2.18806e+07
87158
ratio: 0.000000
Gen:176
0.488877,0.482844,0.0282789,0,22.7192,-2.18806e+07
66325.3
ratio: 0.000000
Gen:177
0.488877,0.482844,0.0282789,0,22.7192,-2.18806e+07
106311
ratio: 0.000000
Gen:178
0.488877,0.482844,0.0282789,0,22.7192,-2.18806e+07
72698.1
ratio: 0.000000
Gen:179
0.488877,0.482844,0.0282789,0,22.7192,-2.18806e+07
81308.5
ratio: 0.000000
Gen:180
0.488877,0.482844,0.0282789,0,22.7192,-2.18806e+07
74783.2
ratio: 0.000000
Gen:181
0.488877,0.482844,0.0282789,0,22.7192,-2.18806e+07
43245.1
ratio: 0.000000
Gen:182
0.489998,0.482081,0.0279207,0,22.7158,-2.18772e+07
90319.4
Gen:183
0.489998,0.482081,0.0279207,0,22.7158,-2.18772e+07
147484
ratio: 0.000000
Gen:184
0.489998,0.482081,0.0279207,0,22.7158,-2.18772e+07
95721.8
ratio: 0.000000
Gen:185
0.489998,0.482081,0.0279207,0,22.7158,-2.18772e+07
149867
ratio: 0.000000
Gen:186
0.489998,0.482081,0.0279207,0,22.7158,-2.18772e+07
90614.9
ratio: 0.000000
Gen:187
0.489998,0.482081,0.0279207,0,22.7158,-2.18772e+07
90190.1
ratio: 0.000000
Gen:188
0.489998,0.482081,0.0279207,0,22.7158,-2.18772e+07
64937.5
ratio: 0.000000
Gen:189
0.489998,0.482081,0.0279207,0,22.7158,-2.18772e+07
66938.8
ratio: 0.000000
Gen:190
0.489998,0.482081,0.0279207,0,22.7158,-2.18772e+07
116563
ratio: 0.000000
Gen:191
0.489998,0.482081,0.0279207,0,22.7158,-2.18772e+07
115646
ratio: 0.000000
Gen:192
0.489998,0.482081,0.0279207,0,22.7158,-2.18772e+07
63139
ratio: 0.000000
Gen:193
0.489998,0.482081,0.0279207,0,22.7158,-2.18772e+07
86496
ratio: 0.000000
Gen:194
0.489998,0.482081,0.0279207,0,22.7158,-2.18772e+07
101350
ratio: 0.000000
Gen:195
0.489998,0.482081,0.0279207,0,22.7158,-2.18772e+07
105745
ratio: 0.000000
Gen:196
0.489998,0.482081,0.0279207,0,22.7158,-2.18772e+07
145157
ratio: 0.000000
Gen:197
0.489998,0.482081,0.0279207,0,22.7158,-2.18772e+07
92192.4
ratio: 0.000000
Gen:198
0.489998,0.482081,0.0279207,0,22.7158,-2.18772e+07
115757
ratio: 0.000000
Gen:199
0.489998,0.482081,0.0279207,0,22.7158,-2.18772e+07
103743
ratio: 0.000000
Gen:200
0.489998,0.482081,0.0279207,0,22.7158,-2.18772e+07
128051
ratio: 0.000000
FINAL Population size
18
Best : -2.18772e+07   21:31-1-26-8-51-41-36-54-18-39-48-69-23-50-17-59-11-15-49-9-68- ,  31:5-54-19-66-69-0-2-50-17-10-8-51-41-12-25-57-35-64-52-55-16-1-31-11-15-30-63-6-47-7-40- ,  31:21-62-42-15-49-11-59-17-20-33-22-19-36-41-51-56-6-35-34-25-27-67-18-69-0-3-23-29-48-66-38- ,  30:13-50-2-14-61-17-9-11-59-10-20-33-22-19-29-3-38-36-45-58-64-52-55-16-26-62-42-15-30-24- ,  30:13-33-22-38-69-23-50-43-20-55-16-26-30-15-11-68-59-10-52-64-58-41-27-67-5-37-18-66-29-48- ,  31:48-66-54-36-22-13-43-61-60-17-10-28-56-6-47-40-12-41-51-8-26-30-21-24-62-15-11-68-1-49-42- ,  31:14-61-43-33-22-45-41-27-25-57-51-8-26-49-42-24-63-6-21-62-30-15-11-9-17-50-23-69-48-3-0- ,  31:50-33-22-19-3-0-69-18-65-39-48-29-23-2-14-60-17-20-52-64-58-45-36-54-5-37-67-27-25-57-34- ,  31:59-11-15-42-62-21-6-47-40-46-7-4-25-57-35-64-52-8-26-49-9-17-60-61-43-33-58-34-51-41-27- ,  31:9-16-55-20-52-8-28-10-17-44-61-43-13-33-58-41-12-40-46-7-4-25-27-67-65-39-48-66-18-5-37- ,  31:61-44-14-2-23-3-66-54-65-5-32-18-38-22-33-43-20-52-64-51-34-35-6-56-8-55-16-26-30-21-63- ,  31:65-32-54-38-66-69-19-36-41-25-4-53-47-6-56-8-26-1-59-17-50-23-29-48-39-18-67-27-12-40-7- ,  31:66-38-36-41-57-25-4-40-46-53-7-47-6-35-58-33-50-0-23-29-69-19-54-65-39-32-37-5-67-27-12- ,  31:31-9-49-15-30-63-6-47-40-12-41-58-33-50-23-69-18-5-54-36-45-34-35-51-56-8-55-17-61-44-60- ,  28:62-24-63-6-35-41-27-67-5-54-36-45-58-51-8-26-49-42-15-11-1-9-16-10-17-44-14-61- , 

0.489998
0.482081
0.0279207
0
22.7158
-2.18772e+07
Initial : -2.39865e+07
0.395178
0.525073
0.0541281
0.0256208
23.7394

-----------------------------------------
Iteration:0 started

Gen:0
0.398854,0.530047,0.0706947,0.000404949,24.1025,-2.32304e+07
677163
Gen:1
0.399856,0.52945,0.0702897,0.000404949,24.0969,-2.3225e+07
700013
Gen:2
0.401309,0.527996,0.0702897,0.000404949,24.0813,-2.321e+07
968289
Gen:3
0.401626,0.531376,0.0660534,0.00094488,23.9117,-2.30703e+07
86693.3
Gen:4
0.403988,0.529522,0.0655446,0.00094488,23.8886,-2.3048e+07
736270
Gen:5
0.404144,0.530571,0.0643401,0.00094488,23.8634,-2.30238e+07
47787.7
Gen:6
0.404834,0.530041,0.0647191,0.000404949,23.8769,-2.30132e+07
233189
Gen:7
0.407581,0.5285,0.0635146,0.000404949,23.8374,-2.29751e+07
377537
Gen:8
0.407581,0.5285,0.0635146,0.000404949,23.8374,-2.29751e+07
597699
ratio: 0.000000
Gen:9
0.413006,0.527762,0.0582867,0.00094488,23.8024,-2.29651e+07
178543
Gen:10
0.413312,0.528282,0.0580011,0.000404949,23.7927,-2.29322e+07
565650
Gen:11
0.413749,0.527845,0.0580011,0.000404949,23.7906,-2.29301e+07
162487
ratio: 0.000092
Gen:12
0.414392,0.526714,0.0584891,0.000404949,23.7724,-2.29125e+07
254878
Gen:13
0.415846,0.525317,0.058432,0.000404949,23.7671,-2.29075e+07
212900
Gen:14
0.418478,0.523292,0.0578246,0.000404949,23.7472,-2.28884e+07
180720
Gen:15
0.418478,0.523292,0.0578246,0.000404949,23.7472,-2.28884e+07
368941
ratio: 0.000000
Gen:16
0.418717,0.528012,0.0528666,0.000404949,23.7183,-2.28605e+07
763911
Gen:17
0.419376,0.526869,0.0533494,0.000404949,23.682,-2.28255e+07
130783
Gen:18
0.419283,0.528069,0.0522436,0.000404949,23.6495,-2.27943e+07
57573.2
Gen:19
0.41988,0.527721,0.0519944,0.000404949,23.643,-2.2788e+07
295455
Gen:20
0.422766,0.525115,0.051714,0.000404949,23.6258,-2.27715e+07
318800
Gen:21
0.424267,0.524637,0.0506913,0.000404949,23.6103,-2.27565e+07
556617
Gen:22
0.425513,0.523391,0.0506913,0.000404949,23.6053,-2.27517e+07
60904.4
Gen:23
0.425565,0.524113,0.0499177,0.000404949,23.5951,-2.27419e+07
556471
Gen:24
0.427044,0.523282,0.0492688,0.000404949,23.5887,-2.27358e+07
555484
Gen:25
0.427096,0.524004,0.0484952,0.000404949,23.5559,-2.27041e+07
556774
Gen:26
0.427382,0.525784,0.0464289,0.000404949,23.5442,-2.26929e+07
158436
Gen:27
0.428571,0.524819,0.0462057,0.000404949,23.5421,-2.26909e+07
73713.4
ratio: 0.000087
Gen:28
0.431104,0.520645,0.0478462,0.000404949,23.5292,-2.26785e+07
69234.5
Gen:29
0.432828,0.523775,0.0429921,0.000404949,23.5123,-2.26622e+07
334907
Gen:30
0.431753,0.525177,0.042665,0.000404949,23.48,-2.26311e+07
74378
Gen:31
0.431753,0.525177,0.042665,0.000404949,23.48,-2.26311e+07
325818
ratio: 0.000000
Gen:32
0.432558,0.524372,0.042665,0.000404949,23.4692,-2.26207e+07
347123
Gen:33
0.433851,0.524383,0.0413619,0.000404949,23.4641,-2.26158e+07
135094
Gen:34
0.436571,0.522187,0.0408375,0.000404949,23.452,-2.26041e+07
89669.9
Gen:35
0.434629,0.524642,0.0407285,0,23.4542,-2.25884e+07
420411
Gen:36
0.440428,0.518469,0.0406973,0.000404949,23.4291,-2.25821e+07
429176
Gen:37
0.441114,0.518381,0.0401003,0.000404949,23.403,-2.2557e+07
174432
Gen:38
0.441114,0.518381,0.0401003,0.000404949,23.403,-2.2557e+07
566695
ratio: 0.000000
Gen:39
0.44195,0.51823,0.039415,0.000404949,23.3889,-2.25434e+07
320979
Gen:40
0.441892,0.519103,0.0390049,0,23.3931,-2.25296e+07
630509
Gen:41
0.44265,0.518526,0.0388232,0,23.3897,-2.25263e+07
41271.6
Gen:42
0.443933,0.517727,0.0383403,0,23.3806,-2.25175e+07
367707
Gen:43
0.444628,0.517073,0.0382988,0,23.3746,-2.25118e+07
390970
Gen:44
0.44495,0.518272,0.0367776,0,23.3621,-2.24997e+07
115041
Gen:45
0.44711,0.5166,0.0362896,0,23.349,-2.2487e+07
63225.3
Gen:46
0.448735,0.515359,0.0359054,0,23.3365,-2.2475e+07
79088
Gen:47
0.449493,0.514783,0.0357237,0,23.3331,-2.24717e+07
139942
Gen:48
0.450495,0.513781,0.0357237,0,23.3291,-2.24679e+07
129999
Gen:49
0.448912,0.512852,0.0382365,0,23.3065,-2.24461e+07
99842.1
Gen:50
0.454373,0.511975,0.0336523,0,23.2976,-2.24376e+07
107142
Gen:51
0.455121,0.511227,0.0336523,0,23.2937,-2.24338e+07
88313.4
Gen:52
0.456268,0.51008,0.0336523,0,23.2885,-2.24289e+07
91995.2
Gen:53
0.455552,0.509695,0.0347529,0,23.2726,-2.24135e+07
147744
Gen:54
0.455801,0.509732,0.0344674,0,23.2724,-2.24133e+07
77110.4
ratio: 0.000011
Gen:55
0.455993,0.50954,0.0344674,0,23.2627,-2.2404e+07
123578
Gen:56
0.456611,0.508595,0.0347944,0,23.2546,-2.23962e+07
61857.7
Gen:57
0.4578,0.507406,0.0347944,0,23.2454,-2.23873e+07
115224
Gen:58
0.4578,0.507406,0.0347944,0,23.2452,-2.23871e+07
210974
ratio: 0.000007
Gen:59
0.458802,0.506404,0.0347944,0,23.2412,-2.23833e+07
44956.8
Gen:60
0.459928,0.50562,0.0344518,0,23.2331,-2.23755e+07
55839.7
Gen:61
0.459928,0.50562,0.0344518,0,23.2331,-2.23755e+07
102179
ratio: 0.000000
Gen:62
0.459928,0.50562,0.0344518,0,23.2331,-2.23755e+07
112190
ratio: 0.000000
Gen:63
0.461377,0.505199,0.0334238,0,23.2309,-2.23733e+07
131300
ratio: 0.000096
Gen:64
0.461377,0.505199,0.0334238,0,23.2309,-2.23733e+07
124091
ratio: 0.000000
Gen:65
0.460432,0.505713,0.033429,0.000425715,23.2014,-2.23638e+07
141125
Gen:66
0.461647,0.504499,0.033429,0.000425715,23.1924,-2.23551e+07
128740
Gen:67
0.461647,0.504499,0.033429,0.000425715,23.1924,-2.23551e+07
68294
ratio: 0.000000
Gen:68
0.463287,0.503434,0.0328528,0.000425715,23.1844,-2.23474e+07
159289
Gen:69
0.463822,0.5029,0.0328528,0.000425715,23.179,-2.23422e+07
139703
Gen:70
0.464647,0.502074,0.0328528,0.000425715,23.1774,-2.23407e+07
75699.2
ratio: 0.000067
Gen:71
0.46525,0.501472,0.0328528,0.000425715,23.1714,-2.23349e+07
91522.1
Gen:72
0.466091,0.500631,0.0328528,0.000425715,23.167,-2.23307e+07
97839.1
Gen:73
0.466932,0.49979,0.0328528,0.000425715,23.1561,-2.23202e+07
73250.7
Gen:74
0.467077,0.500766,0.0317314,0.000425715,23.1548,-2.2319e+07
91872.6
ratio: 0.000054
Gen:75
0.468427,0.498814,0.0323336,0.000425715,23.1483,-2.23127e+07
151635
Gen:76
0.468827,0.499016,0.0317314,0.000425715,23.1379,-2.23027e+07
166392
Gen:77
0.469855,0.497988,0.0317314,0.000425715,23.1304,-2.22955e+07
101530
Gen:78
0.470498,0.497344,0.0317314,0.000425715,23.1234,-2.22887e+07
119391
Gen:79
0.470903,0.49694,0.0317314,0.000425715,23.1213,-2.22867e+07
49310.9
ratio: 0.000087
Gen:80
0.470903,0.49694,0.0317314,0.000425715,23.1213,-2.22867e+07
62811.4
ratio: 0.000000
Gen:81
0.471085,0.496758,0.0317314,0.000425715,23.1204,-2.22859e+07
107759
ratio: 0.000039
Gen:82
0.471713,0.49613,0.0317314,0.000425715,23.1173,-2.22828e+07
94806.6
Gen:83
0.471713,0.49613,0.0317314,0.000425715,23.1173,-2.22828e+07
92707.5
ratio: 0.000000
Gen:84
0.471796,0.496047,0.0317314,0.000425715,23.1171,-2.22827e+07
123069
ratio: 0.000007
Gen:85
0.471796,0.496047,0.0317314,0.000425715,23.1171,-2.22827e+07
137162
ratio: 0.000000
Gen:86
0.470535,0.497905,0.03156,0,23.1238,-2.22702e+07
115164
Gen:87
0.471241,0.497199,0.03156,0,23.1136,-2.22603e+07
163800
Gen:88
0.471241,0.497199,0.03156,0,23.1136,-2.22603e+07
60013.6
ratio: 0.000000
Gen:89
0.472077,0.496363,0.03156,0,23.1099,-2.22568e+07
87848.2
Gen:90
0.471085,0.497168,0.0317469,0,23.0892,-2.22369e+07
106475
Gen:91
0.471267,0.496986,0.0317469,0,23.0883,-2.2236e+07
90808.4
ratio: 0.000039
Gen:92
0.472191,0.496062,0.0317469,0,23.0781,-2.22262e+07
71303.8
Gen:93
0.472191,0.496062,0.0317469,0,23.0781,-2.22262e+07
103577
ratio: 0.000000
Gen:94
0.473136,0.495117,0.0317469,0,23.0738,-2.2222e+07
119356
Gen:95
0.473318,0.494936,0.0317469,0,23.0729,-2.22211e+07
143980
ratio: 0.000039
Gen:96
0.47473,0.493523,0.0317469,0,23.0667,-2.22152e+07
128769
Gen:97
0.47473,0.493523,0.0317469,0,23.0667,-2.22152e+07
132808
ratio: 0.000000
Gen:98
0.475529,0.492724,0.0317469,0,23.0623,-2.22109e+07
118036
Gen:99
0.475529,0.492724,0.0317469,0,23.0623,-2.22109e+07
153433
ratio: 0.000000
Gen:100
0.475529,0.492724,0.0317469,0,23.0623,-2.22109e+07
133012
ratio: 0.000000
Gen:101
0.476287,0.491966,0.0317469,0,23.0615,-2.22102e+07
95627.1
ratio: 0.000033
Gen:102
0.477024,0.491229,0.0317469,0,23.0587,-2.22075e+07
146115
Gen:103
0.477024,0.491229,0.0317469,0,23.0585,-2.22073e+07
76529.9
ratio: 0.000012
Gen:104
0.477024,0.491229,0.0317469,0,23.0578,-2.22066e+07
87541
ratio: 0.000030
Gen:105
0.477206,0.491047,0.0317469,0,23.0576,-2.22064e+07
143400
ratio: 0.000009
Gen:106
0.477206,0.491047,0.0317469,0,23.0576,-2.22064e+07
149313
ratio: 0.000000
Gen:107
0.477611,0.490642,0.0317469,0,23.0559,-2.22048e+07
123397
ratio: 0.000070
Gen:108
0.477611,0.490642,0.0317469,0,23.0559,-2.22048e+07
112038
ratio: 0.000000
Gen:109
0.477834,0.491224,0.0309422,0,23.054,-2.2203e+07
106003
ratio: 0.000084
Gen:110
0.477834,0.491224,0.0309422,0,23.054,-2.2203e+07
103687
ratio: 0.000000
Gen:111
0.478265,0.490793,0.0309422,0,23.0536,-2.22026e+07
89612.6
ratio: 0.000019
Gen:112
0.478982,0.490076,0.0309422,0,23.0489,-2.2198e+07
103785
Gen:113
0.479828,0.490611,0.0295613,0,23.0436,-2.21929e+07
54421.2
Gen:114
0.480259,0.49018,0.0295613,0,23.0432,-2.21925e+07
99694.9
ratio: 0.000019
Gen:115
0.480259,0.49018,0.0295613,0,23.0432,-2.21925e+07
134935
ratio: 0.000000
Gen:116
0.480259,0.49018,0.0295613,0,23.0432,-2.21925e+07
106116
ratio: 0.000000
Gen:117
0.480975,0.490206,0.0288188,0,23.0334,-2.21831e+07
69045.4
Gen:118
0.480975,0.490206,0.0288188,0,23.0334,-2.21831e+07
109304
ratio: 0.000000
Gen:119
0.480975,0.490206,0.0288188,0,23.0334,-2.21831e+07
79597.6
ratio: 0.000000
Gen:120
0.481515,0.489666,0.0288188,0,23.0318,-2.21816e+07
81650.2
ratio: 0.000070
Gen:121
0.482195,0.488986,0.0288188,0,23.0271,-2.2177e+07
118800
Gen:122
0.482512,0.488669,0.0288188,0,23.0246,-2.21746e+07
68703.6
Gen:123
0.482512,0.488669,0.0288188,0,23.0246,-2.21746e+07
107012
ratio: 0.000000
Gen:124
0.482512,0.488669,0.0288188,0,23.0246,-2.21746e+07
130521
ratio: 0.000000
Gen:125
0.482512,0.488669,0.0288188,0,23.0246,-2.21746e+07
112685
ratio: 0.000000
Gen:126
0.483005,0.488176,0.0288188,0,23.023,-2.21731e+07
118116
ratio: 0.000070
Gen:127
0.483005,0.488176,0.0288188,0,23.023,-2.21731e+07
100915
ratio: 0.000000
Gen:128
0.483176,0.488005,0.0288188,0,23.0193,-2.21696e+07
80908.4
Gen:129
0.484646,0.486535,0.0288188,0,23.0135,-2.2164e+07
136430
Gen:130
0.484646,0.486535,0.0288188,0,23.0135,-2.2164e+07
96467.7
ratio: 0.000000
Gen:131
0.484646,0.486535,0.0288188,0,23.0135,-2.2164e+07
94296.1
ratio: 0.000000
Gen:132
0.484646,0.486535,0.0288188,0,23.0096,-2.21602e+07
93683.3
Gen:133
0.484646,0.486535,0.0288188,0,23.0096,-2.21602e+07
85310.9
ratio: 0.000000
Gen:134
0.484646,0.486535,0.0288188,0,23.0096,-2.21602e+07
125281
ratio: 0.000000
Gen:135
0.484646,0.486535,0.0288188,0,23.0096,-2.21602e+07
109535
ratio: 0.000000
Gen:136
0.484646,0.486535,0.0288188,0,23.0096,-2.21602e+07
101322
ratio: 0.000000
Gen:137
0.484646,0.486535,0.0288188,0,23.0096,-2.21602e+07
110682
ratio: 0.000000
Gen:138
0.484646,0.486535,0.0288188,0,23.0096,-2.21602e+07
107590
ratio: 0.000000
Gen:139
0.485238,0.485944,0.0288188,0,23.0067,-2.21574e+07
141725
Gen:140
0.485238,0.485944,0.0288188,0,23.0067,-2.21574e+07
84816.6
ratio: 0.000000
Gen:141
0.485975,0.485206,0.0288188,0,23.0022,-2.21531e+07
96183.4
Gen:142
0.485975,0.485206,0.0288188,0,23.0022,-2.21531e+07
75888.4
ratio: 0.000000
Gen:143
0.485975,0.485206,0.0288188,0,23.0022,-2.21531e+07
122042
ratio: 0.000000
Gen:144
0.485975,0.485206,0.0288188,0,23.0022,-2.21531e+07
124715
ratio: 0.000000
Gen:145
0.485975,0.485206,0.0288188,0,23.0022,-2.21531e+07
110096
ratio: 0.000000
Gen:146
0.485975,0.485206,0.0288188,0,23.0022,-2.21531e+07
107605
ratio: 0.000000
Gen:147
0.485975,0.485206,0.0288188,0,23.0022,-2.21531e+07
114381
ratio: 0.000000
Gen:148
0.485975,0.485206,0.0288188,0,23.0022,-2.21531e+07
106952
ratio: 0.000000
Gen:149
0.485975,0.485206,0.0288188,0,23.0022,-2.21531e+07
138757
ratio: 0.000000
Gen:150
0.485975,0.485206,0.0288188,0,23.0022,-2.21531e+07
88954.6
ratio: 0.000000
Gen:151
0.485975,0.485206,0.0288188,0,23.0022,-2.21531e+07
94357.3
ratio: 0.000000
Gen:152
0.485975,0.485206,0.0288188,0,23.0022,-2.21531e+07
111514
ratio: 0.000000
Gen:153
0.485975,0.485206,0.0288188,0,23.0022,-2.21531e+07
103024
ratio: 0.000000
Gen:154
0.485975,0.485206,0.0288188,0,23.0022,-2.21531e+07
78612.8
ratio: 0.000000
Gen:155
0.485975,0.485206,0.0288188,0,23.0022,-2.21531e+07
81606.4
ratio: 0.000000
Gen:156
0.485975,0.484921,0.0291044,0,23.0004,-2.21513e+07
97874.5
ratio: 0.000081
Gen:157
0.485975,0.484921,0.0291044,0,23.0004,-2.21513e+07
94559.4
ratio: 0.000000
Gen:158
0.485975,0.484921,0.0291044,0,23.0004,-2.21513e+07
36995.5
ratio: 0.000000
Gen:159
0.485975,0.484921,0.0291044,0,23.0004,-2.21513e+07
58134.2
ratio: 0.000000
Gen:160
0.485975,0.484921,0.0291044,0,23.0004,-2.21513e+07
78981.3
ratio: 0.000000
Gen:161
0.485975,0.484921,0.0291044,0,23.0004,-2.21513e+07
102180
ratio: 0.000000
FINAL Population size
18
Best : -2.21513e+07   21:31-1-26-8-51-41-36-54-18-39-48-69-23-50-17-59-11-15-49-9-68- ,  30:18-66-29-69-0-2-50-17-10-8-51-41-12-25-57-35-64-52-55-16-1-31-11-15-30-63-6-47-7-46- ,  31:30-42-15-11-59-17-20-33-22-19-36-41-51-56-6-35-34-25-27-67-18-69-0-3-23-50-43-61-60-44-14- ,  26:13-50-2-14-61-17-9-11-59-10-20-33-22-19-29-3-38-36-45-58-64-52-55-16-1-68- ,  30:36-22-38-69-23-50-43-20-55-16-26-30-15-11-68-59-10-52-64-58-41-27-67-65-19-18-39-32-5-37- ,  31:19-66-3-38-18-37-65-32-54-36-22-13-43-61-60-17-10-28-56-6-47-40-12-41-51-8-26-30-21-24-42- ,  31:44-61-43-33-22-45-41-27-25-57-51-8-26-49-42-24-63-6-21-62-30-15-11-9-17-50-23-69-48-39-32- ,  25:44-61-43-50-0-69-18-65-39-48-29-23-2-14-60-17-20-52-64-58-45-36-54-5-37- ,  31:11-15-42-62-24-21-6-47-40-46-7-4-25-57-35-64-52-8-26-49-9-17-60-61-43-33-13-20-10-16-55- ,  31:9-16-55-20-52-8-28-10-17-44-61-43-13-33-58-41-12-40-46-7-4-25-27-67-65-39-48-66-54-36-19- ,  29:46-40-4-25-27-67-37-32-18-38-22-33-43-20-52-64-51-34-35-6-56-8-55-16-26-30-21-63-24- ,  31:65-5-54-38-66-69-19-36-41-25-4-53-47-6-56-8-26-1-59-17-50-23-29-48-39-18-67-27-12-40-46- ,  24:4-12-27-67-18-54-36-41-51-8-26-62-49-1-16-10-28-56-6-47-40-46-53-7- ,  31:64-52-55-16-9-68-11-15-30-63-6-47-40-12-41-58-33-50-23-69-18-5-54-36-45-34-35-57-25-4-53- ,  25:21-30-62-24-63-6-35-41-27-67-5-54-36-45-58-51-8-26-49-42-15-11-1-9-31- , 

0.485975
0.484921
0.0291044
0
23.0004
-2.21513e+07
Initial : -2.39865e+07
0.395178
0.525073
0.0541281
0.0256208
23.7394

-----------------------------------------
Iteration:0 started

Gen:0
0.398854,0.530047,0.0706947,0.000404949,24.1025,-2.32304e+07
677163
Gen:1
0.399934,0.528993,0.0706687,0.000404949,24.0975,-2.32255e+07
460528
Gen:2
0.399009,0.531095,0.0694902,0.000404949,24.0774,-2.32062e+07
293296
Gen:3
0.401642,0.529071,0.0688828,0.000404949,24.0575,-2.31871e+07
58024
Gen:4
0.401958,0.53245,0.0646464,0.00094488,23.8879,-2.30474e+07
641911
Gen:5
0.404139,0.53027,0.0646464,0.00094488,23.872,-2.30321e+07
711226
Gen:6
0.40471,0.529699,0.0646464,0.00094488,23.8671,-2.30274e+07
290866
Gen:7
0.405016,0.530218,0.0643609,0.000404949,23.8574,-2.29944e+07
680347
Gen:8
0.40565,0.529097,0.0648489,0.000404949,23.8326,-2.29706e+07
720658
Gen:9
0.405826,0.530597,0.0635769,0,23.8277,-2.29481e+07
68582.9
Gen:10
0.40728,0.530379,0.0623413,0,23.8172,-2.2938e+07
324794
Gen:11
0.410177,0.530228,0.0595949,0,23.7941,-2.29157e+07
292576
Gen:12
0.410852,0.529102,0.0600466,0,23.7833,-2.29054e+07
93275.9
Gen:13
0.411376,0.528718,0.0599064,0,23.7749,-2.28972e+07
156539
Gen:14
0.413806,0.527342,0.0588525,0,23.7694,-2.28919e+07
418242
Gen:15
0.412876,0.52771,0.0594132,0,23.7556,-2.28787e+07
55439.2
Gen:16
0.41839,0.522098,0.0595119,0,23.7433,-2.28668e+07
404612
Gen:17
0.418634,0.523007,0.0583593,0,23.7382,-2.28619e+07
455428
Gen:18
0.420036,0.522768,0.0571964,0,23.7266,-2.28508e+07
275937
Gen:19
0.420373,0.523666,0.0559608,0,23.7009,-2.2826e+07
53011.4
Gen:20
0.421022,0.526698,0.0522799,0,23.6599,-2.27865e+07
26250.5
Gen:21
0.421401,0.523152,0.0554468,0,23.6363,-2.27638e+07
404771
Gen:22
0.422232,0.521782,0.0559868,0,23.6143,-2.27426e+07
575794
Gen:23
0.422585,0.521429,0.0559868,0,23.6125,-2.27409e+07
240484
ratio: 0.000075
Gen:24
0.425253,0.519508,0.0552392,0,23.5915,-2.27207e+07
506364
Gen:25
0.425788,0.518973,0.0552392,0,23.5862,-2.27155e+07
423342
Gen:26
0.426536,0.518225,0.0552392,0,23.5819,-2.27114e+07
421149
Gen:27
0.425918,0.51956,0.0541749,0.000347841,23.5427,-2.26889e+07
331202
Gen:28
0.425918,0.51956,0.0541749,0.000347841,23.5427,-2.26889e+07
480418
ratio: 0.000000
Gen:29
0.425217,0.52026,0.0541749,0.000347841,23.5359,-2.26824e+07
178984
Gen:30
0.426598,0.518828,0.0538011,0.000773556,23.5092,-2.26755e+07
448676
Gen:31
0.427091,0.518298,0.0542631,0.000347841,23.508,-2.26555e+07
364399
Gen:32
0.430201,0.517992,0.0514596,0.000347841,23.486,-2.26343e+07
471496
Gen:33
0.427968,0.519373,0.0523111,0.000347841,23.4435,-2.25935e+07
165265
Gen:34
0.426214,0.521506,0.0519321,0.000347841,23.4192,-2.25701e+07
265639
Gen:35
0.426214,0.521506,0.0519321,0.000347841,23.4192,-2.25701e+07
140216
ratio: 0.000000
Gen:36
0.428311,0.519409,0.0519321,0.000347841,23.4124,-2.25635e+07
178653
Gen:37
0.428379,0.519762,0.0515115,0.000347841,23.404,-2.25554e+07
409030
Gen:38
0.429054,0.519087,0.0515115,0.000347841,23.4004,-2.25519e+07
334061
Gen:39
0.430211,0.519362,0.0500787,0.000347841,23.3898,-2.25418e+07
139321
Gen:40
0.427709,0.521667,0.0502759,0.000347841,23.3881,-2.25401e+07
143029
ratio: 0.000073
Gen:41
0.431764,0.515209,0.0526797,0.000347841,23.3547,-2.2508e+07
118558
Gen:42
0.430123,0.518158,0.0513714,0.000347841,23.3506,-2.2504e+07
430831
Gen:43
0.432864,0.514207,0.052581,0.000347841,23.335,-2.2489e+07
324215
Gen:44
0.434043,0.513028,0.052581,0.000347841,23.3296,-2.24838e+07
288729
Gen:45
0.435782,0.50983,0.0540399,0.000347841,23.3021,-2.24574e+07
137171
Gen:46
0.436639,0.508989,0.0540243,0.000347841,23.2979,-2.24533e+07
92579.5
Gen:47
0.43898,0.507037,0.0536349,0.000347841,23.2813,-2.24373e+07
284708
Gen:48
0.437438,0.509685,0.0525291,0.000347841,23.2766,-2.24327e+07
336333
Gen:49
0.438077,0.509067,0.0525083,0.000347841,23.2733,-2.24296e+07
412258
Gen:50
0.440117,0.508418,0.051117,0.000347841,23.2598,-2.24166e+07
333143
Gen:51
0.440813,0.507723,0.051117,0.000347841,23.2564,-2.24133e+07
117442
Gen:52
0.441654,0.5071,0.0508989,0.000347841,23.2429,-2.24003e+07
166623
Gen:53
0.441654,0.5071,0.0508989,0.000347841,23.2429,-2.24003e+07
43711.9
ratio: 0.000000
Gen:54
0.442464,0.50507,0.052119,0.000347841,23.2293,-2.23872e+07
116373
Gen:55
0.443865,0.505672,0.050115,0.000347841,23.2043,-2.23631e+07
112359
Gen:56
0.445174,0.504364,0.050115,0.000347841,23.2032,-2.23621e+07
167327
ratio: 0.000048
Gen:57
0.44535,0.505283,0.0490196,0.000347841,23.195,-2.23542e+07
115427
Gen:58
0.44468,0.506804,0.0481681,0.000347841,23.1939,-2.23531e+07
87224.5
ratio: 0.000050
Gen:59
0.445215,0.506269,0.0481681,0.000347841,23.1885,-2.2348e+07
94822.8
Gen:60
0.445215,0.506269,0.0481681,0.000347841,23.1882,-2.23477e+07
145385
ratio: 0.000013
Gen:61
0.445464,0.50602,0.0481681,0.000347841,23.1835,-2.23431e+07
126220
Gen:62
0.446643,0.5067,0.0463095,0.000347841,23.1662,-2.23265e+07
135680
Gen:63
0.447681,0.505672,0.0462991,0.000347841,23.1624,-2.23228e+07
280274
Gen:64
0.449384,0.504717,0.0455515,0.000347841,23.1577,-2.23182e+07
98803.4
Gen:65
0.450734,0.503195,0.0457229,0.000347841,23.1439,-2.2305e+07
69434.2
Gen:66
0.450734,0.503195,0.0457229,0.000347841,23.1439,-2.2305e+07
272561
ratio: 0.000000
Gen:67
0.450734,0.503195,0.0457229,0.000347841,23.1439,-2.2305e+07
292660
ratio: 0.000000
Gen:68
0.45091,0.503019,0.0457229,0.000347841,23.1324,-2.22939e+07
32879.9
Gen:69
0.45091,0.503019,0.0457229,0.000347841,23.1324,-2.22939e+07
95581.2
ratio: 0.000000
Gen:70
0.450967,0.503663,0.045022,0.000347841,23.1226,-2.22845e+07
81809.8
Gen:71
0.450967,0.503663,0.045022,0.000347841,23.1226,-2.22845e+07
80243.8
ratio: 0.000000
Gen:72
0.451398,0.503673,0.0445807,0.000347841,23.1218,-2.22837e+07
379790
ratio: 0.000038
Gen:73
0.451398,0.503673,0.0445807,0.000347841,23.1218,-2.22837e+07
276210
ratio: 0.000000
Gen:74
0.451398,0.503673,0.0445807,0.000347841,23.1218,-2.22837e+07
157822
ratio: 0.000000
Gen:75
0.450755,0.504229,0.044669,0.000347841,23.102,-2.22647e+07
374596
Gen:76
0.451409,0.503574,0.044669,0.000347841,23.099,-2.22618e+07
276716
Gen:77
0.452027,0.502957,0.044669,0.000347841,23.0959,-2.22588e+07
271077
Gen:78
0.452027,0.502957,0.044669,0.000347841,23.0959,-2.22588e+07
267986
ratio: 0.000000
Gen:79
0.452027,0.502957,0.044669,0.000347841,23.0959,-2.22588e+07
389338
ratio: 0.000000
Gen:80
0.452151,0.502832,0.044669,0.000347841,23.0944,-2.22574e+07
147346
ratio: 0.000065
Gen:81
0.451305,0.503678,0.044669,0.000347841,23.0868,-2.225e+07
94235.3
Gen:82
0.452203,0.503512,0.0439369,0.000347841,23.0815,-2.22449e+07
79381.6
Gen:83
0.452136,0.502848,0.044669,0.000347841,23.081,-2.22445e+07
74865.7
ratio: 0.000020
Gen:84
0.453745,0.50211,0.0437968,0.000347841,23.076,-2.22396e+07
117743
Gen:85
0.453745,0.50211,0.0437968,0.000347841,23.0746,-2.22383e+07
293613
ratio: 0.000057
Gen:86
0.454155,0.502048,0.0434489,0.000347841,23.0714,-2.22352e+07
117080
Gen:87
0.454155,0.502048,0.0434489,0.000347841,23.0701,-2.22339e+07
72311.8
ratio: 0.000057
Gen:88
0.455204,0.500999,0.0434489,0.000347841,23.0591,-2.22234e+07
71450.8
Gen:89
0.456393,0.501425,0.0418343,0.000347841,23.0492,-2.22139e+07
73464.2
Gen:90
0.456465,0.501378,0.0418084,0.000347841,23.0468,-2.22115e+07
276280
Gen:91
0.459238,0.498783,0.0416318,0.000347841,23.0335,-2.21987e+07
28103
Gen:92
0.459238,0.498783,0.0416318,0.000347841,23.0335,-2.21987e+07
17983.7
ratio: 0.000000
Gen:93
0.459238,0.498783,0.0416318,0.000347841,23.028,-2.21934e+07
157449
Gen:94
0.459238,0.498783,0.0416318,0.000347841,23.028,-2.21934e+07
269752
ratio: 0.000000
Gen:95
0.460681,0.498108,0.0408635,0.000347841,23.0265,-2.2192e+07
106766
ratio: 0.000063
Gen:96
0.460681,0.498108,0.0408635,0.000347841,23.0265,-2.2192e+07
283885
ratio: 0.000000
Gen:97
0.460681,0.498108,0.0408635,0.000347841,23.0265,-2.2192e+07
35870.3
ratio: 0.000000
Gen:98
0.461776,0.497012,0.0408635,0.000347841,23.022,-2.21877e+07
276602
Gen:99
0.462057,0.496732,0.0408635,0.000347841,23.0206,-2.21863e+07
104251
ratio: 0.000061
Gen:100
0.462389,0.497147,0.0401159,0.000347841,23.0113,-2.21774e+07
270977
Gen:101
0.462389,0.497147,0.0401159,0.000347841,23.0113,-2.21774e+07
273122
ratio: 0.000000
Gen:102
0.463137,0.4964,0.0401159,0.000347841,23.0076,-2.21738e+07
156507
Gen:103
0.464788,0.494749,0.0401159,0.000347841,23.0061,-2.21723e+07
198632
ratio: 0.000064
Gen:104
0.464788,0.494749,0.0401159,0.000347841,23.0061,-2.21723e+07
85488.3
ratio: 0.000000
Gen:105
0.464788,0.494749,0.0401159,0.000347841,23.0061,-2.21723e+07
86570.8
ratio: 0.000000
Gen:106
0.465146,0.495906,0.0385999,0.000347841,22.9985,-2.2165e+07
109305
Gen:107
0.465888,0.495969,0.0381431,0,22.9989,-2.21499e+07
125335
Gen:108
0.465888,0.495969,0.0381431,0,22.9989,-2.21499e+07
49111.5
ratio: 0.000000
Gen:109
0.465888,0.495969,0.0381431,0,22.9989,-2.21499e+07
65220.6
ratio: 0.000000
Gen:110
0.465971,0.495289,0.0387401,0,22.9872,-2.21387e+07
120408
Gen:111
0.465971,0.495289,0.0387401,0,22.9872,-2.21387e+07
94731.8
ratio: 0.000000
Gen:112
0.465971,0.495289,0.0387401,0,22.9872,-2.21387e+07
65023.7
ratio: 0.000000
Gen:113
0.465971,0.495289,0.0387401,0,22.9872,-2.21387e+07
92490.4
ratio: 0.000000
Gen:114
0.465971,0.495289,0.0387401,0,22.9872,-2.21387e+07
66047.9
ratio: 0.000000
Gen:115
0.466252,0.495008,0.0387401,0,22.9858,-2.21373e+07
81347.9
ratio: 0.000061
Gen:116
0.467472,0.493788,0.0387401,0,22.9765,-2.21283e+07
133708
Gen:117
0.467472,0.493788,0.0387401,0,22.9765,-2.21283e+07
71993.7
ratio: 0.000000
Gen:118
0.467472,0.493788,0.0387401,0,22.9765,-2.21283e+07
120350
ratio: 0.000000
Gen:119
0.467513,0.493747,0.0387401,0,22.9745,-2.21264e+07
117651
ratio: 0.000086
Gen:120
0.467513,0.493747,0.0387401,0,22.9745,-2.21264e+07
88301.6
ratio: 0.000000
Gen:121
0.467513,0.493747,0.0387401,0,22.9737,-2.21256e+07
65194.7
ratio: 0.000037
Gen:122
0.4677,0.49356,0.0387401,0,22.9626,-2.21149e+07
95982.6
Gen:123
0.468718,0.493882,0.0374006,0,22.9589,-2.21114e+07
56994.5
Gen:124
0.468822,0.493778,0.0374006,0,22.9508,-2.21036e+07
106518
Gen:125
0.470493,0.492106,0.0374006,0,22.9475,-2.21004e+07
56236.3
Gen:126
0.470722,0.491878,0.0374006,0,22.9462,-2.20991e+07
143234
ratio: 0.000059
Gen:127
0.470722,0.491878,0.0374006,0,22.9462,-2.20991e+07
113536
ratio: 0.000000
Gen:128
0.471314,0.491286,0.0374006,0,22.9433,-2.20964e+07
82314.7
Gen:129
0.471314,0.491286,0.0374006,0,22.9433,-2.20964e+07
110992
ratio: 0.000000
Gen:130
0.471314,0.491286,0.0374006,0,22.9423,-2.20954e+07
123104
ratio: 0.000043
Gen:131
0.471314,0.491286,0.0374006,0,22.9423,-2.20954e+07
76794.5
ratio: 0.000000
Gen:132
0.469813,0.493207,0.0369801,0,22.9358,-2.20891e+07
112920
Gen:133
0.469813,0.493207,0.0369801,0,22.9358,-2.20891e+07
88180.2
ratio: 0.000000
Gen:134
0.470498,0.492433,0.0370684,0,22.9087,-2.20631e+07
103372
Gen:135
0.471812,0.49112,0.0370684,0,22.9061,-2.20605e+07
67797.2
Gen:136
0.473665,0.489843,0.0364921,0,22.9,-2.20546e+07
88280.9
Gen:137
0.473665,0.489843,0.0364921,0,22.9,-2.20546e+07
84442.5
ratio: 0.000000
Gen:138
0.473665,0.489843,0.0364921,0,22.9,-2.20546e+07
101160
ratio: 0.000000
Gen:139
0.473665,0.489843,0.0364921,0,22.9,-2.20546e+07
67343.9
ratio: 0.000000
Gen:140
0.473665,0.489843,0.0364921,0,22.9,-2.20546e+07
102138
ratio: 0.000000
Gen:141
0.473665,0.489843,0.0364921,0,22.9,-2.20546e+07
128306
ratio: 0.000000
Gen:142
0.473665,0.489843,0.0364921,0,22.9,-2.20546e+07
107890
ratio: 0.000000
Gen:143
0.473748,0.489759,0.0364921,0,22.897,-2.20518e+07
69496.3
Gen:144
0.473748,0.489759,0.0364921,0,22.897,-2.20518e+07
93014
ratio: 0.000000
Gen:145
0.473748,0.489759,0.0364921,0,22.897,-2.20518e+07
117602
ratio: 0.000000
Gen:146
0.473909,0.489199,0.0368919,0,22.8967,-2.20514e+07
149501
ratio: 0.000014
Gen:147
0.473909,0.489199,0.0368919,0,22.8967,-2.20514e+07
77666.3
ratio: 0.000000
Gen:148
0.473909,0.489199,0.0368919,0,22.8967,-2.20514e+07
108517
ratio: 0.000000
Gen:149
0.473909,0.489199,0.0368919,0,22.8967,-2.20514e+07
82906.3
ratio: 0.000000
Gen:150
0.473909,0.489199,0.0368919,0,22.8967,-2.20514e+07
57706.9
ratio: 0.000000
Gen:151
0.473909,0.489199,0.0368919,0,22.8967,-2.20514e+07
108347
ratio: 0.000000
Gen:152
0.473909,0.489199,0.0368919,0,22.8967,-2.20514e+07
76745.5
ratio: 0.000000
Gen:153
0.473909,0.489199,0.0368919,0,22.8967,-2.20514e+07
84803.1
ratio: 0.000000
Gen:154
0.473909,0.489199,0.0368919,0,22.8967,-2.20514e+07
84519.4
ratio: 0.000000
Gen:155
0.473909,0.489199,0.0368919,0,22.8967,-2.20514e+07
76232.1
ratio: 0.000000
Gen:156
0.473909,0.489199,0.0368919,0,22.8967,-2.20514e+07
110400
ratio: 0.000000
Gen:157
0.473909,0.489199,0.0368919,0,22.8967,-2.20514e+07
3280.73
ratio: 0.000000
Gen:158
0.473909,0.489199,0.0368919,0,22.8967,-2.20514e+07
31535.8
ratio: 0.000000
Gen:159
0.473909,0.489199,0.0368919,0,22.8967,-2.20514e+07
85511.4
ratio: 0.000000
Gen:160
0.473909,0.489199,0.0368919,0,22.8967,-2.20514e+07
101348
ratio: 0.000000
Gen:161
0.473909,0.489199,0.0368919,0,22.8967,-2.20514e+07
119084
ratio: 0.000000
Gen:162
0.473909,0.489199,0.0368919,0,22.8967,-2.20514e+07
109685
ratio: 0.000000
Gen:163
0.473909,0.489199,0.0368919,0,22.8967,-2.20514e+07
34063.9
ratio: 0.000000
FINAL Population size
18
Best : -2.20514e+07   21:31-1-26-8-51-41-36-54-18-39-48-69-23-50-17-59-11-15-49-9-68- ,  31:65-19-29-23-0-2-50-17-10-8-51-41-12-25-57-35-64-52-55-16-1-31-11-15-30-63-6-47-7-40-53- ,  31:10-16-26-49-11-59-17-20-33-22-19-36-41-51-56-6-35-34-25-27-67-18-69-0-2-23-3-66-54-5-65- ,  27:43-13-50-2-14-61-17-9-11-59-10-20-33-22-19-29-3-38-36-45-58-64-52-55-16-1-68- ,  31:33-13-22-38-69-23-50-43-20-55-16-26-30-15-11-68-59-10-52-64-58-41-27-67-5-37-18-19-54-65-32- ,  31:65-67-5-32-39-48-66-19-36-22-13-43-61-60-17-10-28-56-6-47-40-12-41-51-8-26-30-21-24-42-49- ,  31:20-13-43-33-22-45-41-27-25-57-51-8-26-49-42-24-63-6-21-62-30-15-11-9-17-50-23-69-48-66-54- ,  31:44-61-43-50-0-69-18-65-39-48-29-23-2-14-60-17-20-52-64-58-45-36-54-5-37-67-27-41-34-57-51- ,  30:62-42-15-30-24-21-6-47-40-46-7-4-25-57-35-64-52-8-26-49-9-17-60-61-43-33-58-51-56-28- ,  30:21-63-30-26-8-28-10-17-44-61-43-13-33-58-41-12-40-46-7-4-25-27-67-65-39-48-3-0-23-2- ,  31:53-4-12-25-27-67-5-37-65-54-32-18-38-22-33-43-20-52-64-51-34-35-6-56-8-55-16-26-30-21-63- ,  31:55-20-33-22-38-66-69-19-36-41-25-4-53-47-6-56-8-26-1-59-17-50-23-29-48-39-18-67-27-12-40- ,  29:57-35-58-34-25-12-27-67-18-54-36-41-51-8-26-62-49-1-16-10-28-56-6-47-40-46-53-7-4- ,  27:42-62-49-15-30-63-6-47-40-12-41-58-33-50-23-69-18-5-54-36-45-34-35-57-25-4-53- ,  23:62-24-63-6-35-41-27-67-5-54-36-45-58-51-8-26-49-42-15-11-1-9-31- , 

0.473909
0.489199
0.0368919
0
22.8967
-2.20514e+07
All Run Best : -2.18772e+07   21:31-1-26-8-51-41-36-54-18-39-48-69-23-50-17-59-11-15-49-9-68- ,  31:5-54-19-66-69-0-2-50-17-10-8-51-41-12-25-57-35-64-52-55-16-1-31-11-15-30-63-6-47-7-40- ,  31:21-62-42-15-49-11-59-17-20-33-22-19-36-41-51-56-6-35-34-25-27-67-18-69-0-3-23-29-48-66-38- ,  30:13-50-2-14-61-17-9-11-59-10-20-33-22-19-29-3-38-36-45-58-64-52-55-16-26-62-42-15-30-24- ,  30:13-33-22-38-69-23-50-43-20-55-16-26-30-15-11-68-59-10-52-64-58-41-27-67-5-37-18-66-29-48- ,  31:48-66-54-36-22-13-43-61-60-17-10-28-56-6-47-40-12-41-51-8-26-30-21-24-62-15-11-68-1-49-42- ,  31:14-61-43-33-22-45-41-27-25-57-51-8-26-49-42-24-63-6-21-62-30-15-11-9-17-50-23-69-48-3-0- ,  31:50-33-22-19-3-0-69-18-65-39-48-29-23-2-14-60-17-20-52-64-58-45-36-54-5-37-67-27-25-57-34- ,  31:59-11-15-42-62-21-6-47-40-46-7-4-25-57-35-64-52-8-26-49-9-17-60-61-43-33-58-34-51-41-27- ,  31:9-16-55-20-52-8-28-10-17-44-61-43-13-33-58-41-12-40-46-7-4-25-27-67-65-39-48-66-18-5-37- ,  31:61-44-14-2-23-3-66-54-65-5-32-18-38-22-33-43-20-52-64-51-34-35-6-56-8-55-16-26-30-21-63- ,  31:65-32-54-38-66-69-19-36-41-25-4-53-47-6-56-8-26-1-59-17-50-23-29-48-39-18-67-27-12-40-7- ,  31:66-38-36-41-57-25-4-40-46-53-7-47-6-35-58-33-50-0-23-29-69-19-54-65-39-32-37-5-67-27-12- ,  31:31-9-49-15-30-63-6-47-40-12-41-58-33-50-23-69-18-5-54-36-45-34-35-51-56-8-55-17-61-44-60- ,  28:62-24-63-6-35-41-27-67-5-54-36-45-58-51-8-26-49-42-15-11-1-9-16-10-17-44-14-61- , 

0.489998
0.482081
0.0279207
0
22.7158
-2.18772e+07
