routeSetSize:56,pSwap:0.06667,popSize:18,elite:2,pSm:0.7,pDelete:0.4,tFit:10,maxGen:250,maxIter:1,beta:0.8,run:1,stableCount:20,e:0.7,minGen:1,minFitnessRatio:1e-05,minRouteLength:10,maxRouteLength:22,maxRouteLength:22, OpATT22.1689
Initial : -6.35545e+07
0.388985
0.56982
0.0401617
0.00103344
26.1719

-----------------------------------------
Iteration:0 started

Gen:0
0.388985,0.56982,0.0401617,0.00103344,26.1719,-6.35545e+07
778493
ratio: 0.000000
Gen:1
0.388508,0.57127,0.0391881,0.00103344,26.1694,-6.35486e+07
493440
Gen:2
0.389336,0.569702,0.0399286,0.00103344,26.1578,-6.35205e+07
121954
Gen:3
0.389529,0.569766,0.0396708,0.00103344,26.1509,-6.35038e+07
103390
Gen:4
0.38967,0.569393,0.0399039,0.00103344,26.1448,-6.34889e+07
183371
Gen:5
0.391029,0.568291,0.039646,0.00103344,26.137,-6.34701e+07
179849
Gen:6
0.388758,0.573601,0.037641,0,26.1459,-6.33764e+07
56121.8
Gen:7
0.391968,0.572363,0.0356113,5.7757e-05,26.0939,-6.32567e+07
61892.2
Gen:8
0.391968,0.572363,0.0356113,5.7757e-05,26.0939,-6.32567e+07
65101.5
ratio: 0.000000
Gen:9
0.393467,0.571047,0.0354277,5.7757e-05,26.0838,-6.32323e+07
40395.4
Gen:10
0.393692,0.570794,0.0354566,5.7757e-05,26.0759,-6.32131e+07
66177.6
Gen:11
0.39421,0.570618,0.0351142,5.7757e-05,26.0654,-6.31877e+07
57741.5
Gen:12
0.394699,0.570129,0.0351142,5.7757e-05,26.0619,-6.31792e+07
38494.6
Gen:13
0.394981,0.569847,0.0351142,5.7757e-05,26.0593,-6.31728e+07
43317.4
Gen:14
0.395769,0.57028,0.033893,5.7757e-05,26.0516,-6.31543e+07
83310.4
Gen:15
0.396021,0.571177,0.0327441,5.7757e-05,26.0438,-6.31354e+07
37325.8
Gen:16
0.39631,0.570796,0.0328369,5.7757e-05,26.0389,-6.31235e+07
50051.4
Gen:17
0.395885,0.570063,0.0340519,0,26.0377,-6.3114e+07
50392
Gen:18
0.396446,0.569628,0.033926,0,26.0335,-6.3104e+07
57761.7
Gen:19
0.39697,0.569104,0.033926,0,26.0325,-6.31014e+07
52948
Gen:20
0.397789,0.570152,0.0320592,0,26.0212,-6.30741e+07
101914
Gen:21
0.399045,0.568904,0.032051,0,26.0158,-6.3061e+07
61127.7
Gen:22
0.399808,0.568545,0.0316467,0,26.0083,-6.30427e+07
62910.4
Gen:23
0.400229,0.567933,0.0318385,0,26.003,-6.30299e+07
26246.8
Gen:24
0.400452,0.567683,0.0318653,0,25.9924,-6.30043e+07
31766.4
Gen:25
0.400516,0.568665,0.0308195,0,25.9886,-6.2995e+07
39910.5
Gen:26
0.401551,0.567959,0.0304895,0,25.9794,-6.29727e+07
34122.7
Gen:27
0.401551,0.567959,0.0304895,0,25.9794,-6.29727e+07
40287.4
ratio: 0.000000
Gen:28
0.401974,0.568337,0.0296891,0,25.9732,-6.29578e+07
9528.83
Gen:29
0.400344,0.573459,0.0261969,0,25.9624,-6.29317e+07
44334.9
Gen:30
0.401555,0.57299,0.0254543,0,25.9581,-6.29211e+07
40890.3
Gen:31
0.401972,0.572574,0.0254543,0,25.9494,-6.29e+07
33801.3
Gen:32
0.401378,0.575552,0.0230698,0,25.9441,-6.28873e+07
75779.5
Gen:33
0.403791,0.572879,0.0233297,0,25.9217,-6.28328e+07
61080
Gen:34
0.403791,0.572879,0.0233297,0,25.9217,-6.28328e+07
46686.9
ratio: 0.000000
Gen:35
0.403773,0.573176,0.0230512,0,25.9171,-6.28217e+07
58890.9
Gen:36
0.40434,0.572609,0.0230512,0,25.915,-6.28166e+07
52069.5
Gen:37
0.405774,0.571456,0.0227707,0,25.9071,-6.27975e+07
48218.9
Gen:38
0.405774,0.571355,0.0228718,0,25.906,-6.27948e+07
50573.3
Gen:39
0.406081,0.57146,0.0224592,0,25.8982,-6.2776e+07
53983.7
Gen:40
0.407275,0.569855,0.0228697,0,25.8921,-6.27613e+07
60526.6
Gen:41
0.407597,0.569533,0.0228697,0,25.8895,-6.27548e+07
49980.1
Gen:42
0.407904,0.569638,0.0224571,0,25.8817,-6.2736e+07
92659.4
Gen:43
0.408327,0.569216,0.0224571,0,25.8773,-6.27252e+07
76298.6
Gen:44
0.408732,0.568392,0.0228759,0,25.8623,-6.2689e+07
49917.2
Gen:45
0.409297,0.568042,0.0226614,0,25.8534,-6.26674e+07
42919.8
Gen:46
0.409633,0.567706,0.0226614,0,25.8506,-6.26606e+07
65837.2
Gen:47
0.409633,0.567706,0.0226614,0,25.8458,-6.2649e+07
74996.9
Gen:48
0.410489,0.56685,0.0226614,0,25.8436,-6.26436e+07
86997.1
Gen:49
0.410153,0.567673,0.0221745,0,25.8313,-6.26137e+07
58043.3
Gen:50
0.410153,0.567673,0.0221745,0,25.8313,-6.26137e+07
43465.6
ratio: 0.000000
Gen:51
0.410753,0.567072,0.0221745,0,25.8281,-6.2606e+07
24687.6
Gen:52
0.411357,0.566468,0.0221745,0,25.8243,-6.25969e+07
76824
Gen:53
0.412579,0.566889,0.0205326,0,25.8218,-6.25907e+07
25823.3
Gen:54
0.41182,0.567755,0.0204253,0,25.8188,-6.25836e+07
49908
Gen:55
0.413119,0.566594,0.0202871,0,25.8163,-6.25775e+07
58323.9
Gen:56
0.413921,0.566041,0.0200375,0,25.8081,-6.25575e+07
31579.6
Gen:57
0.413921,0.566041,0.0200375,0,25.8081,-6.25575e+07
33247
ratio: 0.000000
Gen:58
0.414633,0.565816,0.0195507,0,25.8026,-6.25443e+07
58570.9
Gen:59
0.414901,0.565548,0.0195507,0,25.8002,-6.25383e+07
82339.2
Gen:60
0.415772,0.564915,0.0193135,0,25.7962,-6.25287e+07
37896.8
Gen:61
0.416252,0.564426,0.0193218,0,25.7938,-6.2523e+07
78425.4
Gen:62
0.417117,0.56346,0.0194228,0,25.7873,-6.25071e+07
70164.6
Gen:63
0.417789,0.562788,0.0194228,0,25.7811,-6.24921e+07
40423.4
Gen:64
0.417096,0.563421,0.0194827,0,25.7738,-6.24745e+07
70821.1
Gen:65
0.417835,0.562681,0.0194847,0,25.7605,-6.24421e+07
48555.5
Gen:66
0.4184,0.562116,0.0194847,0,25.759,-6.24385e+07
50137.7
Gen:67
0.4184,0.562116,0.0194847,0,25.759,-6.24385e+07
39586.6
ratio: 0.000000
Gen:68
0.41901,0.561505,0.0194847,0,25.7573,-6.24344e+07
46667.5
Gen:69
0.41985,0.560843,0.0193073,0,25.7504,-6.24177e+07
83638.5
Gen:70
0.420343,0.56035,0.0193073,0,25.7429,-6.23996e+07
44564.6
Gen:71
0.420363,0.560544,0.0190928,0,25.7406,-6.2394e+07
48676
Gen:72
0.420927,0.560102,0.0189711,0,25.7378,-6.23872e+07
83860.7
Gen:73
0.420927,0.560102,0.0189711,0,25.7378,-6.23872e+07
32680.3
ratio: 0.000000
Gen:74
0.420378,0.56022,0.0194022,0,25.7314,-6.23717e+07
60964
Gen:75
0.42092,0.559739,0.0193403,0,25.7263,-6.23594e+07
54408
Gen:76
0.418082,0.56463,0.0172879,0,25.72,-6.23439e+07
58494.3
Gen:77
0.418305,0.564618,0.0170775,0,25.7111,-6.23225e+07
53032.1
Gen:78
0.418437,0.564649,0.0169145,0,25.7084,-6.23158e+07
67675.8
Gen:79
0.418707,0.564378,0.0169145,0,25.707,-6.23125e+07
42957.8
Gen:80
0.41895,0.564135,0.0169145,0,25.7061,-6.23103e+07
41725.7
Gen:81
0.42005,0.563211,0.0167392,0,25.7003,-6.22963e+07
66033.7
Gen:82
0.420287,0.562974,0.0167392,0,25.6998,-6.22951e+07
62798.7
Gen:83
0.420448,0.562813,0.0167392,0,25.6975,-6.22895e+07
58299.6
Gen:84
0.420448,0.563075,0.0164772,0,25.6899,-6.22711e+07
30140.7
Gen:85
0.420906,0.562617,0.0164772,0,25.6887,-6.22681e+07
53296.9
Gen:86
0.421071,0.562452,0.0164772,0,25.6845,-6.2258e+07
62028.4
Gen:87
0.420145,0.56392,0.0159347,0,25.6832,-6.22548e+07
64461.8
Gen:88
0.420625,0.563712,0.0156625,0,25.6765,-6.22386e+07
36623.6
Gen:89
0.421789,0.562668,0.0155428,0,25.6676,-6.22169e+07
75335.2
Gen:90
0.422591,0.561959,0.01545,0,25.6635,-6.22072e+07
50844
Gen:91
0.422125,0.562332,0.0155428,0,25.6626,-6.22049e+07
54164.7
Gen:92
0.422383,0.562584,0.0150333,0,25.6615,-6.22022e+07
58586.2
Gen:93
0.423134,0.561587,0.0152788,0,25.6585,-6.21949e+07
44317.9
Gen:94
0.423134,0.561587,0.0152788,0,25.6585,-6.21949e+07
69651.4
ratio: 0.000000
Gen:95
0.42223,0.562943,0.014827,0,25.6574,-6.21924e+07
20260.9
Gen:96
0.422018,0.56291,0.0150725,0,25.6562,-6.21894e+07
45062.8
Gen:97
0.422841,0.562326,0.0148332,0,25.652,-6.2179e+07
46654.2
Gen:98
0.422841,0.562326,0.0148332,0,25.6504,-6.21752e+07
41625.8
Gen:99
0.422944,0.561823,0.0152334,0,25.6469,-6.21667e+07
16377.4
Gen:100
0.42326,0.562177,0.014563,0,25.6443,-6.21606e+07
48009.1
Gen:101
0.423922,0.562083,0.0139958,0,25.6333,-6.21338e+07
19652.1
Gen:102
0.424904,0.561437,0.0136595,0,25.63,-6.21258e+07
13169.3
Gen:103
0.424904,0.561437,0.0136595,0,25.63,-6.21258e+07
53626.6
ratio: 0.000000
Gen:104
0.424947,0.561804,0.013249,0,25.6254,-6.21147e+07
50008.4
Gen:105
0.424947,0.561804,0.013249,0,25.6254,-6.21147e+07
53446.5
ratio: 0.000000
Gen:106
0.42545,0.561301,0.013249,0,25.6239,-6.2111e+07
49425
Gen:107
0.425287,0.561856,0.0128571,0,25.6226,-6.21079e+07
53476
Gen:108
0.425562,0.561581,0.0128571,0,25.6218,-6.21059e+07
30990.8
Gen:109
0.426459,0.560696,0.0128447,0,25.6188,-6.20986e+07
47185.1
Gen:110
0.426459,0.560696,0.0128447,0,25.6188,-6.20986e+07
42584.1
ratio: 0.000000
Gen:111
0.426451,0.560705,0.0128447,0,25.6171,-6.20946e+07
48938.9
Gen:112
0.426989,0.560595,0.0124157,0,25.6128,-6.20842e+07
35581.8
Gen:113
0.426989,0.560595,0.0124157,0,25.6128,-6.20842e+07
42649.7
ratio: 0.000000
Gen:114
0.427606,0.559979,0.0124157,0,25.6087,-6.20742e+07
42942.1
Gen:115
0.427606,0.559979,0.0124157,0,25.6087,-6.20742e+07
52704.4
ratio: 0.000000
Gen:116
0.427853,0.559731,0.0124157,0,25.6046,-6.20644e+07
23800
Gen:117
0.428274,0.55931,0.0124157,0,25.5993,-6.20513e+07
41076.4
Gen:118
0.428942,0.558642,0.0124157,0,25.5982,-6.20489e+07
62365
Gen:119
0.429644,0.557941,0.0124157,0,25.5921,-6.20341e+07
60156.6
Gen:120
0.429644,0.557941,0.0124157,0,25.5918,-6.20332e+07
38950.5
Gen:121
0.430324,0.55726,0.0124157,0,25.5905,-6.20301e+07
76570.8
Gen:122
0.43038,0.557204,0.0124157,0,25.589,-6.20265e+07
30125.7
Gen:123
0.430671,0.556913,0.0124157,0,25.5853,-6.20175e+07
44155.9
Gen:124
0.431696,0.556348,0.0119557,0,25.5796,-6.20038e+07
43604.9
Gen:125
0.431374,0.55667,0.0119557,0,25.5752,-6.19931e+07
51481.9
Gen:126
0.432445,0.555599,0.0119557,0,25.5742,-6.19905e+07
41793.7
Gen:127
0.432756,0.555688,0.0115555,0,25.5722,-6.19857e+07
49756.6
Gen:128
0.432777,0.555667,0.0115555,0,25.571,-6.19829e+07
57871.5
Gen:129
0.433464,0.554997,0.011539,0,25.5671,-6.19733e+07
56099.3
Gen:130
0.433464,0.554997,0.011539,0,25.5671,-6.19733e+07
71239.4
ratio: 0.000000
Gen:131
0.434246,0.554215,0.011539,0,25.5634,-6.19645e+07
27967.5
Gen:132
0.434572,0.553889,0.011539,0,25.561,-6.19587e+07
60991
Gen:133
0.434473,0.554058,0.0114689,0,25.5604,-6.19572e+07
35450.5
Gen:134
0.435009,0.553955,0.0110357,0,25.5551,-6.19444e+07
39621.5
Gen:135
0.435797,0.553167,0.0110357,0,25.5541,-6.19418e+07
49997.5
Gen:136
0.435877,0.553087,0.0110357,0,25.5534,-6.19402e+07
64807.5
Gen:137
0.436053,0.552912,0.0110357,0,25.5521,-6.1937e+07
25427.2
Gen:138
0.436397,0.55278,0.0108232,0,25.5497,-6.19311e+07
43335.3
Gen:139
0.436651,0.552526,0.0108232,0,25.5467,-6.1924e+07
51211.7
Gen:140
0.437404,0.55215,0.0104458,0,25.5414,-6.19111e+07
57007.5
Gen:141
0.437404,0.55215,0.0104458,0,25.5368,-6.18999e+07
21718.5
Gen:142
0.437404,0.55215,0.0104458,0,25.5368,-6.18999e+07
83574.9
ratio: 0.000000
Gen:143
0.437468,0.552086,0.0104458,0,25.5366,-6.18996e+07
54641.7
ratio: 0.000006
Gen:144
0.437581,0.551703,0.010716,0,25.5356,-6.18971e+07
48047
Gen:145
0.437581,0.551703,0.010716,0,25.5345,-6.18944e+07
25391.1
Gen:146
0.43806,0.5516,0.0103406,0,25.531,-6.18858e+07
70068.4
Gen:147
0.438134,0.551525,0.0103406,0,25.5308,-6.18854e+07
68794.3
ratio: 0.000006
Gen:148
0.438134,0.551525,0.0103406,0,25.5308,-6.18854e+07
54486.7
ratio: 0.000000
Gen:149
0.438291,0.55161,0.0100992,0,25.5269,-6.1876e+07
62102.9
Gen:150
0.438291,0.55161,0.0100992,0,25.5269,-6.1876e+07
45399.6
ratio: 0.000000
Gen:151
0.438677,0.551224,0.0100992,0,25.525,-6.18713e+07
40146.3
Gen:152
0.438749,0.551152,0.0100992,0,25.5249,-6.1871e+07
66414.2
ratio: 0.000006
Gen:153
0.438751,0.55115,0.0100992,0,25.5249,-6.1871e+07
57583.9
ratio: 0.000000
Gen:154
0.439033,0.550867,0.0100992,0,25.5229,-6.18662e+07
36448.4
Gen:155
0.439642,0.550259,0.0100992,0,25.5189,-6.18565e+07
32782.9
Gen:156
0.43978,0.550121,0.0100992,0,25.5183,-6.18552e+07
44569.1
Gen:157
0.439999,0.549902,0.0100992,0,25.5181,-6.18546e+07
70479
ratio: 0.000009
Gen:158
0.440108,0.549793,0.0100992,0,25.518,-6.18544e+07
83078.6
ratio: 0.000003
Gen:159
0.440108,0.549793,0.0100992,0,25.5165,-6.18507e+07
46799.3
Gen:160
0.440108,0.549793,0.0100992,0,25.5165,-6.18507e+07
22817.4
ratio: 0.000000
Gen:161
0.440316,0.549756,0.00992801,0,25.5162,-6.185e+07
39218.5
Gen:162
0.440387,0.549685,0.00992801,0,25.5159,-6.18492e+07
53340.1
Gen:163
0.440721,0.549351,0.00992801,0,25.5155,-6.18483e+07
47561.5
Gen:164
0.440721,0.549351,0.00992801,0,25.515,-6.1847e+07
23715.8
Gen:165
0.44109,0.548982,0.00992801,0,25.5135,-6.18435e+07
55823.2
Gen:166
0.44109,0.548982,0.00992801,0,25.5135,-6.18435e+07
55462.4
ratio: 0.000000
Gen:167
0.441987,0.547967,0.0100456,0,25.5111,-6.18375e+07
64110.1
Gen:168
0.441472,0.548483,0.0100456,0,25.5085,-6.18314e+07
37697
Gen:169
0.441472,0.548483,0.0100456,0,25.5085,-6.18314e+07
43555.3
ratio: 0.000000
Gen:170
0.442297,0.547977,0.00972586,0,25.506,-6.18253e+07
55418.7
Gen:171
0.442297,0.547977,0.00972586,0,25.505,-6.18229e+07
44907.9
Gen:172
0.442326,0.547949,0.00972586,0,25.504,-6.18205e+07
65411.5
Gen:173
0.442557,0.547718,0.00972586,0,25.5017,-6.18148e+07
44398.3
Gen:174
0.442709,0.547565,0.00972586,0,25.4998,-6.18102e+07
19997.3
Gen:175
0.442709,0.547565,0.00972586,0,25.4998,-6.18102e+07
49114.1
ratio: 0.000000
Gen:176
0.443105,0.547169,0.00972586,0,25.4967,-6.18026e+07
64901.1
Gen:177
0.443388,0.546886,0.00972586,0,25.4941,-6.17963e+07
71266.3
Gen:178
0.443728,0.546546,0.00972586,0,25.4928,-6.17932e+07
48876.2
Gen:179
0.443967,0.546307,0.00972586,0,25.4916,-6.17903e+07
70148.9
Gen:180
0.444386,0.545888,0.00972586,0,25.4906,-6.1788e+07
72069.7
Gen:181
0.444446,0.546053,0.00950102,0,25.4897,-6.17858e+07
43703.4
Gen:182
0.444446,0.545952,0.0096021,0,25.4887,-6.17834e+07
27825.2
Gen:183
0.445141,0.545358,0.00950102,0,25.488,-6.17816e+07
24139.3
Gen:184
0.445261,0.545238,0.00950102,0,25.4876,-6.17806e+07
17813.5
Gen:185
0.445374,0.545125,0.00950102,0,25.487,-6.17792e+07
38280.7
Gen:186
0.445578,0.54492,0.00950102,0,25.4854,-6.17754e+07
44694.3
Gen:187
0.44575,0.544986,0.0092638,0,25.4839,-6.17718e+07
26995.5
Gen:188
0.446216,0.54477,0.00901421,0,25.4817,-6.17662e+07
71799.1
Gen:189
0.446474,0.544749,0.008777,0,25.4795,-6.17611e+07
68843.4
Gen:190
0.446705,0.544518,0.008777,0,25.478,-6.17575e+07
49329.1
Gen:191
0.446705,0.544518,0.008777,0,25.478,-6.17575e+07
38237.5
ratio: 0.000000
Gen:192
0.446705,0.544518,0.008777,0,25.478,-6.17575e+07
24883.2
ratio: 0.000000
Gen:193
0.446874,0.544349,0.008777,0,25.4686,-6.17346e+07
45049.2
Gen:194
0.447291,0.544242,0.00846758,0,25.466,-6.17284e+07
70069.2
Gen:195
0.447291,0.544242,0.00846758,0,25.466,-6.17284e+07
72242.3
ratio: 0.000000
Gen:196
0.448054,0.543549,0.00839745,0,25.4639,-6.17232e+07
17474.3
Gen:197
0.448543,0.542889,0.00856866,0,25.462,-6.17186e+07
66433.1
Gen:198
0.448543,0.542889,0.00856866,0,25.462,-6.17186e+07
48240.4
ratio: 0.000000
Gen:199
0.448776,0.542656,0.00856866,0,25.4596,-6.17129e+07
48117.6
Gen:200
0.448776,0.542656,0.00856866,0,25.4596,-6.17129e+07
38830.7
ratio: 0.000000
Gen:201
0.448776,0.542656,0.00856866,0,25.4596,-6.17129e+07
35361.5
ratio: 0.000000
Gen:202
0.449081,0.54235,0.00856866,0,25.4577,-6.17082e+07
35340.9
Gen:203
0.449071,0.542361,0.00856866,0,25.4547,-6.17009e+07
48144.5
Gen:204
0.449071,0.542361,0.00856866,0,25.4547,-6.17009e+07
60311.1
ratio: 0.000000
Gen:205
0.449069,0.542363,0.00856866,0,25.4526,-6.16959e+07
30307.8
Gen:206
0.449069,0.542363,0.00856866,0,25.4523,-6.16951e+07
76579
Gen:207
0.449069,0.542363,0.00856866,0,25.4523,-6.16951e+07
66634.3
ratio: 0.000000
Gen:208
0.449069,0.542363,0.00856866,0,25.4521,-6.16945e+07
57165.9
ratio: 0.000010
Gen:209
0.449506,0.542194,0.0083005,0,25.4504,-6.16905e+07
33700.9
Gen:210
0.44985,0.541849,0.0083005,0,25.4499,-6.16894e+07
44358.7
Gen:211
0.450133,0.541566,0.0083005,0,25.4491,-6.16873e+07
44334.7
Gen:212
0.450133,0.541566,0.0083005,0,25.4491,-6.16873e+07
22488.2
ratio: 0.000000
Gen:213
0.450537,0.541162,0.0083005,0,25.447,-6.16822e+07
55747.1
Gen:214
0.450537,0.541162,0.0083005,0,25.447,-6.16822e+07
62569.7
ratio: 0.000000
Gen:215
0.450537,0.541162,0.0083005,0,25.4452,-6.1678e+07
70155.9
Gen:216
0.450612,0.541088,0.0083005,0,25.4451,-6.16776e+07
48040.3
ratio: 0.000006
Gen:217
0.451375,0.540395,0.00823037,0,25.443,-6.16724e+07
41297.7
Gen:218
0.451375,0.540395,0.00823037,0,25.443,-6.16724e+07
56761.1
ratio: 0.000000
Gen:219
0.452697,0.539549,0.00775387,0,25.4358,-6.16552e+07
37431.1
Gen:220
0.452697,0.539549,0.00775387,0,25.4358,-6.16552e+07
80477.9
ratio: 0.000000
Gen:221
0.453009,0.539238,0.00775387,0,25.4343,-6.16514e+07
34802.3
Gen:222
0.453147,0.539099,0.00775387,0,25.4336,-6.16498e+07
45577.3
Gen:223
0.453147,0.539099,0.00775387,0,25.4336,-6.16498e+07
71766.7
ratio: 0.000000
Gen:224
0.453147,0.539099,0.00775387,0,25.4333,-6.16492e+07
27801.7
ratio: 0.000010
Gen:225
0.453171,0.5397,0.00712886,0,25.4329,-6.16481e+07
21536.7
Gen:226
0.453343,0.539528,0.00712886,0,25.4324,-6.16469e+07
45267.9
Gen:227
0.453343,0.539528,0.00712886,0,25.4324,-6.16469e+07
43984.7
ratio: 0.000000
Gen:228
0.453683,0.539188,0.00712886,0,25.4317,-6.16452e+07
58435.4
Gen:229
0.453821,0.53905,0.00712886,0,25.431,-6.16435e+07
44693.8
Gen:230
0.453788,0.539083,0.00712886,0,25.4303,-6.16418e+07
21301.7
Gen:231
0.453926,0.538945,0.00712886,0,25.4296,-6.16402e+07
20997.9
Gen:232
0.453926,0.538945,0.00712886,0,25.4296,-6.16402e+07
33016
ratio: 0.000000
Gen:233
0.453926,0.538945,0.00712886,0,25.4296,-6.16402e+07
36685.3
ratio: 0.000000
Gen:234
0.454188,0.538683,0.00712886,0,25.4285,-6.16374e+07
63076
Gen:235
0.454349,0.538522,0.00712886,0,25.4278,-6.16356e+07
34365.7
Gen:236
0.454622,0.53825,0.00712886,0,25.4246,-6.16279e+07
66857.9
Gen:237
0.454622,0.53825,0.00712886,0,25.4246,-6.16279e+07
54559
ratio: 0.000000
Gen:238
0.455011,0.53786,0.00712886,0,25.4233,-6.16249e+07
27803.7
Gen:239
0.45504,0.537831,0.00712886,0,25.422,-6.16216e+07
75280.3
Gen:240
0.45504,0.537831,0.00712886,0,25.422,-6.16216e+07
50181.4
ratio: 0.000000
Gen:241
0.45504,0.537831,0.00712886,0,25.422,-6.16216e+07
36343.2
