routeSetSize:56,pSwap:0.06667,popSize:18,elite:2,pSm:0.7,pDelete:0.4,tFit:10,maxGen:200,maxIter:1,beta:0.8,run:5,stableCount:20,e:0.7,minGen:10,minFitnessRatio:1e-05,minRouteLength:10,maxRouteLength:22,maxRouteLength:22, OpATT22.1689
Initial : -6.39447e+07
0.377087
0.587518
0.0353947
0
26.3804

-----------------------------------------
Iteration:0 started

Gen:0
0.377087,0.587518,0.0353947,0,26.3804,-6.39447e+07
719351
ratio: 0.000000
Gen:1
0.37811,0.586068,0.0358217,0,26.2939,-6.3735e+07
442098
Gen:2
0.379665,0.584798,0.035537,0,26.2825,-6.37075e+07
520707
Gen:3
0.380008,0.584571,0.0354215,0,26.2734,-6.36854e+07
72235.2
Gen:4
0.380812,0.583442,0.0357454,0,26.2649,-6.36647e+07
45105.1
Gen:5
0.381825,0.582778,0.0353968,0,26.2562,-6.36438e+07
72350.7
Gen:6
0.381848,0.582871,0.0352813,0,26.2506,-6.36302e+07
79298.8
Gen:7
0.382155,0.582471,0.0353741,0,26.2457,-6.36183e+07
312045
Gen:8
0.382811,0.5823,0.0348893,0,26.2445,-6.36154e+07
64400.1
Gen:9
0.382485,0.582141,0.0353741,0,26.2377,-6.35989e+07
65503.9
Gen:10
0.383098,0.581528,0.0353741,0,26.2337,-6.35891e+07
48089.6
Gen:11
0.384368,0.580336,0.0352957,0,26.2277,-6.35746e+07
67066.8
Gen:12
0.384368,0.580336,0.0352957,0,26.2277,-6.35746e+07
64352.8
ratio: 0.000000
Gen:13
0.384938,0.580061,0.0350007,0,26.2251,-6.35684e+07
58585.9
Gen:14
0.385761,0.58027,0.0339693,0,26.2146,-6.35428e+07
83462.4
Gen:15
0.385878,0.580365,0.0337569,0,26.212,-6.35366e+07
86838.3
Gen:16
0.387815,0.57996,0.0322243,0,26.1961,-6.34981e+07
70166
Gen:17
0.387405,0.580839,0.031756,0,26.1895,-6.34821e+07
41412.6
Gen:18
0.388789,0.579484,0.0317271,0,26.1799,-6.34587e+07
15765
Gen:19
0.389152,0.579614,0.0312341,0,26.176,-6.34492e+07
57303.3
Gen:20
0.390612,0.578597,0.0307907,0,26.1642,-6.34206e+07
123475
Gen:21
0.391493,0.577811,0.0306958,0,26.1562,-6.34012e+07
45727.8
Gen:22
0.392147,0.577401,0.0304524,0,26.1497,-6.33856e+07
33473.5
Gen:23
0.391671,0.579665,0.028664,0,26.1436,-6.33708e+07
78683.6
Gen:24
0.392487,0.578849,0.028664,0,26.1412,-6.33649e+07
80018.3
Gen:25
0.393661,0.579703,0.0266363,0,26.1198,-6.33131e+07
54563.1
Gen:26
0.393632,0.578242,0.0281256,0,26.1189,-6.33108e+07
313970
Gen:27
0.394245,0.578395,0.0273603,0,26.1116,-6.32932e+07
37030.7
Gen:28
0.394103,0.578537,0.0273603,0,26.1078,-6.32841e+07
82125.3
Gen:29
0.394245,0.578537,0.027218,0,26.1032,-6.32728e+07
37511.7
Gen:30
0.391753,0.581188,0.0270591,0,26.0999,-6.32649e+07
36144.6
Gen:31
0.394371,0.577908,0.0277213,0,26.0883,-6.32367e+07
58359.8
Gen:32
0.393086,0.579593,0.0273211,0,26.08,-6.32166e+07
321753
Gen:33
0.393273,0.580117,0.0266095,0,26.0697,-6.31918e+07
36945.2
Gen:34
0.394101,0.579571,0.0263289,0,26.0613,-6.31713e+07
48607.8
Gen:35
0.394926,0.580554,0.0245199,0,26.0476,-6.31381e+07
56937.1
Gen:36
0.396165,0.57962,0.0242146,0,26.0388,-6.31167e+07
48145.1
Gen:37
0.397164,0.578892,0.0239444,0,26.0344,-6.31061e+07
58360.4
Gen:38
0.397164,0.578892,0.0239444,0,26.0344,-6.31061e+07
52990
ratio: 0.000000
Gen:39
0.397704,0.57871,0.0235855,0,26.0283,-6.30913e+07
48076.4
Gen:40
0.398583,0.57928,0.0221374,0,26.0074,-6.30407e+07
27772.7
Gen:41
0.398967,0.578896,0.0221374,0,26.0059,-6.3037e+07
67278.2
Gen:42
0.399024,0.578609,0.0223664,0,25.9921,-6.30036e+07
50663.1
Gen:43
0.400002,0.577689,0.0223086,0,25.983,-6.29815e+07
30370.8
Gen:44
0.400033,0.578492,0.0214753,0,25.9748,-6.29615e+07
42353.8
Gen:45
0.40236,0.577324,0.020316,0,25.946,-6.28919e+07
62386
Gen:46
0.403014,0.57667,0.020316,0,25.9419,-6.2882e+07
80217.2
Gen:47
0.403692,0.576064,0.0202438,0,25.9377,-6.28717e+07
69461.7
Gen:48
0.403967,0.576002,0.0200314,0,25.9322,-6.28582e+07
55501.6
Gen:49
0.405355,0.574352,0.0202933,0,25.9084,-6.28008e+07
55765.6
Gen:50
0.405842,0.573865,0.0202933,0,25.9073,-6.27981e+07
63176.8
Gen:51
0.405223,0.576767,0.0180099,0,25.9002,-6.27808e+07
32236.7
Gen:52
0.405679,0.57566,0.0186617,0,25.8969,-6.27727e+07
21204.7
Gen:53
0.407201,0.575226,0.0175726,0,25.8859,-6.27461e+07
39176.3
Gen:54
0.408959,0.573492,0.0175499,0,25.8803,-6.27327e+07
57454.7
Gen:55
0.409134,0.573646,0.0172198,0,25.8752,-6.27202e+07
56293.7
Gen:56
0.409443,0.573337,0.0172198,0,25.8743,-6.27181e+07
39119.1
Gen:57
0.410268,0.572512,0.0172198,0,25.8727,-6.27142e+07
58456.3
Gen:58
0.410091,0.572689,0.0172198,0,25.8695,-6.27063e+07
85166
Gen:59
0.41097,0.572068,0.016962,0,25.8636,-6.2692e+07
70439.2
Gen:60
0.412183,0.57159,0.0162276,0,25.8491,-6.26569e+07
23614.9
Gen:61
0.413383,0.570389,0.0162276,0,25.8427,-6.26414e+07
41763
Gen:62
0.414689,0.569432,0.015879,0,25.8328,-6.26174e+07
60128.9
Gen:63
0.414778,0.569795,0.0154273,0,25.8239,-6.25959e+07
17995.1
Gen:64
0.415361,0.569211,0.0154273,0,25.8206,-6.2588e+07
56127.2
Gen:65
0.415361,0.569211,0.0154273,0,25.8199,-6.25861e+07
28959.1
Gen:66
0.416118,0.568454,0.0154273,0,25.8164,-6.25777e+07
62833.7
Gen:67
0.416636,0.567875,0.0154892,0,25.8111,-6.25649e+07
74268
Gen:68
0.416884,0.567627,0.0154892,0,25.8087,-6.25589e+07
26002.3
Gen:69
0.416993,0.567518,0.0154892,0,25.8086,-6.25587e+07
57014.1
ratio: 0.000004
Gen:70
0.417929,0.566542,0.0155284,0,25.8058,-6.25519e+07
39359.9
Gen:71
0.418266,0.566441,0.0152932,0,25.8031,-6.25454e+07
51259.4
Gen:72
0.418482,0.566495,0.015023,0,25.8006,-6.25395e+07
8014.24
Gen:73
0.418734,0.566243,0.015023,0,25.7982,-6.25336e+07
56375.3
Gen:74
0.419718,0.565245,0.0150374,0,25.7945,-6.25246e+07
74884.9
Gen:75
0.419957,0.565005,0.0150374,0,25.7923,-6.25192e+07
35502
Gen:76
0.419881,0.565082,0.0150374,0,25.789,-6.25113e+07
61501.1
Gen:77
0.420753,0.564209,0.0150374,0,25.7867,-6.25057e+07
71663.1
Gen:78
0.421201,0.563762,0.0150374,0,25.7804,-6.24903e+07
41332.3
Gen:79
0.42201,0.563219,0.0147713,0,25.778,-6.24846e+07
48847.8
Gen:80
0.422857,0.562371,0.0147713,0,25.7724,-6.24709e+07
74082.1
Gen:81
0.423305,0.561674,0.0150209,0,25.7653,-6.24538e+07
81519.1
Gen:82
0.423414,0.561565,0.0150209,0,25.7639,-6.24504e+07
59027.3
Gen:83
0.424423,0.560509,0.0150684,0,25.7614,-6.24444e+07
60460.1
Gen:84
0.424885,0.560657,0.0144578,0,25.758,-6.2436e+07
38044.8
Gen:85
0.424637,0.560294,0.0150684,0,25.7568,-6.24332e+07
34259
Gen:86
0.425496,0.56037,0.014134,0,25.7454,-6.24056e+07
77484.4
Gen:87
0.42648,0.559387,0.014134,0,25.7427,-6.2399e+07
54531
Gen:88
0.428136,0.557802,0.0140618,0,25.741,-6.23948e+07
75735.4
Gen:89
0.425058,0.562355,0.0125869,0,25.7387,-6.23894e+07
28306.1
Gen:90
0.425421,0.561849,0.0127292,0,25.7283,-6.23642e+07
27977.8
Gen:91
0.425702,0.561874,0.0124239,0,25.7258,-6.23581e+07
77538.3
Gen:92
0.426007,0.561918,0.0120753,0,25.7235,-6.23525e+07
35264.9
Gen:93
0.427051,0.560874,0.0120753,0,25.7158,-6.23339e+07
28776.4
Gen:94
0.427216,0.560979,0.0118051,0,25.7134,-6.23279e+07
73312.4
Gen:95
0.428262,0.560069,0.011669,0,25.7058,-6.23097e+07
42864.6
Gen:96
0.428631,0.559764,0.011605,0,25.7038,-6.23048e+07
50829
Gen:97
0.429592,0.558803,0.011605,0,25.6996,-6.22946e+07
64161.8
Gen:98
0.430149,0.558314,0.011537,0,25.6966,-6.22873e+07
69088.2
Gen:99
0.427604,0.561971,0.0104251,0,25.6951,-6.22836e+07
50582.8
Gen:100
0.430296,0.5582,0.011504,0,25.6939,-6.22806e+07
43358
Gen:101
0.431979,0.556517,0.011504,0,25.6885,-6.22676e+07
70963.2
Gen:102
0.431979,0.556517,0.011504,0,25.6885,-6.22676e+07
26987.6
ratio: 0.000000
Gen:103
0.432259,0.556542,0.0111987,0,25.686,-6.22615e+07
31879.9
Gen:104
0.432259,0.556542,0.0111987,0,25.686,-6.22615e+07
50234.2
ratio: 0.000000
Gen:105
0.43288,0.555921,0.0111987,0,25.6832,-6.22547e+07
34736
Gen:106
0.433318,0.555484,0.0111987,0,25.681,-6.22495e+07
84243.9
Gen:107
0.433406,0.555395,0.0111987,0,25.6793,-6.22454e+07
50691.2
Gen:108
0.433586,0.555449,0.0109656,0,25.6775,-6.22409e+07
32574.6
Gen:109
0.433837,0.555197,0.0109656,0,25.6745,-6.22338e+07
37970.8
Gen:110
0.434929,0.555185,0.00988676,0,25.6634,-6.22068e+07
67611.3
Gen:111
0.435139,0.55508,0.00978155,0,25.6591,-6.21965e+07
30250.8
Gen:112
0.435488,0.554731,0.00978155,0,25.6567,-6.21907e+07
83932
Gen:113
0.435869,0.554349,0.00978155,0,25.6564,-6.21897e+07
34802.3
Gen:114
0.437136,0.553376,0.00948864,0,25.6476,-6.21685e+07
26821.5
Gen:115
0.438012,0.552499,0.00948864,0,25.6403,-6.21509e+07
40555.2
Gen:116
0.438782,0.55173,0.00948864,0,25.6336,-6.21346e+07
41483
Gen:117
0.439306,0.551474,0.00922049,0,25.6329,-6.21328e+07
51122.6
Gen:118
0.43959,0.550921,0.00948864,0,25.6294,-6.21244e+07
35003.8
Gen:119
0.440215,0.550737,0.00904722,0,25.6261,-6.21165e+07
54446
Gen:120
0.441672,0.549281,0.00904722,0,25.6199,-6.21014e+07
30233.8
Gen:121
0.441903,0.54905,0.00904722,0,25.618,-6.20968e+07
41726.3
Gen:122
0.442282,0.548671,0.00904722,0,25.6164,-6.2093e+07
53146
Gen:123
0.442585,0.548367,0.00904722,0,25.6143,-6.20878e+07
64095.2
Gen:124
0.442493,0.54846,0.00904722,0,25.6095,-6.20761e+07
36372.1
Gen:125
0.443613,0.54734,0.00904722,0,25.607,-6.207e+07
50415
Gen:126
0.444386,0.546567,0.00904722,0,25.599,-6.20507e+07
28409.7
Gen:127
0.444764,0.546443,0.0087935,0,25.5951,-6.20413e+07
59489.2
Gen:128
0.444976,0.54623,0.0087935,0,25.5938,-6.20382e+07
41945.1
Gen:129
0.445063,0.546313,0.00862435,0,25.5918,-6.20333e+07
85820.1
Gen:130
0.444947,0.546259,0.0087935,0,25.5904,-6.20299e+07
57714.9
Gen:131
0.445906,0.545469,0.00862435,0,25.5897,-6.20281e+07
34863.8
Gen:132
0.447148,0.544227,0.00862435,0,25.5826,-6.2011e+07
61824
Gen:133
0.448021,0.543355,0.00862435,0,25.5791,-6.20026e+07
30038.6
Gen:134
0.448021,0.543355,0.00862435,0,25.5791,-6.20026e+07
65091
ratio: 0.000000
Gen:135
0.448021,0.543355,0.00862435,0,25.5788,-6.20017e+07
56748.8
Gen:136
0.448442,0.542829,0.00872955,0,25.5719,-6.1985e+07
34796
Gen:137
0.448743,0.542528,0.00872955,0,25.5701,-6.19806e+07
71716.1
Gen:138
0.448743,0.542528,0.00872955,0,25.5701,-6.19806e+07
47720.6
ratio: 0.000000
Gen:139
0.449551,0.542156,0.00829225,0,25.5637,-6.19652e+07
15924.7
Gen:140
0.449576,0.542132,0.00829225,0,25.5637,-6.19651e+07
40126.8
ratio: 0.000001
Gen:141
0.449671,0.542037,0.00829225,0,25.5632,-6.19638e+07
49913.5
Gen:142
0.449787,0.542453,0.00776006,0,25.5553,-6.19448e+07
40477.9
Gen:143
0.449787,0.542453,0.00776006,0,25.5553,-6.19448e+07
49919.5
ratio: 0.000000
Gen:144
0.450077,0.542163,0.00776006,0,25.5512,-6.19348e+07
24516
Gen:145
0.450112,0.542128,0.00776006,0,25.551,-6.19344e+07
36911.6
ratio: 0.000005
Gen:146
0.450779,0.541878,0.00734339,0,25.548,-6.19271e+07
66707.7
Gen:147
0.450779,0.541878,0.00734339,0,25.548,-6.19271e+07
39942.8
ratio: 0.000000
Gen:148
0.451546,0.541315,0.00713917,0,25.5436,-6.19164e+07
52860.9
Gen:149
0.451546,0.541315,0.00713917,0,25.5436,-6.19164e+07
71577
ratio: 0.000000
Gen:150
0.451806,0.541055,0.00713917,0,25.5433,-6.19157e+07
23218.3
Gen:151
0.452305,0.540556,0.00713917,0,25.5426,-6.19141e+07
32394.8
Gen:152
0.452856,0.540005,0.00713917,0,25.5382,-6.19033e+07
41695.3
Gen:153
0.453667,0.539194,0.00713917,0,25.5381,-6.1903e+07
20040.3
ratio: 0.000006
Gen:154
0.453667,0.539194,0.00713917,0,25.5381,-6.1903e+07
68651.5
ratio: 0.000000
Gen:155
0.453667,0.539194,0.00713917,0,25.5381,-6.1903e+07
74418.5
ratio: 0.000000
Gen:156
0.453877,0.538984,0.00713917,0,25.5376,-6.1902e+07
22703.4
Gen:157
0.454541,0.53832,0.00713917,0,25.5362,-6.18984e+07
52891.3
Gen:158
0.454933,0.537928,0.00713917,0,25.5327,-6.189e+07
42027.3
Gen:159
0.454397,0.538464,0.00713917,0,25.5321,-6.18886e+07
79380.4
Gen:160
0.455837,0.537024,0.00713917,0,25.5306,-6.18848e+07
53762
Gen:161
0.456099,0.536762,0.00713917,0,25.5296,-6.18825e+07
35420.5
Gen:162
0.456129,0.536731,0.00713917,0,25.528,-6.18786e+07
66101.5
Gen:163
0.456581,0.53628,0.00713917,0,25.5275,-6.18774e+07
51446.2
Gen:164
0.456919,0.535941,0.00713917,0,25.5257,-6.1873e+07
38854.5
Gen:165
0.457518,0.535343,0.00713917,0,25.5238,-6.18683e+07
60842
Gen:166
0.457815,0.535046,0.00713917,0,25.5223,-6.18647e+07
50841.4
Gen:167
0.456482,0.535661,0.00785701,0,25.5141,-6.1845e+07
50743.5
Gen:168
0.457008,0.535135,0.00785701,0,25.5125,-6.1841e+07
50122.3
Gen:169
0.457089,0.535054,0.00785701,0,25.5121,-6.184e+07
40075.6
Gen:170
0.45746,0.534683,0.00785701,0,25.5081,-6.18304e+07
51275.9
Gen:171
0.457885,0.534258,0.00785701,0,25.5077,-6.18294e+07
45682.4
Gen:172
0.457885,0.534258,0.00785701,0,25.5077,-6.18294e+07
30666.8
ratio: 0.000000
Gen:173
0.458203,0.53394,0.00785701,0,25.5028,-6.18175e+07
56029.7
Gen:174
0.458576,0.533567,0.00785701,0,25.5013,-6.18139e+07
36363
Gen:175
0.458576,0.533567,0.00785701,0,25.5013,-6.18139e+07
35095.3
ratio: 0.000000
Gen:176
0.458658,0.533485,0.00785701,0,25.5007,-6.18125e+07
50260.2
Gen:177
0.458757,0.533386,0.00785701,0,25.5006,-6.18123e+07
70836.9
ratio: 0.000004
Gen:178
0.459362,0.532781,0.00785701,0,25.4982,-6.18064e+07
33439.1
Gen:179
0.459407,0.532736,0.00785701,0,25.4982,-6.18063e+07
46822.6
ratio: 0.000002
Gen:180
0.459622,0.532521,0.00785701,0,25.498,-6.18058e+07
52447
ratio: 0.000008
Gen:181
0.459834,0.532558,0.00760742,0,25.4964,-6.1802e+07
32975.6
Gen:182
0.459834,0.532558,0.00760742,0,25.4964,-6.1802e+07
61075.8
ratio: 0.000000
Gen:183
0.461889,0.530467,0.00764455,0,25.491,-6.17889e+07
56854.6
Gen:184
0.461889,0.530467,0.00764455,0,25.491,-6.17889e+07
58619
ratio: 0.000000
Gen:185
0.462157,0.530364,0.00747953,0,25.489,-6.1784e+07
41189.3
Gen:186
0.462262,0.530258,0.00747953,0,25.4871,-6.17794e+07
32429.6
Gen:187
0.462514,0.530007,0.00747953,0,25.4863,-6.17775e+07
64361.6
Gen:188
0.463011,0.52951,0.00747953,0,25.4851,-6.17747e+07
46540.7
Gen:189
0.463011,0.52951,0.00747953,0,25.4851,-6.17747e+07
39640.4
ratio: 0.000000
Gen:190
0.463217,0.529303,0.00747953,0,25.4843,-6.17727e+07
31459.9
Gen:191
0.463217,0.529303,0.00747953,0,25.4843,-6.17727e+07
53601.2
ratio: 0.000000
Gen:192
0.463322,0.529198,0.00747953,0,25.4841,-6.17722e+07
32204.3
ratio: 0.000008
Gen:193
0.464393,0.528128,0.00747953,0,25.4805,-6.17634e+07
26275.3
Gen:194
0.464393,0.528128,0.00747953,0,25.4805,-6.17634e+07
37460.5
ratio: 0.000000
Gen:195
0.464871,0.527649,0.00747953,0,25.4792,-6.17602e+07
42300.2
Gen:196
0.46503,0.52749,0.00747953,0,25.479,-6.17598e+07
55544.2
ratio: 0.000006
Gen:197
0.46502,0.527501,0.00747953,0,25.4773,-6.17556e+07
69025.3
Gen:198
0.465412,0.527109,0.00747953,0,25.4735,-6.17465e+07
53519
Gen:199
0.465298,0.527222,0.00747953,0,25.4699,-6.17377e+07
38894.3
Gen:200
0.465589,0.526931,0.00747953,0,25.4666,-6.17298e+07
35246.5
FINAL Population size
18
Best : -6.17298e+07   13:61-65-0-87-55-101-94-85-19-33-99-69-43- ,  22:61-1-87-45-2-15-18-93-35-8-63-80-97-0-78-95-68-21-86-51-88-71- ,  13:79-108-4-36-64-89-52-49-8-53-38-80-97- ,  18:107-5-11-64-92-18-15-83-105-27-59-95-17-39-55-63-12-41- ,  22:108-5-42-73-11-64-92-18-66-6-86-81-3-93-100-52-10-37-57-106-89-96- ,  12:41-74-60-12-8-35-34-3-19-33-99-69- ,  23:58-97-0-78-17-27-105-81-94-101-55-87-56-65-50-68-21-86-24-19-23-9-66- ,  23:21-27-105-83-15-18-92-9-3-22-6-86-28-59-95-17-39-55-63-12-103-7-37- ,  20:14-31-24-22-85-94-27-17-65-61-0-87-38-53-90-49-52-89-11-42- ,  20:37-25-7-49-91-35-34-54-85-6-86-81-3-93-100-52-10-40-104-70- ,  20:29-26-82-33-31-71-102-19-9-92-72-108-4-109-89-52-100-93-3-6- ,  23:59-27-101-55-63-12-47-62-8-35-34-2-45-38-74-16-70-10-52-100-18-15-83- ,  23:26-82-19-85-94-27-32-21-86-51-102-76-69-30-43-72-109-89-106-57-40-25-70- ,  22:4-36-109-64-92-18-34-83-94-2-35-8-62-53-63-55-101-27-21-86-51-31- ,  20:36-109-64-92-67-98-18-66-85-94-27-59-68-17-39-55-45-53-62-12- ,  22:46-21-27-101-55-45-53-90-49-52-10-70-103-12-38-87-56-17-95-20-75-68- ,  14:28-13-21-86-24-19-82-44-48-107-77-5-36-108- ,  20:62-47-74-38-63-2-15-3-19-33-99-82-23-9-93-35-8-12-16-41- ,  22:21-32-20-75-17-39-55-63-8-90-49-52-89-96-64-92-18-15-2-45-53-62- ,  19:35-90-49-52-89-109-64-36-107-5-42-57-10-70-25-7-103-12-74- ,  23:35-91-52-89-64-36-108-72-92-18-15-2-45-87-80-58-38-55-101-94-6-86-71- ,  12:4-107-48-92-18-15-83-94-27-95-20-75- ,  23:97-58-60-47-12-8-35-93-67-92-44-26-29-43-72-109-89-52-91-90-53-38-80- ,  20:38-12-41-104-7-52-100-18-9-23-33-76-102-24-54-15-2-45-87-1- ,  20:23-19-9-92-64-96-42-5-36-72-43-69-99-33-31-22-3-67-18-98- ,  23:48-44-82-19-85-94-27-17-75-68-21-28-59-95-78-39-55-63-12-103-70-25-104- ,  20:66-22-31-23-9-92-64-73-106-89-52-91-35-83-105-27-95-32-50-20- ,  23:42-73-89-52-7-25-70-103-62-8-35-34-54-22-31-19-3-83-2-63-12-16-47- ,  22:61-0-80-38-12-103-70-84-104-41-47-58-97-87-45-53-90-49-52-89-106-42- ,  20:2-15-54-24-102-71-31-19-9-92-64-96-42-89-52-100-93-66-3-98- ,  23:70-7-52-89-64-79-72-43-30-44-92-18-9-19-102-88-51-86-21-27-101-55-87- ,  19:17-78-39-55-101-94-81-105-83-35-49-91-100-93-3-6-86-46-51- ,  23:37-40-57-106-73-79-48-92-18-15-2-45-87-56-17-27-94-85-19-82-26-30-29- ,  20:52-49-35-15-54-24-102-51-86-28-59-95-78-39-55-63-12-16-41-104- ,  22:50-17-39-55-63-12-103-7-52-89-96-64-92-18-34-83-94-27-95-32-68-13- ,  20:39-56-61-0-87-55-101-94-83-15-18-92-48-44-82-19-24-86-46-21- ,  23:65-39-55-45-2-15-18-92-72-109-89-52-10-70-16-12-38-87-56-17-50-13-32- ,  22:74-12-62-91-52-89-64-92-18-66-6-86-28-21-27-105-83-34-93-98-67-100- ,  18:9-3-85-94-27-32-13-21-86-6-22-54-15-2-45-80-97-58- ,  23:57-106-73-11-89-52-91-90-53-45-55-39-17-20-68-21-86-51-102-14-33-23-19- ,  22:103-41-60-12-8-35-34-3-85-94-101-55-63-53-90-49-52-89-11-5-77-4- ,  18:98-67-100-52-7-84-70-103-12-63-55-39-87-38-74-41-104-37- ,  23:28-21-27-101-55-63-12-103-70-10-52-89-73-79-48-92-18-15-2-45-87-1-97- ,  22:61-1-0-97-58-74-41-70-10-57-42-5-77-107-109-11-96-64-79-48-108-36- ,  22:23-9-3-85-94-27-95-20-68-21-86-51-102-76-31-24-54-15-2-63-38-58- ,  15:26-29-43-72-79-73-106-57-37-104-25-7-41-60-58- ,  19:26-44-72-109-89-106-57-10-52-91-35-83-105-27-59-95-17-56-87- ,  21:47-103-70-10-52-100-18-9-19-33-99-76-102-88-31-23-82-44-72-36-4- ,  21:75-17-56-87-97-80-45-2-15-18-92-44-26-29-30-69-99-33-31-88-51- ,  23:5-42-89-52-91-62-47-12-8-35-34-54-24-102-71-86-21-27-101-55-38-74-60- ,  16:48-72-26-30-69-14-99-82-44-92-64-109-11-73-96-89- ,  20:67-92-44-43-72-48-107-77-5-109-89-52-100-93-3-54-24-102-51-88- ,  22:37-84-25-7-52-100-18-9-19-33-82-44-48-92-67-3-81-6-24-31-14-76- ,  21:28-21-27-101-55-80-58-74-12-62-91-52-89-73-64-92-9-19-102-71-31- ,  19:109-11-89-52-49-8-63-55-39-17-75-50-95-27-105-83-34-93-100- ,  21:37-40-7-103-12-63-55-39-78-65-56-87-38-53-90-49-52-89-96-64-79- , 

0.465589
0.526931
0.00747953
0
25.4666
-6.17298e+07
Initial : -6.39447e+07
0.377087
0.587518
0.0353947
0
26.3804

-----------------------------------------
Iteration:0 started

Gen:0
0.377087,0.587518,0.0353947,0,26.3804,-6.39447e+07
719351
ratio: 0.000000
Gen:1
0.378384,0.587772,0.0338435,0,26.3474,-6.38647e+07
800801
Gen:2
0.378741,0.591019,0.0302399,0,26.255,-6.36407e+07
492460
Gen:3
0.378741,0.591019,0.0302399,0,26.255,-6.36407e+07
566107
ratio: 0.000000
Gen:4
0.379573,0.590371,0.0300563,0,26.2487,-6.36256e+07
395200
