routeSetSize:6,pSwap:0.1667,popSize:18,elite:2,pSm:0.7,pDelete:0.4,tFit:10,maxGen:350,maxIter:1,beta:0.8,run:10,stableCount:20,e:0.7,minGen:10,minFitnessRatio:0.0001,minRouteLength:2,maxRouteLength:8,maxRouteLength:8, OpATT10.0058
Initial : -90825
0.881824
0.118176
0
0
11.6667

-----------------------------------------
Iteration:0 started

Gen:0
0.881824,0.118176,0,0,11.6667,-90825
487.89
ratio: 0.000000
Gen:1
0.910083,0.0899165,0,0,11.5151,-89645
7070.05
Gen:2
0.912653,0.0873475,0,0,11.4663,-89265
9877.99
Gen:3
0.925498,0.0745022,0,0,11.4072,-88805
6296.63
Gen:4
0.892742,0.105331,0.00192678,0,10.8606,-84550
3559.18
Gen:5
0.892742,0.105331,0.00192678,0,10.8606,-84550
2340.47
ratio: 0.000000
Gen:6
0.888247,0.105331,0.00642261,0,10.6737,-83095
2228.68
Gen:7
0.898523,0.0950546,0.00642261,0,10.6224,-82695
14125.2
Gen:8
0.904303,0.0892742,0.00642261,0,10.5909,-82450
5981.14
Gen:9
0.907514,0.0828516,0.00963391,0,10.5768,-82340
4594.02
Gen:10
0.917148,0.0732177,0.00963391,0,10.5093,-81815
3626.88
Gen:11
0.917791,0.0725755,0.00963391,0,10.5087,-81810
5266.18
ratio: 0.000061
Gen:12
0.917791,0.0725755,0.00963391,0,10.5087,-81810
3960.55
ratio: 0.000000
Gen:13
0.919717,0.0706487,0.00963391,0,10.499,-81735
754.916
Gen:14
0.931278,0.0622993,0.00642261,0,10.4329,-81220
7089.24
Gen:15
0.931278,0.0622993,0.00642261,0,10.4329,-81220
3275.9
ratio: 0.000000
Gen:16
0.931278,0.0622993,0.00642261,0,10.4329,-81220
3937.36
ratio: 0.000000
Gen:17
0.931278,0.0622993,0.00642261,0,10.4329,-81220
3734.52
ratio: 0.000000
Gen:18
0.931278,0.0622993,0.00642261,0,10.4329,-81220
3294.5
ratio: 0.000000
Gen:19
0.932563,0.0622993,0.00513809,0,10.42,-81120
1879.72
Gen:20
0.932563,0.0622993,0.00513809,0,10.42,-81120
3339.6
ratio: 0.000000
Gen:21
0.932563,0.0622993,0.00513809,0,10.42,-81120
4312.9
ratio: 0.000000
Gen:22
0.932563,0.0622993,0.00513809,0,10.42,-81120
547.682
ratio: 0.000000
Gen:23
0.932563,0.0622993,0.00513809,0,10.42,-81120
849.531
ratio: 0.000000
Gen:24
0.932563,0.0622993,0.00513809,0,10.42,-81120
2955.05
ratio: 0.000000
Gen:25
0.932563,0.0622993,0.00513809,0,10.42,-81120
3333.74
ratio: 0.000000
Gen:26
0.938985,0.0558767,0.00513809,0,10.3879,-80870
3971.73
Gen:27
0.938985,0.0558767,0.00513809,0,10.3879,-80870
2436.05
ratio: 0.000000
Gen:28
0.938985,0.0558767,0.00513809,0,10.3879,-80870
1838.32
ratio: 0.000000
Gen:29
0.938985,0.0558767,0.00513809,0,10.3879,-80870
343.236
ratio: 0.000000
Gen:30
0.938985,0.0558767,0.00513809,0,10.3879,-80870
4209.67
ratio: 0.000000
Gen:31
0.938985,0.0610148,0,0,10.3597,-80650
4014.23
Gen:32
0.938985,0.0610148,0,0,10.3597,-80650
2974.33
ratio: 0.000000
Gen:33
0.938985,0.0610148,0,0,10.3597,-80650
1566.89
ratio: 0.000000
Gen:34
0.938985,0.0610148,0,0,10.3597,-80650
2975.61
ratio: 0.000000
Gen:35
0.938985,0.0610148,0,0,10.3597,-80650
1392.13
ratio: 0.000000
Gen:36
0.938985,0.0610148,0,0,10.3597,-80650
1359.73
ratio: 0.000000
Gen:37
0.938985,0.0610148,0,0,10.3597,-80650
2652.05
ratio: 0.000000
Gen:38
0.938985,0.0610148,0,0,10.3597,-80650
4159.65
ratio: 0.000000
Gen:39
0.938985,0.0610148,0,0,10.3597,-80650
2735.25
ratio: 0.000000
Gen:40
0.938985,0.0610148,0,0,10.3597,-80650
1617.42
ratio: 0.000000
Gen:41
0.938985,0.0610148,0,0,10.3597,-80650
263.406
ratio: 0.000000
Gen:42
0.938985,0.0610148,0,0,10.3597,-80650
1691.18
ratio: 0.000000
Gen:43
0.938985,0.0610148,0,0,10.3597,-80650
1537.49
ratio: 0.000000
Gen:44
0.938985,0.0610148,0,0,10.3597,-80650
474.826
ratio: 0.000000
Gen:45
0.938985,0.0610148,0,0,10.3597,-80650
1642.01
ratio: 0.000000
Gen:46
0.938985,0.0610148,0,0,10.3597,-80650
2933.04
ratio: 0.000000
Gen:47
0.938985,0.0610148,0,0,10.3597,-80650
2115.1
ratio: 0.000000
Gen:48
0.938985,0.0610148,0,0,10.3597,-80650
649.644
ratio: 0.000000
Gen:49
0.938985,0.0610148,0,0,10.3597,-80650
2776.79
ratio: 0.000000
Gen:50
0.938985,0.0610148,0,0,10.3597,-80650
1589.61
ratio: 0.000000
Gen:51
0.938985,0.0610148,0,0,10.3597,-80650
2992.1
ratio: 0.000000
FINAL Population size
18
Best : -80650   6:0-1-2-5-14-8- ,  7:9-6-14-5-2-1-0- ,  8:0-1-2-5-7-9-13-12- ,  9:6-9-13-12-10-11-3-1-2- ,  8:8-14-6-9-7-5-3-4- ,  8:4-1-2-5-7-9-10-11- , 

0.938985
0.0610148
0
0
10.3597
-80650
Initial : -90825.5
0.881824
0.118176
0
0
11.6667

-----------------------------------------
Iteration:0 started

Gen:0
0.881824,0.118176,0,0,11.6667,-90825.5
487.89
ratio: 0.000000
Gen:1
0.816956,0.170841,0.012203,0,11.0777,-86240.5
4997.52
Gen:2
0.81824,0.169557,0.012203,0,11.0739,-86210.5
5733.39
Gen:3
0.854207,0.134875,0.0109184,0,10.8876,-84760.5
6926.82
Gen:4
0.856776,0.132306,0.0109184,0,10.8388,-84380.5
12903
Gen:5
0.856776,0.132306,0.0109184,0,10.8388,-84380.5
4118.2
ratio: 0.000000
Gen:6
0.891458,0.0976236,0.0109184,0,10.6654,-83030.5
3205.85
Gen:7
0.8921,0.0969814,0.0109184,0,10.6622,-83005.5
6179.86
Gen:8
0.894027,0.0950546,0.0109184,0,10.6551,-82950.5
9106.91
Gen:9
0.894669,0.0944123,0.0109184,0,10.6519,-82925.5
9795.23
Gen:10
0.895954,0.0931278,0.0109184,0,10.6429,-82855.5
5091.6
Gen:11
0.894669,0.105331,0,0,10.5845,-82400.2
930.402
Gen:12
0.894669,0.105331,0,0,10.5845,-82400.2
582.716
ratio: 0.000000
Gen:13
0.899807,0.100193,0,0,10.5588,-82200.5
6681.92
Gen:14
0.90045,0.0995504,0,0,10.5575,-82190.7
515.05
Gen:15
0.90045,0.0995504,0,0,10.5575,-82190.7
7504.41
ratio: 0.000000
Gen:16
0.90045,0.0995504,0,0,10.5575,-82190.7
5345.57
ratio: 0.000000
Gen:17
0.90045,0.0995504,0,0,10.5575,-82190.7
5955.76
ratio: 0.000000
Gen:18
0.90045,0.0995504,0,0,10.5575,-82190.7
4811.42
ratio: 0.000000
Gen:19
0.911368,0.088632,0,0,10.4913,-81675.7
2754.18
Gen:20
0.916506,0.0834939,0,0,10.4689,-81500.7
422.297
Gen:21
0.916506,0.0834939,0,0,10.4689,-81500.7
686.397
ratio: 0.000000
Gen:22
0.916506,0.0834939,0,0,10.4689,-81500.7
386.728
ratio: 0.000000
Gen:23
0.916506,0.0834939,0,0,10.4689,-81500.7
3198.15
ratio: 0.000000
Gen:24
0.916506,0.0834939,0,0,10.4689,-81500.7
859.713
ratio: 0.000000
Gen:25
0.916506,0.0834939,0,0,10.4689,-81500.7
4222.54
ratio: 0.000000
Gen:26
0.916506,0.0834939,0,0,10.4689,-81500.7
3092.13
ratio: 0.000000
Gen:27
0.916506,0.0834939,0,0,10.4689,-81500.7
3720.82
ratio: 0.000000
Gen:28
0.916506,0.0834939,0,0,10.4689,-81500.7
4548.34
ratio: 0.000000
Gen:29
0.916506,0.0834939,0,0,10.4689,-81500.7
1401.08
ratio: 0.000000
Gen:30
0.916506,0.0834939,0,0,10.4689,-81500.7
3634.07
ratio: 0.000000
Gen:31
0.916506,0.0834939,0,0,10.4689,-81500.7
3676.3
ratio: 0.000000
Gen:32
0.916506,0.0834939,0,0,10.4689,-81500.7
3748.06
ratio: 0.000000
Gen:33
0.916506,0.0834939,0,0,10.4689,-81500.7
4837.77
ratio: 0.000000
Gen:34
0.918433,0.0815671,0,0,10.4303,-81200.7
868.592
Gen:35
0.918433,0.0815671,0,0,10.4303,-81200.7
5252.34
ratio: 0.000000
Gen:36
0.918433,0.0815671,0,0,10.4303,-81200.7
4933.02
ratio: 0.000000
Gen:37
0.918433,0.0815671,0,0,10.4303,-81200.7
1192.58
ratio: 0.000000
Gen:38
0.918433,0.0815671,0,0,10.4303,-81200.7
4230.9
ratio: 0.000000
Gen:39
0.918433,0.0815671,0,0,10.4303,-81200.7
825.74
ratio: 0.000000
Gen:40
0.918433,0.0815671,0,0,10.4303,-81200.7
4174.66
ratio: 0.000000
Gen:41
0.918433,0.0815671,0,0,10.4303,-81200.7
628.488
ratio: 0.000000
Gen:42
0.918433,0.0815671,0,0,10.4303,-81200.7
4220.41
ratio: 0.000000
Gen:43
0.918433,0.0815671,0,0,10.4303,-81200.7
3942.31
ratio: 0.000000
Gen:44
0.918433,0.0815671,0,0,10.4303,-81200.7
1135.29
ratio: 0.000000
Gen:45
0.918433,0.0815671,0,0,10.4303,-81200.7
4268.72
ratio: 0.000000
Gen:46
0.918433,0.0815671,0,0,10.4303,-81200.7
5693.88
ratio: 0.000000
Gen:47
0.926782,0.0732177,0,0,10.3847,-80845.7
1258.91
Gen:48
0.926782,0.0732177,0,0,10.3847,-80845.7
971.647
ratio: 0.000000
Gen:49
0.947977,0.0507386,0.00128452,0,10.2852,-80070.7
317.83
Gen:50
0.947977,0.0507386,0.00128452,0,10.2852,-80070.7
3771.68
ratio: 0.000000
Gen:51
0.947977,0.0507386,0.00128452,0,10.2852,-80070.7
3025.45
ratio: 0.000000
Gen:52
0.947977,0.0507386,0.00128452,0,10.2852,-80070.7
958.662
ratio: 0.000000
Gen:53
0.947977,0.0507386,0.00128452,0,10.2852,-80070.7
1097.46
ratio: 0.000000
Gen:54
0.951188,0.0475273,0.00128452,0,10.282,-80045.7
4013.87
Gen:55
0.951188,0.0475273,0.00128452,0,10.282,-80045.7
3067.49
ratio: 0.000000
Gen:56
0.951188,0.0475273,0.00128452,0,10.282,-80045.7
1477.11
ratio: 0.000000
Gen:57
0.951188,0.0475273,0.00128452,0,10.282,-80045.7
4108.21
ratio: 0.000000
Gen:58
0.951188,0.0475273,0.00128452,0,10.282,-80045.7
1304.42
ratio: 0.000000
Gen:59
0.951188,0.0475273,0.00128452,0,10.282,-80045.7
3077.27
ratio: 0.000000
Gen:60
0.951188,0.0475273,0.00128452,0,10.282,-80045.7
1166.91
ratio: 0.000000
Gen:61
0.951188,0.0475273,0.00128452,0,10.282,-80045.7
556.942
ratio: 0.000000
Gen:62
0.951188,0.0475273,0.00128452,0,10.282,-80045.7
846.347
ratio: 0.000000
Gen:63
0.951188,0.0475273,0.00128452,0,10.282,-80045.7
3027.39
ratio: 0.000000
Gen:64
0.951188,0.0475273,0.00128452,0,10.282,-80045.7
2970.74
ratio: 0.000000
Gen:65
0.951188,0.0475273,0.00128452,0,10.282,-80045.7
4477.93
ratio: 0.000000
Gen:66
0.951188,0.0475273,0.00128452,0,10.282,-80045.7
1135
ratio: 0.000000
Gen:67
0.951188,0.0475273,0.00128452,0,10.282,-80045.7
1257.78
ratio: 0.000000
Gen:68
0.951188,0.0475273,0.00128452,0,10.282,-80045.7
3637.28
ratio: 0.000000
Gen:69
0.951188,0.0475273,0.00128452,0,10.282,-80045.7
970.4
ratio: 0.000000
Gen:70
0.951188,0.0475273,0.00128452,0,10.282,-80045.7
300.814
ratio: 0.000000
Gen:71
0.951188,0.0475273,0.00128452,0,10.2768,-80006
4032.98
Gen:72
0.951188,0.0475273,0.00128452,0,10.2768,-80006
3988.5
ratio: 0.000000
Gen:73
0.951188,0.0475273,0.00128452,0,10.2768,-80006
976.263
ratio: 0.000000
Gen:74
0.951188,0.0475273,0.00128452,0,10.2768,-80006
4462.84
ratio: 0.000000
Gen:75
0.951188,0.0475273,0.00128452,0,10.2768,-80006
3989.78
ratio: 0.000000
Gen:76
0.961464,0.0372511,0.00128452,0,10.2254,-79606
3015.92
Gen:77
0.961464,0.0372511,0.00128452,0,10.2254,-79606
717.045
ratio: 0.000000
Gen:78
0.961464,0.0372511,0.00128452,0,10.2254,-79606
3526.84
ratio: 0.000000
Gen:79
0.961464,0.0372511,0.00128452,0,10.2254,-79606
639.809
ratio: 0.000000
Gen:80
0.961464,0.0372511,0.00128452,0,10.2254,-79606
765.244
ratio: 0.000000
Gen:81
0.961464,0.0372511,0.00128452,0,10.2254,-79606
832.942
ratio: 0.000000
Gen:82
0.961464,0.0372511,0.00128452,0,10.2254,-79606
1117.05
ratio: 0.000000
Gen:83
0.961464,0.0372511,0.00128452,0,10.2254,-79606
3049.73
ratio: 0.000000
Gen:84
0.961464,0.0372511,0.00128452,0,10.2254,-79606
3034.7
ratio: 0.000000
Gen:85
0.961464,0.0372511,0.00128452,0,10.2254,-79606
1007.2
ratio: 0.000000
Gen:86
0.961464,0.0372511,0.00128452,0,10.2254,-79606
952.886
ratio: 0.000000
Gen:87
0.961464,0.0372511,0.00128452,0,10.2254,-79606
2943.83
ratio: 0.000000
Gen:88
0.961464,0.0372511,0.00128452,0,10.2254,-79606
3440.79
ratio: 0.000000
Gen:89
0.961464,0.0372511,0.00128452,0,10.2254,-79606
3441.89
ratio: 0.000000
Gen:90
0.961464,0.0372511,0.00128452,0,10.2254,-79606
3006.1
ratio: 0.000000
Gen:91
0.961464,0.0372511,0.00128452,0,10.2254,-79606
3045.68
ratio: 0.000000
Gen:92
0.961464,0.0372511,0.00128452,0,10.2254,-79606
625.039
ratio: 0.000000
Gen:93
0.961464,0.0372511,0.00128452,0,10.2254,-79606
3987.74
ratio: 0.000000
Gen:94
0.961464,0.0372511,0.00128452,0,10.2254,-79606
456.294
ratio: 0.000000
Gen:95
0.961464,0.0372511,0.00128452,0,10.2254,-79606
1120.77
ratio: 0.000000
Gen:96
0.961464,0.0372511,0.00128452,0,10.2254,-79606
3018.09
ratio: 0.000000
FINAL Population size
18
Best : -79606   9:0-1-2-5-7-9-10-12-13- ,  9:7-14-6-9-10-11-3-1-0- ,  8:0-1-2-5-14-6-9-13- ,  9:9-13-12-10-11-3-4-1-0- ,  8:8-14-6-9-7-5-3-4- ,  8:10-11-3-5-14-6-9-12- , 

0.961464
0.0372511
0.00128452
0
10.2254
-79606
Initial : -90825.6
0.881824
0.118176
0
0
11.6667

-----------------------------------------
Iteration:0 started

Gen:0
0.881824,0.118176,0,0,11.6667,-90825.6
487.89
ratio: 0.000000
Gen:1
0.884393,0.115607,0,0,11.6179,-90445.6
8986.34
Gen:2
0.914579,0.0854207,0,0,11.4554,-89180.6
779.53
Gen:3
0.922286,0.0777136,0,0,11.4399,-89060.6
9417.77
Gen:4
0.876686,0.118818,0.00449583,0,10.9377,-85150.6
5990.92
Gen:5
0.878613,0.116891,0.00449583,0,10.9326,-85110.9
1918.01
Gen:6
0.88632,0.11368,0,0,10.9171,-84990.9
666.382
Gen:7
0.888247,0.111753,0,0,10.9062,-84905.9
337.502
Gen:8
0.913937,0.0860629,0,0,10.711,-83386.2
4639.8
Gen:9
0.886962,0.109827,0.0032113,0,10.6577,-82971.2
4497.73
Gen:10
0.886962,0.109827,0.0032113,0,10.6577,-82971.2
5472.7
ratio: 0.000000
Gen:11
0.921002,0.0777136,0.00128452,0,10.4586,-81421.2
3720.69
Gen:12
0.922929,0.0757868,0.00128452,0,10.4566,-81406.4
772.48
Gen:13
0.929351,0.0706487,0,0,10.4078,-81026.2
1287.3
Gen:14
0.929351,0.0706487,0,0,10.4078,-81026.2
4993.55
ratio: 0.000000
Gen:15
0.931278,0.0687219,0,0,10.4059,-81011.5
3711.42
Gen:16
0.931278,0.0687219,0,0,10.3982,-80951.2
5602.8
Gen:17
0.937701,0.0622993,0,0,10.3789,-80801.2
705.192
Gen:18
0.937701,0.0622993,0,0,10.3789,-80801.2
5613.45
ratio: 0.000000
Gen:19
0.937701,0.0622993,0,0,10.3789,-80801.2
962.596
ratio: 0.000000
Gen:20
0.937701,0.0622993,0,0,10.3687,-80721
3773.4
Gen:21
0.937701,0.0622993,0,0,10.3687,-80721
1228.79
ratio: 0.000000
Gen:22
0.937701,0.0622993,0,0,10.3687,-80721
5587.1
ratio: 0.000000
Gen:23
0.937701,0.0622993,0,0,10.3687,-80721
1194.64
ratio: 0.000000
Gen:24
0.937701,0.0622993,0,0,10.3687,-80721
1008.02
ratio: 0.000000
Gen:25
0.937701,0.0622993,0,0,10.3687,-80721
5845.51
ratio: 0.000000
Gen:26
0.937701,0.0622993,0,0,10.3687,-80721
798.213
ratio: 0.000000
Gen:27
0.937701,0.0622993,0,0,10.3687,-80721
5548.37
ratio: 0.000000
Gen:28
0.937701,0.0622993,0,0,10.3687,-80721
1071.48
ratio: 0.000000
Gen:29
0.937701,0.0622993,0,0,10.3687,-80721
13355.4
ratio: 0.000000
Gen:30
0.937701,0.0622993,0,0,10.3687,-80721
13330.4
ratio: 0.000000
Gen:31
0.937701,0.0622993,0,0,10.3687,-80721
792.236
ratio: 0.000000
Gen:32
0.947977,0.0520231,0,0,10.3173,-80321
5519.29
Gen:33
0.947977,0.0520231,0,0,10.3173,-80321
5867.86
ratio: 0.000000
Gen:34
0.947977,0.0520231,0,0,10.3173,-80321
9138.29
ratio: 0.000000
Gen:35
0.947977,0.0520231,0,0,10.3173,-80321
5875.28
ratio: 0.000000
Gen:36
0.951188,0.0488118,0,0,10.3141,-80296
593.19
Gen:37
0.951188,0.0488118,0,0,10.3141,-80296
5504.77
ratio: 0.000000
Gen:38
0.951188,0.0488118,0,0,10.3141,-80296
3777.07
ratio: 0.000000
Gen:39
0.951188,0.0488118,0,0,10.3089,-80256.1
893.166
Gen:40
0.951188,0.0488118,0,0,10.3089,-80256.1
7650.34
ratio: 0.000000
Gen:41
0.951188,0.0488118,0,0,10.3089,-80256.1
1098.84
ratio: 0.000000
Gen:42
0.953757,0.0462428,0,0,10.2961,-80156.3
7785.14
Gen:43
0.953757,0.0462428,0,0,10.2961,-80156.3
5714.39
ratio: 0.000000
Gen:44
0.953757,0.0462428,0,0,10.2961,-80156.3
227.316
ratio: 0.000000
Gen:45
0.953757,0.0462428,0,0,10.2961,-80156.3
307.818
ratio: 0.000004
Gen:46
0.953757,0.0462428,0,0,10.2961,-80156.3
409.499
ratio: 0.000000
Gen:47
0.953757,0.0462428,0,0,10.2961,-80156.3
5537.54
ratio: 0.000000
Gen:48
0.953757,0.0462428,0,0,10.2961,-80156.3
5545.3
ratio: 0.000000
Gen:49
0.961464,0.0385356,0,0,10.2575,-79856
5536.4
Gen:50
0.961464,0.0385356,0,0,10.2575,-79856
985.387
ratio: 0.000000
Gen:51
0.961464,0.0385356,0,0,10.2575,-79856
7531.02
ratio: 0.000000
Gen:52
0.961464,0.0385356,0,0,10.2575,-79856
559.032
ratio: 0.000000
Gen:53
0.961464,0.0385356,0,0,10.2575,-79856
561.856
ratio: 0.000000
Gen:54
0.961464,0.0385356,0,0,10.2575,-79856
5608.53
ratio: 0.000000
Gen:55
0.961464,0.0385356,0,0,10.2575,-79856
5630.35
ratio: 0.000000
Gen:56
0.961464,0.0385356,0,0,10.2575,-79856
1238.66
ratio: 0.000000
Gen:57
0.961464,0.0385356,0,0,10.2575,-79856
1399.1
ratio: 0.000000
Gen:58
0.961464,0.0385356,0,0,10.2575,-79856
1017.25
ratio: 0.000000
Gen:59
0.961464,0.0385356,0,0,10.2575,-79856
5602.4
ratio: 0.000000
Gen:60
0.961464,0.0385356,0,0,10.2575,-79856
5586.26
ratio: 0.000000
Gen:61
0.961464,0.0385356,0,0,10.2575,-79856
338.304
ratio: 0.000000
Gen:62
0.961464,0.0385356,0,0,10.2575,-79856
5586.76
ratio: 0.000000
Gen:63
0.961464,0.0385356,0,0,10.2575,-79856
7606.23
ratio: 0.000000
Gen:64
0.961464,0.0385356,0,0,10.2575,-79856
5576.02
ratio: 0.000000
Gen:65
0.961464,0.0385356,0,0,10.2575,-79856
5581.7
ratio: 0.000000
Gen:66
0.961464,0.0385356,0,0,10.2575,-79856
5622.09
ratio: 0.000000
Gen:67
0.961464,0.0385356,0,0,10.2575,-79856
7675.14
ratio: 0.000000
Gen:68
0.961464,0.0385356,0,0,10.2575,-79856
939.01
ratio: 0.000000
Gen:69
0.961464,0.0385356,0,0,10.2492,-79791
378.633
Gen:70
0.961464,0.0385356,0,0,10.2492,-79791
7668.36
ratio: 0.000000
Gen:71
0.961464,0.0385356,0,0,10.2492,-79791
585.551
ratio: 0.000000
Gen:72
0.961464,0.0385356,0,0,10.2492,-79791
1009.63
ratio: 0.000000
Gen:73
0.962107,0.0378934,0,0,10.2447,-79756
571.194
Gen:74
0.962107,0.0378934,0,0,10.2447,-79756
5633.4
ratio: 0.000000
Gen:75
0.962107,0.0378934,0,0,10.2447,-79756
7600.2
ratio: 0.000000
Gen:76
0.962107,0.0378934,0,0,10.2447,-79756
1154.15
ratio: 0.000000
Gen:77
0.962107,0.0378934,0,0,10.2447,-79756
5619.75
ratio: 0.000000
Gen:78
0.962107,0.0378934,0,0,10.2447,-79756
5603.52
ratio: 0.000000
Gen:79
0.962107,0.0378934,0,0,10.2447,-79756
282.172
ratio: 0.000000
Gen:80
0.962107,0.0378934,0,0,10.2447,-79756
5626.31
ratio: 0.000000
Gen:81
0.962107,0.0378934,0,0,10.2447,-79756
747.68
ratio: 0.000000
Gen:82
0.962107,0.0378934,0,0,10.2447,-79756
5571.06
ratio: 0.000000
Gen:83
0.962107,0.0378934,0,0,10.2447,-79756
873.262
ratio: 0.000000
Gen:84
0.962107,0.0378934,0,0,10.2447,-79756
999.397
ratio: 0.000000
Gen:85
0.962107,0.0378934,0,0,10.2447,-79756
284.096
ratio: 0.000000
Gen:86
0.962107,0.0378934,0,0,10.2447,-79756
1031.93
ratio: 0.000000
Gen:87
0.962107,0.0378934,0,0,10.2447,-79756
761.171
ratio: 0.000000
Gen:88
0.962107,0.0378934,0,0,10.2447,-79756
1339.79
ratio: 0.000000
Gen:89
0.962107,0.0378934,0,0,10.2447,-79756
5608.92
ratio: 0.000000
Gen:90
0.962107,0.0378934,0,0,10.2447,-79756
999.919
ratio: 0.000000
Gen:91
0.962107,0.0378934,0,0,10.2447,-79756
1536.64
ratio: 0.000000
Gen:92
0.962107,0.0378934,0,0,10.2447,-79756
7527.07
ratio: 0.000000
Gen:93
0.962107,0.0378934,0,0,10.2447,-79756
768.5
ratio: 0.000000
FINAL Population size
18
Best : -79756   6:8-14-5-2-1-0- ,  9:8-14-6-9-10-11-3-1-0- ,  8:13-9-6-14-5-2-1-0- ,  9:6-9-13-12-10-11-3-5-2- ,  9:12-13-9-7-5-3-4-1-2- ,  9:0-1-2-5-7-9-10-12-13- , 

0.962107
0.0378934
0
0
10.2447
-79756
Initial : -90825.2
0.881824
0.118176
0
0
11.6667

-----------------------------------------
Iteration:0 started

Gen:0
0.881824,0.118176,0,0,11.6667,-90825.2
487.89
ratio: 0.000000
Gen:1
0.919075,0.0809249,0,0,11.4804,-89375.1
3062.53
Gen:2
0.804753,0.165703,0.029544,0,11.2492,-87575.5
3551.04
Gen:3
0.834297,0.155427,0.0102762,0,10.9538,-85275.5
10116.1
Gen:4
0.91201,0.0789981,0.00899165,0,10.5485,-82120.5
1359.27
Gen:5
0.913295,0.0777136,0.00899165,0,10.5369,-82030.5
5896.85
Gen:6
0.915222,0.0757868,0.00899165,0,10.5273,-81955.5
4705.65
Gen:7
0.923571,0.0712909,0.00513809,0,10.4663,-81480.5
3392.79
Gen:8
0.923571,0.0712909,0.00513809,0,10.4663,-81480.5
2331.35
ratio: 0.000000
Gen:9
0.927425,0.0674374,0.00513809,0,10.4573,-81410.6
6192.41
Gen:10
0.927425,0.0674374,0.00513809,0,10.4573,-81410.6
8195.2
ratio: 0.000000
Gen:11
0.927425,0.0674374,0.00513809,0,10.4573,-81410.6
5492.53
ratio: 0.000000
Gen:12
0.927425,0.0674374,0.00513809,0,10.4573,-81410.6
5430.68
ratio: 0.000000
Gen:13
0.930636,0.0635838,0.00578035,0,10.4399,-81275.9
8035.85
Gen:14
0.933847,0.0629416,0.0032113,0,10.3899,-80885.6
3753.47
Gen:15
0.937058,0.059088,0.00385356,0,10.3725,-80750.6
4789.86
Gen:16
0.937058,0.059088,0.00385356,0,10.3725,-80750.6
5249.62
ratio: 0.000000
Gen:17
0.937058,0.059088,0.00385356,0,10.3712,-80740.6
3047.53
Gen:18
0.937058,0.059088,0.00385356,0,10.3712,-80740.6
2973.23
ratio: 0.000000
Gen:19
0.937058,0.059088,0.00385356,0,10.3712,-80740.6
3078.56
ratio: 0.000000
Gen:20
0.937058,0.059088,0.00385356,0,10.3712,-80740.6
8358.78
ratio: 0.000000
Gen:21
0.937058,0.059088,0.00385356,0,10.3712,-80740.6
8101.98
ratio: 0.000000
Gen:22
0.937058,0.059088,0.00385356,0,10.3712,-80740.6
8284.51
ratio: 0.000000
Gen:23
0.938343,0.0578035,0.00385356,0,10.3699,-80730.6
3061.46
Gen:24
0.938343,0.0578035,0.00385356,0,10.3699,-80730.6
6285.94
ratio: 0.000000
Gen:25
0.938343,0.0578035,0.00385356,0,10.3699,-80730.6
854.842
ratio: 0.000000
Gen:26
0.938343,0.0578035,0.00385356,0,10.3699,-80730.6
5171.52
ratio: 0.000000
Gen:27
0.938343,0.0578035,0.00385356,0,10.3699,-80730.6
5163.11
ratio: 0.000000
Gen:28
0.938343,0.0578035,0.00385356,0,10.3699,-80730.6
1094.49
ratio: 0.000000
Gen:29
0.938343,0.0578035,0.00385356,0,10.3699,-80730.6
940.919
ratio: 0.000000
Gen:30
0.938343,0.0578035,0.00385356,0,10.3699,-80730.6
1214.12
ratio: 0.000000
Gen:31
0.938343,0.0578035,0.00385356,0,10.3699,-80730.6
4066.85
ratio: 0.000000
Gen:32
0.938343,0.0578035,0.00385356,0,10.3699,-80730.6
8460.25
ratio: 0.000000
Gen:33
0.938343,0.0578035,0.00385356,0,10.3699,-80730.6
10987.8
ratio: 0.000000
Gen:34
0.938343,0.0578035,0.00385356,0,10.3699,-80730.6
511.344
ratio: 0.000000
Gen:35
0.938343,0.0578035,0.00385356,0,10.3699,-80730.6
11719.6
ratio: 0.000000
Gen:36
0.938343,0.0578035,0.00385356,0,10.3699,-80730.6
3001.17
ratio: 0.000000
Gen:37
0.938343,0.0578035,0.00385356,0,10.3699,-80730.6
4095.76
ratio: 0.000000
Gen:38
0.938343,0.0578035,0.00385356,0,10.3699,-80730.6
2983.16
ratio: 0.000000
Gen:39
0.938343,0.0578035,0.00385356,0,10.3699,-80730.6
8332.18
ratio: 0.000000
Gen:40
0.938343,0.0578035,0.00385356,0,10.3699,-80730.6
11064
ratio: 0.000000
Gen:41
0.938343,0.0578035,0.00385356,0,10.3699,-80730.6
5134.23
ratio: 0.000000
Gen:42
0.938343,0.0578035,0.00385356,0,10.3699,-80730.6
8392.24
ratio: 0.000000
Gen:43
0.938343,0.0578035,0.00385356,0,10.3699,-80730.6
4016.58
ratio: 0.000000
FINAL Population size
18
Best : -80730.6   8:11-3-5-7-9-10-12-13- ,  7:6-9-10-11-3-1-0- ,  8:0-1-2-5-7-9-12-13- ,  9:5-7-14-6-9-13-12-10-11- ,  9:8-14-6-9-7-5-3-4-1- ,  7:9-6-14-5-2-1-0- , 

0.938343
0.0578035
0.00385356
0
10.3699
-80730.6
Initial : -90825.8
0.881824
0.118176
0
0
11.6667

-----------------------------------------
Iteration:0 started

Gen:0
0.881824,0.118176,0,0,11.6667,-90825.8
487.89
ratio: 0.000000
Gen:1
0.810533,0.152216,0.0372511,0,11.2903,-87896
7213.93
Gen:2
0.816956,0.170841,0.012203,0,11.0777,-86241
8882.53
Gen:3
0.824663,0.163134,0.012203,0,11.0392,-85941
5284.5
Gen:4
0.890816,0.0982659,0.0109184,0,10.6917,-83236.1
11708.7
Gen:5
0.893385,0.0956969,0.0109184,0,10.6429,-82856.1
3886.54
Gen:6
0.899165,0.0899165,0.0109184,0,10.6217,-82691.1
6770.13
Gen:7
0.901092,0.0879897,0.0109184,0,10.6166,-82651.2
2124.76
Gen:8
0.901092,0.0879897,0.0109184,0,10.6166,-82651.2
3345.82
ratio: 0.000000
Gen:9
0.901092,0.0879897,0.0109184,0,10.614,-82631.2
3469.95
Gen:10
0.915864,0.0751445,0.00899165,0,10.5389,-82046.2
3525.18
Gen:11
0.919075,0.0719332,0.00899165,0,10.5254,-81941.2
5917.93
Gen:12
0.919075,0.0719332,0.00899165,0,10.5254,-81941.2
3571.26
ratio: 0.000000
Gen:13
0.928709,0.0661529,0.00513809,0,10.4579,-81416.2
4264.62
Gen:14
0.928709,0.0680796,0.0032113,0,10.4232,-81146.5
903.518
Gen:15
0.928709,0.0680796,0.0032113,0,10.4232,-81146.5
3405.33
ratio: 0.000000
Gen:16
0.928709,0.0680796,0.0032113,0,10.4232,-81146.5
1079.53
ratio: 0.000000
Gen:17
0.933847,0.0629416,0.0032113,0,10.4008,-80971.5
6193.29
Gen:18
0.933847,0.0629416,0.0032113,0,10.4008,-80971.5
1358.19
ratio: 0.000000
Gen:19
0.934489,0.0622993,0.0032113,0,10.3924,-80906.5
4772.37
Gen:20
0.934489,0.0622993,0.0032113,0,10.3924,-80906.5
1382.2
ratio: 0.000000
Gen:21
0.934489,0.0622993,0.0032113,0,10.3924,-80906.5
2241.21
ratio: 0.000000
Gen:22
0.934489,0.0622993,0.0032113,0,10.3924,-80906.5
5717.83
ratio: 0.000000
Gen:23
0.934489,0.0622993,0.0032113,0,10.3924,-80906.5
5428.54
ratio: 0.000000
Gen:24
0.934489,0.0622993,0.0032113,0,10.3809,-80816.5
1221.53
Gen:25
0.934489,0.0622993,0.0032113,0,10.3809,-80816.5
6106.26
ratio: 0.000000
Gen:26
0.934489,0.0622993,0.0032113,0,10.3809,-80816.5
3428.01
ratio: 0.000000
Gen:27
0.935774,0.0610148,0.0032113,0,10.3744,-80766.5
4789.27
Gen:28
0.935774,0.0610148,0.0032113,0,10.3744,-80766.5
1241.4
ratio: 0.000000
Gen:29
0.935132,0.061657,0.0032113,0,10.3732,-80756.2
2997.11
Gen:30
0.940912,0.0558767,0.0032113,0,10.3487,-80566.5
2022.7
Gen:31
0.948619,0.0481696,0.0032113,0,10.3179,-80326.5
4034.37
Gen:32
0.948619,0.0481696,0.0032113,0,10.3179,-80326.5
704.03
ratio: 0.000000
Gen:33
0.948619,0.0481696,0.0032113,0,10.3179,-80326.5
5497.9
ratio: 0.000000
Gen:34
0.948619,0.0481696,0.0032113,0,10.3179,-80326.5
4969.44
ratio: 0.000000
Gen:35
0.948619,0.0481696,0.0032113,0,10.3179,-80326.5
700.513
ratio: 0.000000
Gen:36
0.948619,0.0481696,0.0032113,0,10.3179,-80326.5
4137.31
ratio: 0.000000
Gen:37
0.948619,0.0481696,0.0032113,0,10.3179,-80326.5
6219.9
ratio: 0.000000
Gen:38
0.95183,0.0449583,0.0032113,0,10.3019,-80201.6
4596.17
Gen:39
0.949261,0.0507386,0,0,10.2935,-80136.6
3007.04
Gen:40
0.949261,0.0507386,0,0,10.2935,-80136.6
2076.66
ratio: 0.000000
Gen:41
0.956969,0.0430315,0,0,10.255,-79836.8
1069.3
Gen:42
0.956969,0.0430315,0,0,10.255,-79836.8
716.561
ratio: 0.000000
Gen:43
0.956969,0.0430315,0,0,10.255,-79836.8
1039.29
ratio: 0.000000
Gen:44
0.956969,0.0430315,0,0,10.255,-79836.8
1111.53
ratio: 0.000000
Gen:45
0.956969,0.0430315,0,0,10.255,-79836.8
567.796
ratio: 0.000001
Gen:46
0.956969,0.0430315,0,0,10.255,-79836.8
368.434
ratio: 0.000000
Gen:47
0.956969,0.0430315,0,0,10.255,-79836.8
391.594
ratio: 0.000003
Gen:48
0.956969,0.0430315,0,0,10.2473,-79776.5
586.697
Gen:49
0.956969,0.0430315,0,0,10.2453,-79761.5
373.282
Gen:50
0.956969,0.0430315,0,0,10.2453,-79761.5
803.017
ratio: 0.000000
Gen:51
0.956969,0.0430315,0,0,10.2453,-79761.5
1363.16
ratio: 0.000000
Gen:52
0.956969,0.0430315,0,0,10.2453,-79761.5
319.634
ratio: 0.000000
Gen:53
0.956969,0.0430315,0,0,10.2453,-79761.5
1316.67
ratio: 0.000000
Gen:54
0.956969,0.0430315,0,0,10.2453,-79761.5
5852.53
ratio: 0.000000
Gen:55
0.956969,0.0430315,0,0,10.2453,-79761.5
3088.56
ratio: 0.000000
Gen:56
0.956969,0.0430315,0,0,10.2453,-79761.5
573.041
ratio: 0.000000
Gen:57
0.956969,0.0430315,0,0,10.2453,-79761.5
5246.97
ratio: 0.000000
Gen:58
0.956969,0.0430315,0,0,10.2383,-79706.5
433.172
Gen:59
0.956969,0.0430315,0,0,10.2383,-79706.5
2982.05
ratio: 0.000000
Gen:60
0.956969,0.0430315,0,0,10.2383,-79706.5
3895.98
ratio: 0.000000
Gen:61
0.956969,0.0430315,0,0,10.2383,-79706.5
5359.68
ratio: 0.000001
Gen:62
0.956969,0.0430315,0,0,10.2383,-79706.5
2967.41
ratio: 0.000000
Gen:63
0.956969,0.0430315,0,0,10.2383,-79706.5
5270.59
ratio: 0.000000
Gen:64
0.956969,0.0430315,0,0,10.2383,-79706.5
5645.51
ratio: 0.000000
Gen:65
0.956969,0.0430315,0,0,10.2383,-79706.5
3030.25
ratio: 0.000000
Gen:66
0.956969,0.0430315,0,0,10.2383,-79706.5
4119.27
ratio: 0.000000
Gen:67
0.956969,0.0430315,0,0,10.2383,-79706.5
3936.55
ratio: 0.000000
Gen:68
0.956969,0.0430315,0,0,10.2383,-79706.5
4030.76
ratio: 0.000000
Gen:69
0.956969,0.0430315,0,0,10.2383,-79706.5
3079.29
ratio: 0.000000
Gen:70
0.956969,0.0430315,0,0,10.2383,-79706.5
3012.29
ratio: 0.000000
Gen:71
0.956969,0.0430315,0,0,10.2383,-79706.5
654.788
ratio: 0.000000
Gen:72
0.956969,0.0430315,0,0,10.2383,-79706.5
3032.54
ratio: 0.000000
Gen:73
0.956969,0.0430315,0,0,10.2383,-79706.5
596.198
ratio: 0.000000
Gen:74
0.956969,0.0430315,0,0,10.2383,-79706.5
327.224
ratio: 0.000000
Gen:75
0.956969,0.0430315,0,0,10.2383,-79706.5
573.894
ratio: 0.000000
Gen:76
0.956969,0.0430315,0,0,10.2383,-79706.5
446.012
ratio: 0.000000
Gen:77
0.956969,0.0430315,0,0,10.2383,-79706.5
4146.61
ratio: 0.000000
Gen:78
0.956969,0.0430315,0,0,10.2383,-79706.5
5296.76
ratio: 0.000000
FINAL Population size
18
Best : -79706.5   9:0-1-2-5-7-9-10-12-13- ,  9:8-14-6-9-10-11-3-1-0- ,  9:2-1-4-3-5-14-6-9-13- ,  9:14-7-9-13-12-10-11-3-4- ,  7:4-3-5-7-9-10-12- ,  9:13-12-9-6-14-5-2-1-0- , 

0.956969
0.0430315
0
0
10.2383
-79706.5
Initial : -90825.7
0.881824
0.118176
0
0
11.6667

-----------------------------------------
Iteration:0 started

Gen:0
0.881824,0.118176,0,0,11.6667,-90825.7
487.89
ratio: 0.000000
Gen:1
0.845215,0.148362,0.00642261,0,11.3956,-88715.9
8175.48
Gen:2
0.847784,0.145151,0.00706487,0,11.1952,-87155.9
3459.6
Gen:3
0.860629,0.132306,0.00706487,0,11.0257,-85835.9
16079.2
Gen:4
0.868337,0.125241,0.00642261,0,10.9839,-85510.9
20246.7
Gen:5
0.857418,0.136159,0.00642261,0,10.8812,-84710.9
12526.2
Gen:6
0.857418,0.136159,0.00642261,0,10.8812,-84710.9
5076.38
ratio: 0.000000
Gen:7
0.885035,0.111111,0.00385356,0,10.6712,-83075.7
16432.4
Gen:8
0.905588,0.0905588,0.00385356,0,10.6095,-82595.7
12520.2
Gen:9
0.905588,0.0905588,0.00385356,0,10.6095,-82595.7
5454.57
ratio: 0.000000
Gen:10
0.913937,0.0841362,0.00192678,0,10.5164,-81870.7
722.846
Gen:11
0.928709,0.0674374,0.00385356,0,10.4515,-81365.5
4545.33
Gen:12
0.929994,0.0661529,0.00385356,0,10.4393,-81270.5
6705.41
Gen:13
0.932563,0.0635838,0.00385356,0,10.4367,-81250.7
4619.45
Gen:14
0.934489,0.061657,0.00385356,0,10.4271,-81175.7
5342.67
Gen:15
0.937701,0.0578035,0.00449583,0,10.4059,-81010.8
5462.47
Gen:16
0.937701,0.0578035,0.00449583,0,10.4059,-81010.8
4915.74
ratio: 0.000000
Gen:17
0.938985,0.0565189,0.00449583,0,10.4046,-81000.8
6652.36
Gen:18
0.937701,0.0578035,0.00449583,0,10.4008,-80970.5
3418.98
Gen:19
0.938985,0.0565189,0.00449583,0,10.3995,-80960.8
3037.81
Gen:20
0.938985,0.0565189,0.00449583,0,10.3995,-80960.8
4901.56
ratio: 0.000000
Gen:21
0.938985,0.0565189,0.00449583,0,10.3995,-80960.8
3919.16
ratio: 0.000000
Gen:22
0.938985,0.0565189,0.00449583,0,10.3995,-80960.8
1771.27
ratio: 0.000000
Gen:23
0.938985,0.0565189,0.00449583,0,10.3995,-80960.8
4745.5
ratio: 0.000000
Gen:24
0.938985,0.0565189,0.00449583,0,10.3995,-80960.8
5204.04
ratio: 0.000000
Gen:25
0.938985,0.0565189,0.00449583,0,10.3995,-80960.8
4572.81
ratio: 0.000000
Gen:26
0.938985,0.0565189,0.00449583,0,10.3995,-80960.8
4227.62
ratio: 0.000000
Gen:27
0.938985,0.0565189,0.00449583,0,10.3995,-80960.8
3879.73
ratio: 0.000000
Gen:28
0.938985,0.0565189,0.00449583,0,10.3995,-80960.8
2900.97
ratio: 0.000000
Gen:29
0.938985,0.0565189,0.00449583,0,10.3995,-80960.8
1288.23
ratio: 0.000000
Gen:30
0.938985,0.0565189,0.00449583,0,10.3995,-80960.8
2643.74
ratio: 0.000000
Gen:31
0.938985,0.0565189,0.00449583,0,10.3995,-80960.8
4430.37
ratio: 0.000000
Gen:32
0.938985,0.0565189,0.00449583,0,10.3995,-80960.8
3620.07
ratio: 0.000000
Gen:33
0.938985,0.0565189,0.00449583,0,10.3995,-80960.8
2521.89
ratio: 0.000000
Gen:34
0.938985,0.0565189,0.00449583,0,10.3995,-80960.8
3482.14
ratio: 0.000000
Gen:35
0.938985,0.0565189,0.00449583,0,10.3995,-80960.8
4238.65
ratio: 0.000000
Gen:36
0.938985,0.0565189,0.00449583,0,10.3995,-80960.8
2414.65
ratio: 0.000000
Gen:37
0.938985,0.0565189,0.00449583,0,10.3995,-80960.8
2505.47
ratio: 0.000000
Gen:38
0.938985,0.0565189,0.00449583,0,10.3969,-80940.8
4578.88
Gen:39
0.938985,0.0565189,0.00449583,0,10.3969,-80940.8
3814.37
ratio: 0.000000
Gen:40
0.938985,0.0565189,0.00449583,0,10.3969,-80940.8
3779.45
ratio: 0.000000
Gen:41
0.938985,0.0565189,0.00449583,0,10.3969,-80940.8
3072.7
ratio: 0.000000
Gen:42
0.938985,0.0565189,0.00449583,0,10.3969,-80940.8
4429.19
ratio: 0.000000
Gen:43
0.938985,0.0565189,0.00449583,0,10.3969,-80940.8
3370.26
ratio: 0.000000
Gen:44
0.938985,0.0565189,0.00449583,0,10.3969,-80940.8
4043.2
ratio: 0.000000
Gen:45
0.938985,0.0565189,0.00449583,0,10.3969,-80940.8
2188.58
ratio: 0.000000
Gen:46
0.942839,0.0520231,0.00513809,0,10.3847,-80845.5
2951.78
Gen:47
0.942839,0.0520231,0.00513809,0,10.3847,-80845.5
4113.3
ratio: 0.000001
Gen:48
0.944766,0.0500963,0.00513809,0,10.3751,-80770.4
3355.73
Gen:49
0.944766,0.0500963,0.00513809,0,10.3622,-80670.4
4073.63
Gen:50
0.944766,0.0500963,0.00513809,0,10.3622,-80670.4
4369.28
ratio: 0.000000
Gen:51
0.944766,0.0500963,0.00513809,0,10.3622,-80670.4
3750.54
ratio: 0.000000
Gen:52
0.945408,0.0494541,0.00513809,0,10.3577,-80635.4
3238.82
Gen:53
0.945408,0.0494541,0.00513809,0,10.3571,-80630.4
4709.92
ratio: 0.000062
Gen:54
0.945408,0.0494541,0.00513809,0,10.3571,-80630.4
4709.89
ratio: 0.000000
Gen:55
0.945408,0.0494541,0.00513809,0,10.3571,-80630.4
4358.38
ratio: 0.000000
Gen:56
0.945408,0.0494541,0.00513809,0,10.3571,-80630.4
405.817
ratio: 0.000000
Gen:57
0.945408,0.0494541,0.00513809,0,10.3571,-80630.4
5221.08
ratio: 0.000000
Gen:58
0.945408,0.0494541,0.00513809,0,10.3571,-80630.4
2506.16
ratio: 0.000000
Gen:59
0.945408,0.0494541,0.00513809,0,10.3571,-80630.4
2198.82
ratio: 0.000000
Gen:60
0.945408,0.0494541,0.00513809,0,10.3571,-80630.4
3097.97
ratio: 0.000000
Gen:61
0.945408,0.0494541,0.00513809,0,10.3571,-80630.4
4859.25
ratio: 0.000000
Gen:62
0.945408,0.0494541,0.00513809,0,10.3571,-80630.4
258.137
ratio: 0.000000
Gen:63
0.945408,0.0494541,0.00513809,0,10.3571,-80630.4
4396.28
ratio: 0.000000
Gen:64
0.945408,0.0494541,0.00513809,0,10.3571,-80630.4
2183.75
ratio: 0.000000
Gen:65
0.945408,0.0494541,0.00513809,0,10.3571,-80630.4
4324.59
ratio: 0.000000
Gen:66
0.945408,0.0494541,0.00513809,0,10.3571,-80630.4
4042.62
ratio: 0.000000
Gen:67
0.945408,0.0494541,0.00513809,0,10.3571,-80630.4
2978.13
ratio: 0.000000
Gen:68
0.945408,0.0494541,0.00513809,0,10.3571,-80630.4
4084.56
ratio: 0.000000
Gen:69
0.945408,0.0494541,0.00513809,0,10.3571,-80630.4
4052.22
ratio: 0.000000
Gen:70
0.945408,0.0494541,0.00513809,0,10.3571,-80630.4
4791.61
ratio: 0.000000
Gen:71
0.945408,0.0494541,0.00513809,0,10.3571,-80630.4
5677.79
ratio: 0.000000
Gen:72
0.945408,0.0494541,0.00513809,0,10.3571,-80630.4
4013.66
ratio: 0.000000
FINAL Population size
18
Best : -80630.4   6:11-10-9-6-14-8- ,  9:0-1-2-5-14-6-9-13-12- ,  8:0-1-2-5-7-9-12-10- ,  9:7-9-13-12-10-11-3-1-0- ,  8:4-3-5-7-9-10-12-13- ,  8:4-1-2-5-7-9-10-11- , 

0.945408
0.0494541
0.00513809
0
10.3571
-80630.4
Initial : -90825.5
0.881824
0.118176
0
0
11.6667

-----------------------------------------
Iteration:0 started

Gen:0
0.881824,0.118176,0,0,11.6667,-90825.5
487.89
ratio: 0.000000
Gen:1
0.91201,0.0879897,0,0,11.5042,-89560.5
9297.91
Gen:2
0.865768,0.131021,0.0032113,0,11.1252,-86610.7
8019.56
Gen:3
0.906872,0.0879897,0.00513809,0,11.0328,-85890.7
13368.1
Gen:4
0.909441,0.0854207,0.00513809,0,10.9069,-84910.7
7310.16
Gen:5
0.906872,0.0873475,0.00578035,0,10.7232,-83480.7
4885.99
Gen:6
0.916506,0.0777136,0.00578035,0,10.6557,-82955.7
4076.93
Gen:7
0.916506,0.0777136,0.00578035,0,10.6557,-82955.7
10397.1
ratio: 0.000000
Gen:8
0.918433,0.0757868,0.00578035,0,10.6461,-82880.7
3849.13
Gen:9
0.924213,0.0712909,0.00449583,0,10.6403,-82835.7
6758.55
Gen:10
0.92614,0.0693642,0.00449583,0,10.6307,-82760.7
5496.93
Gen:11
0.928709,0.0667951,0.00449583,0,10.6281,-82740.8
1857.39
Gen:12
0.928709,0.0667951,0.00449583,0,10.6281,-82740.8
3260.1
ratio: 0.000000
Gen:13
0.929994,0.0655106,0.00449583,0,10.6217,-82690.8
4306.43
Gen:14
0.933205,0.0622993,0.00449583,0,10.6057,-82565.8
2968.41
Gen:15
0.933205,0.0622993,0.00449583,0,10.6057,-82565.8
2937.66
ratio: 0.000000
Gen:16
0.94027,0.0552344,0.00449583,0,10.5845,-82400.8
902.325
Gen:17
0.94027,0.0552344,0.00449583,0,10.5845,-82400.8
503.641
ratio: 0.000000
Gen:18
0.94027,0.0552344,0.00449583,0,10.5845,-82400.8
1978.23
ratio: 0.000000
Gen:19
0.94027,0.0552344,0.00449583,0,10.5845,-82400.8
539.922
ratio: 0.000000
Gen:20
0.94027,0.0552344,0.00449583,0,10.5845,-82400.8
3498.34
ratio: 0.000000
Gen:21
0.94027,0.0552344,0.00449583,0,10.5845,-82400.8
4693.68
ratio: 0.000000
Gen:22
0.927425,0.0667951,0.00578035,0,10.4496,-81350.8
573.211
Gen:23
0.937701,0.0565189,0.00578035,0,10.4085,-81030.8
5875.73
Gen:24
0.937701,0.0565189,0.00578035,0,10.4085,-81030.8
1950.24
ratio: 0.000000
Gen:25
0.937701,0.0565189,0.00578035,0,10.4085,-81030.8
3263.57
ratio: 0.000000
Gen:26
0.937701,0.0565189,0.00578035,0,10.4085,-81030.8
2539.93
ratio: 0.000000
Gen:27
0.937701,0.0565189,0.00578035,0,10.4085,-81030.8
4576.93
ratio: 0.000000
Gen:28
0.937701,0.0565189,0.00578035,0,10.4085,-81030.8
2938.18
ratio: 0.000000
Gen:29
0.937701,0.0565189,0.00578035,0,10.4085,-81030.8
1918.33
ratio: 0.000000
Gen:30
0.932563,0.0674374,0,0,10.3988,-80955.9
2868.56
Gen:31
0.932563,0.0674374,0,0,10.3988,-80955.9
2849.63
ratio: 0.000000
Gen:32
0.939627,0.0603725,0,0,10.3732,-80756.1
4201.09
Gen:33
0.939627,0.0603725,0,0,10.3732,-80756.1
924.801
ratio: 0.000000
Gen:34
0.939627,0.0603725,0,0,10.3732,-80756.1
607.853
ratio: 0.000000
Gen:35
0.940912,0.059088,0,0,10.3706,-80736.1
1143.67
Gen:36
0.940912,0.059088,0,0,10.3706,-80736.1
1086.82
ratio: 0.000000
Gen:37
0.94605,0.0539499,0,0,10.3481,-80561.1
5868.85
Gen:38
0.94605,0.0539499,0,0,10.3481,-80561.1
5863.91
ratio: 0.000000
Gen:39
0.94605,0.0539499,0,0,10.3481,-80561.1
4958.37
ratio: 0.000000
Gen:40
0.94605,0.0539499,0,0,10.3481,-80561.1
821.251
ratio: 0.000000
Gen:41
0.94605,0.0539499,0,0,10.3481,-80561.1
864.713
ratio: 0.000000
Gen:42
0.94605,0.0539499,0,0,10.3481,-80561.1
1167.58
ratio: 0.000000
Gen:43
0.94605,0.0539499,0,0,10.3481,-80561.1
877.966
ratio: 0.000000
Gen:44
0.947335,0.0526654,0,0,10.3237,-80371.1
3701.75
Gen:45
0.947335,0.0526654,0,0,10.3237,-80371.1
989.299
ratio: 0.000000
Gen:46
0.947335,0.0526654,0,0,10.3237,-80371.1
963.576
ratio: 0.000000
Gen:47
0.950546,0.0494541,0,0,10.3205,-80346.1
1054.93
Gen:48
0.950546,0.0494541,0,0,10.3205,-80346.1
3693.96
ratio: 0.000000
Gen:49
0.950546,0.0494541,0,0,10.3205,-80346.1
1035
ratio: 0.000000
Gen:50
0.950546,0.0494541,0,0,10.3205,-80346.1
852.009
ratio: 0.000000
Gen:51
0.950546,0.0494541,0,0,10.3205,-80346.1
786.403
ratio: 0.000000
Gen:52
0.953757,0.044316,0.00192678,0,10.3115,-80276.1
771.73
Gen:53
0.953757,0.044316,0.00192678,0,10.3115,-80276.1
993.406
ratio: 0.000000
Gen:54
0.953757,0.044316,0.00192678,0,10.3115,-80276.1
1022.31
ratio: 0.000000
Gen:55
0.953757,0.044316,0.00192678,0,10.3115,-80276.1
1546.8
ratio: 0.000000
Gen:56
0.953757,0.044316,0.00192678,0,10.3115,-80276.1
1670.7
ratio: 0.000000
Gen:57
0.953757,0.044316,0.00192678,0,10.3115,-80276.1
1033.91
ratio: 0.000000
Gen:58
0.953757,0.044316,0.00192678,0,10.3115,-80276.1
702.017
ratio: 0.000000
Gen:59
0.953757,0.044316,0.00192678,0,10.3115,-80276.1
872.952
ratio: 0.000000
Gen:60
0.953757,0.044316,0.00192678,0,10.3115,-80276.1
883.437
ratio: 0.000000
Gen:61
0.953757,0.044316,0.00192678,0,10.3115,-80276.1
710.083
ratio: 0.000000
Gen:62
0.953757,0.044316,0.00192678,0,10.3115,-80276.1
1150.47
ratio: 0.000000
Gen:63
0.953757,0.044316,0.00192678,0,10.3115,-80276.1
1187.02
ratio: 0.000000
Gen:64
0.953757,0.044316,0.00192678,0,10.3115,-80276.1
891.684
ratio: 0.000000
Gen:65
0.953757,0.044316,0.00192678,0,10.3115,-80276.1
277.671
ratio: 0.000000
Gen:66
0.953757,0.044316,0.00192678,0,10.3115,-80276.1
2300.78
ratio: 0.000000
Gen:67
0.953757,0.044316,0.00192678,0,10.3115,-80276.1
1459.89
ratio: 0.000000
Gen:68
0.953757,0.044316,0.00192678,0,10.3115,-80276.1
569.064
ratio: 0.000000
Gen:69
0.953757,0.044316,0.00192678,0,10.3115,-80276.1
629.302
ratio: 0.000000
Gen:70
0.953757,0.044316,0.00192678,0,10.3115,-80276.1
1030.18
ratio: 0.000000
Gen:71
0.953757,0.044316,0.00192678,0,10.3115,-80276.1
1259.54
ratio: 0.000000
Gen:72
0.953757,0.044316,0.00192678,0,10.3115,-80276.1
822.465
ratio: 0.000000
FINAL Population size
18
Best : -80276.1   6:8-14-5-2-1-0- ,  9:11-10-9-6-14-5-2-1-0- ,  4:0-1-3-4- ,  8:6-9-13-12-10-11-3-4- ,  9:8-14-6-9-7-5-3-4-1- ,  9:0-1-2-5-7-9-10-12-13- , 

0.953757
0.044316
0.00192678
0
10.3115
-80276.1
Initial : -90825.4
0.881824
0.118176
0
0
11.6667

-----------------------------------------
Iteration:0 started

Gen:0
0.881824,0.118176,0,0,11.6667,-90825.4
487.89
ratio: 0.000000
Gen:1
0.91201,0.0879897,0,0,11.5042,-89560.4
5909.09
Gen:2
0.919717,0.0802826,0,0,11.4656,-89260.6
6735.86
Gen:3
0.922286,0.0777136,0,0,11.4399,-89060.6
9367.85
Gen:4
0.884393,0.115607,0,0,10.9223,-85030.6
3802.11
Gen:5
0.88632,0.11368,0,0,10.9171,-84990.9
5617.16
Gen:6
0.873475,0.11368,0.0128452,0,10.7457,-83655.7
5007.2
Gen:7
0.919075,0.0777136,0.0032113,0,10.4695,-81505.7
6835.35
Gen:8
0.925498,0.0712909,0.0032113,0,10.4374,-81255.7
7603.04
Gen:9
0.926782,0.0700064,0.0032113,0,10.4348,-81235.7
1073.58
Gen:10
0.928709,0.0680796,0.0032113,0,10.4252,-81160.7
870.375
Gen:11
0.933205,0.0635838,0.0032113,0,10.4027,-80985.7
9499.17
Gen:12
0.933205,0.0635838,0.0032113,0,10.4027,-80985.7
3718.05
ratio: 0.000000
Gen:13
0.935132,0.061657,0.0032113,0,10.3931,-80910.7
12675.8
Gen:14
0.935132,0.061657,0.0032113,0,10.3931,-80910.7
3765.17
ratio: 0.000000
Gen:15
0.937058,0.0597303,0.0032113,0,10.3911,-80895.7
9498.9
Gen:16
0.938343,0.0584457,0.0032113,0,10.3847,-80845.7
708.79
Gen:17
0.938343,0.0584457,0.0032113,0,10.3847,-80845.7
564.507
ratio: 0.000000
Gen:18
0.944123,0.0526654,0.0032113,0,10.3661,-80700.7
459.434
Gen:19
0.944123,0.0526654,0.0032113,0,10.3661,-80700.7
9248.69
ratio: 0.000000
Gen:20
0.944123,0.0526654,0.0032113,0,10.3661,-80700.7
4025.96
ratio: 0.000000
Gen:21
0.944123,0.0526654,0.0032113,0,10.3661,-80700.7
9307.21
ratio: 0.000000
Gen:22
0.944123,0.0526654,0.0032113,0,10.3661,-80700.7
6595.53
ratio: 0.000000
Gen:23
0.944123,0.0526654,0.0032113,0,10.3635,-80680.7
2974.55
Gen:24
0.944123,0.0526654,0.0032113,0,10.3635,-80680.7
6174.26
ratio: 0.000000
Gen:25
0.944123,0.0526654,0.0032113,0,10.3635,-80680.7
7066.65
ratio: 0.000000
Gen:26
0.944123,0.0526654,0.0032113,0,10.3635,-80680.7
8967.89
ratio: 0.000000
Gen:27
0.944123,0.0526654,0.0032113,0,10.3635,-80680.7
496.172
ratio: 0.000000
Gen:28
0.944123,0.0526654,0.0032113,0,10.3635,-80680.7
8991.96
ratio: 0.000000
Gen:29
0.944123,0.0526654,0.0032113,0,10.3635,-80680.7
2949.87
ratio: 0.000000
Gen:30
0.944123,0.0526654,0.0032113,0,10.3635,-80680.7
2932.77
ratio: 0.000000
Gen:31
0.944123,0.0526654,0.0032113,0,10.3635,-80680.7
264.919
ratio: 0.000000
Gen:32
0.944123,0.0526654,0.0032113,0,10.3635,-80680.7
4034.32
ratio: 0.000000
Gen:33
0.944123,0.0526654,0.0032113,0,10.3635,-80680.7
4059.94
ratio: 0.000000
Gen:34
0.944123,0.0526654,0.0032113,0,10.3635,-80680.7
3969.84
ratio: 0.000000
Gen:35
0.944123,0.0526654,0.0032113,0,10.3635,-80680.7
314.313
ratio: 0.000000
Gen:36
0.947335,0.0507386,0.00192678,0,10.3436,-80525.7
6675.08
Gen:37
0.947335,0.0507386,0.00192678,0,10.3436,-80525.7
715.753
ratio: 0.000000
Gen:38
0.955042,0.0430315,0.00192678,0,10.3051,-80225.7
408.272
Gen:39
0.957611,0.0404624,0.00192678,0,10.2922,-80125.7
809.781
Gen:40
0.957611,0.0404624,0.00192678,0,10.2922,-80125.7
852.176
ratio: 0.000000
Gen:41
0.957611,0.0404624,0.00192678,0,10.2922,-80125.7
726.24
ratio: 0.000000
Gen:42
0.957611,0.0404624,0.00192678,0,10.2922,-80125.7
3519.86
ratio: 0.000000
Gen:43
0.957611,0.0404624,0.00192678,0,10.2922,-80125.7
357.094
ratio: 0.000000
Gen:44
0.957611,0.0404624,0.00192678,0,10.2922,-80125.7
2977.52
ratio: 0.000000
Gen:45
0.957611,0.0404624,0.00192678,0,10.2922,-80125.7
844.042
ratio: 0.000000
Gen:46
0.957611,0.0404624,0.00192678,0,10.2922,-80125.7
2984.33
ratio: 0.000000
Gen:47
0.957611,0.0404624,0.00192678,0,10.2922,-80125.7
4030.32
ratio: 0.000000
Gen:48
0.957611,0.0404624,0.00192678,0,10.2922,-80125.7
940.016
ratio: 0.000000
Gen:49
0.957611,0.0404624,0.00192678,0,10.2903,-80110.7
2984.51
Gen:50
0.957611,0.0404624,0.00192678,0,10.2903,-80110.7
800.412
ratio: 0.000000
Gen:51
0.964033,0.0359666,0,0,10.2235,-79590.9
2958.85
Gen:52
0.964033,0.0359666,0,0,10.2235,-79590.9
792.993
ratio: 0.000000
Gen:53
0.964033,0.0359666,0,0,10.2235,-79590.9
317.266
ratio: 0.000000
Gen:54
0.964033,0.0359666,0,0,10.2235,-79590.9
4045.15
ratio: 0.000000
Gen:55
0.964033,0.0359666,0,0,10.2235,-79590.9
2977.06
ratio: 0.000000
Gen:56
0.964033,0.0359666,0,0,10.2235,-79590.9
2936.81
ratio: 0.000000
Gen:57
0.964033,0.0359666,0,0,10.2235,-79590.9
3000.88
ratio: 0.000000
Gen:58
0.964033,0.0359666,0,0,10.2235,-79590.9
3015.2
ratio: 0.000000
Gen:59
0.964033,0.0359666,0,0,10.2235,-79590.9
444.404
ratio: 0.000000
Gen:60
0.964033,0.0359666,0,0,10.2235,-79590.9
817.423
ratio: 0.000000
Gen:61
0.964033,0.0359666,0,0,10.2235,-79590.9
2955.77
ratio: 0.000000
Gen:62
0.964033,0.0359666,0,0,10.2235,-79590.9
4030.12
ratio: 0.000000
Gen:63
0.964033,0.0359666,0,0,10.2235,-79590.9
4003.5
ratio: 0.000000
Gen:64
0.964033,0.0359666,0,0,10.2235,-79590.9
965.432
ratio: 0.000000
Gen:65
0.964033,0.0359666,0,0,10.2235,-79590.9
670.524
ratio: 0.000000
Gen:66
0.964033,0.0359666,0,0,10.2235,-79590.9
2973
ratio: 0.000000
Gen:67
0.964033,0.0359666,0,0,10.2235,-79590.9
2985.9
ratio: 0.000000
Gen:68
0.964033,0.0359666,0,0,10.2235,-79590.9
4026.87
ratio: 0.000000
Gen:69
0.964033,0.0359666,0,0,10.2235,-79590.9
756.183
ratio: 0.000000
Gen:70
0.964033,0.0359666,0,0,10.2235,-79590.9
3002.12
ratio: 0.000000
Gen:71
0.964033,0.0359666,0,0,10.2235,-79590.9
687.383
ratio: 0.000000
FINAL Population size
18
Best : -79590.9   9:13-9-6-14-5-3-4-1-0- ,  9:7-14-6-9-10-11-3-1-0- ,  9:0-1-2-5-14-6-9-13-12- ,  9:7-9-13-12-10-11-3-1-2- ,  8:8-14-6-9-7-5-3-4- ,  9:0-1-2-5-7-9-10-11-3- , 

0.964033
0.0359666
0
0
10.2235
-79590.9
Initial : -90825.4
0.881824
0.118176
0
0
11.6667

-----------------------------------------
Iteration:0 started

Gen:0
0.881824,0.118176,0,0,11.6667,-90825.4
487.89
ratio: 0.000000
Gen:1
0.894669,0.105331,0,0,11.5742,-90105.4
7318.24
Gen:2
0.894669,0.105331,0,0,11.5742,-90105.4
4403.1
ratio: 0.000000
Gen:3
0.847142,0.148362,0.00449583,0,11.097,-86390.6
4566.42
Gen:4
0.854849,0.145151,0,0,11.0816,-86270.7
4122.7
Gen:5
0.854849,0.145151,0,0,11.0816,-86270.7
6850.47
ratio: 0.000000
Gen:6
0.854849,0.145151,0,0,11.0713,-86190.7
4628.61
Gen:7
0.879897,0.107258,0.0128452,0,10.9229,-85035.6
3005.81
Gen:8
0.881824,0.0725755,0.0456005,0,10.9178,-84996
1702.95
Gen:9
0.890173,0.0667951,0.0430315,0,10.8304,-84316.1
1282.91
Gen:10
0.890173,0.0667951,0.0430315,0,10.8112,-84166.1
1219.91
Gen:11
0.891458,0.0661529,0.0423892,0,10.7983,-84066.1
1701.63
Gen:12
0.887604,0.0931278,0.0192678,0,10.6917,-83236.1
631.665
Gen:13
0.887604,0.0931278,0.0192678,0,10.6917,-83236.1
888.122
ratio: 0.000000
Gen:14
0.889531,0.091201,0.0192678,0,10.6879,-83206.1
9407.09
Gen:15
0.892742,0.0879897,0.0192678,0,10.6737,-83096.1
8890.65
Gen:16
0.892742,0.0879897,0.0192678,0,10.6737,-83096.1
10541.7
ratio: 0.000000
Gen:17
0.899807,0.0841362,0.0160565,0,10.6301,-82756.1
622.84
Gen:18
0.906872,0.0931278,0,0,10.5067,-81796.3
1062.16
Gen:19
0.910726,0.0892742,0,0,10.4952,-81706.3
1031.19
Gen:20
0.911368,0.088632,0,0,10.4843,-81621.3
1079.04
Gen:21
0.911368,0.088632,0,0,10.4843,-81621.3
5804.57
ratio: 0.000000
Gen:22
0.922286,0.0777136,0,0,10.4502,-81356.3
855.59
Gen:23
0.924213,0.0757868,0,0,10.4329,-81221.3
347.723
Gen:24
0.924213,0.0757868,0,0,10.4329,-81221.3
357.548
ratio: 0.000000
Gen:25
0.924213,0.0757868,0,0,10.4329,-81221.3
351.521
ratio: 0.000000
Gen:26
0.924213,0.0757868,0,0,10.4329,-81221.3
352.697
ratio: 0.000000
Gen:27
0.925498,0.0745022,0,0,10.4207,-81126.3
375.467
Gen:28
0.925498,0.0745022,0,0,10.4207,-81126.3
763.772
ratio: 0.000000
Gen:29
0.925498,0.0745022,0,0,10.4207,-81126.3
844.461
ratio: 0.000000
Gen:30
0.925498,0.0745022,0,0,10.4207,-81126.3
502.873
ratio: 0.000000
Gen:31
0.925498,0.0745022,0,0,10.4207,-81126.3
543.982
ratio: 0.000000
Gen:32
0.925498,0.0745022,0,0,10.4207,-81126.3
894.408
ratio: 0.000000
Gen:33
0.925498,0.0745022,0,0,10.4207,-81126.3
1038.29
ratio: 0.000000
Gen:34
0.925498,0.0745022,0,0,10.4207,-81126.3
780.351
ratio: 0.000000
Gen:35
0.925498,0.0745022,0,0,10.4207,-81126.3
837.12
ratio: 0.000000
Gen:36
0.925498,0.0745022,0,0,10.4207,-81126.3
821.855
ratio: 0.000000
Gen:37
0.925498,0.0745022,0,0,10.4207,-81126.3
924.502
ratio: 0.000000
Gen:38
0.925498,0.0745022,0,0,10.4207,-81126.3
872.845
ratio: 0.000000
Gen:39
0.925498,0.0745022,0,0,10.4207,-81126.3
715.622
ratio: 0.000000
Gen:40
0.925498,0.0745022,0,0,10.4207,-81126.3
434.335
ratio: 0.000000
Gen:41
0.946692,0.0507386,0.00256904,0,10.334,-80451.2
965.141
Gen:42
0.946692,0.0507386,0.00256904,0,10.334,-80451.2
412.259
ratio: 0.000000
Gen:43
0.946692,0.0507386,0.00256904,0,10.334,-80451.2
4321.7
ratio: 0.000000
Gen:44
0.946692,0.0507386,0.00256904,0,10.334,-80451.2
5758.49
ratio: 0.000001
Gen:45
0.946692,0.0507386,0.00256904,0,10.334,-80451.2
4180.15
ratio: 0.000000
Gen:46
0.949904,0.046885,0.0032113,0,10.3192,-80336.1
4703.51
Gen:47
0.949904,0.046885,0.0032113,0,10.3192,-80336.1
3502.67
ratio: 0.000004
Gen:48
0.949904,0.046885,0.0032113,0,10.3115,-80275.8
5065.72
Gen:49
0.949904,0.046885,0.0032113,0,10.3115,-80275.8
714.599
ratio: 0.000000
Gen:50
0.949904,0.046885,0.0032113,0,10.3115,-80275.8
5493.79
ratio: 0.000000
Gen:51
0.951188,0.0456005,0.0032113,0,10.3051,-80225.8
564.552
Gen:52
0.951188,0.0456005,0.0032113,0,10.3051,-80225.8
3128.89
ratio: 0.000000
Gen:53
0.951188,0.0456005,0.0032113,0,10.3051,-80225.8
4800.49
ratio: 0.000000
Gen:54
0.95183,0.0449583,0.0032113,0,10.3044,-80220.8
4488.36
ratio: 0.000062
Gen:55
0.95183,0.0449583,0.0032113,0,10.3044,-80220.8
4441.55
ratio: 0.000000
Gen:56
0.95183,0.0449583,0.0032113,0,10.3044,-80220.8
5393.74
ratio: 0.000000
Gen:57
0.95183,0.0449583,0.0032113,0,10.3044,-80220.8
4046.89
ratio: 0.000000
Gen:58
0.95183,0.0449583,0.0032113,0,10.3044,-80220.8
1231.56
ratio: 0.000000
Gen:59
0.95183,0.0449583,0.0032113,0,10.3044,-80220.8
3136.51
ratio: 0.000000
Gen:60
0.95183,0.0449583,0.0032113,0,10.3044,-80220.8
4148.03
ratio: 0.000000
Gen:61
0.95183,0.0449583,0.0032113,0,10.3044,-80220.8
1822.9
ratio: 0.000000
Gen:62
0.95183,0.0449583,0.0032113,0,10.3044,-80220.8
5117.74
ratio: 0.000000
Gen:63
0.95183,0.0449583,0.0032113,0,10.3044,-80220.8
5040.55
ratio: 0.000000
Gen:64
0.95183,0.0449583,0.0032113,0,10.3044,-80220.8
4124.12
ratio: 0.000000
Gen:65
0.95183,0.0449583,0.0032113,0,10.3044,-80220.8
4538.28
ratio: 0.000000
Gen:66
0.95183,0.0449583,0.0032113,0,10.3044,-80220.8
4773.35
ratio: 0.000000
Gen:67
0.95183,0.0449583,0.0032113,0,10.289,-80100.8
1234.12
Gen:68
0.95183,0.0449583,0.0032113,0,10.289,-80100.8
7127.87
ratio: 0.000000
Gen:69
0.95183,0.0449583,0.0032113,0,10.2852,-80070.8
4127.63
Gen:70
0.95183,0.0449583,0.0032113,0,10.2852,-80070.8
3117.31
ratio: 0.000000
Gen:71
0.95183,0.0449583,0.0032113,0,10.2852,-80070.8
3038.51
ratio: 0.000001
Gen:72
0.95183,0.0449583,0.0032113,0,10.2852,-80070.8
1226.5
ratio: 0.000000
Gen:73
0.95183,0.0449583,0.0032113,0,10.2852,-80070.8
5602.9
ratio: 0.000000
Gen:74
0.95183,0.0449583,0.0032113,0,10.2852,-80070.8
4150.17
ratio: 0.000000
Gen:75
0.95183,0.0449583,0.0032113,0,10.2852,-80070.8
5426.71
ratio: 0.000000
Gen:76
0.95183,0.0449583,0.0032113,0,10.2852,-80070.8
4964
ratio: 0.000000
Gen:77
0.95183,0.0449583,0.0032113,0,10.2852,-80070.8
4101.24
ratio: 0.000000
Gen:78
0.95183,0.0449583,0.0032113,0,10.2852,-80070.8
7113.77
ratio: 0.000000
Gen:79
0.95183,0.0449583,0.0032113,0,10.2852,-80070.8
6989.99
ratio: 0.000000
Gen:80
0.95183,0.0449583,0.0032113,0,10.2852,-80070.8
3156.63
ratio: 0.000000
Gen:81
0.95183,0.0449583,0.0032113,0,10.2852,-80070.8
5039.35
ratio: 0.000000
Gen:82
0.95183,0.0449583,0.0032113,0,10.2852,-80070.8
3636.56
ratio: 0.000000
Gen:83
0.95183,0.0449583,0.0032113,0,10.2852,-80070.8
6487.47
ratio: 0.000000
Gen:84
0.954399,0.0423892,0.0032113,0,10.2775,-80011
6174.68
Gen:85
0.954399,0.0423892,0.0032113,0,10.2775,-80011
5500.5
ratio: 0.000000
Gen:86
0.954399,0.0423892,0.0032113,0,10.2775,-80011
3479.8
ratio: 0.000000
Gen:87
0.954399,0.0423892,0.0032113,0,10.2775,-80011
5486.94
ratio: 0.000000
Gen:88
0.954399,0.0423892,0.0032113,0,10.2775,-80011
4091.75
ratio: 0.000000
Gen:89
0.954399,0.0423892,0.0032113,0,10.2775,-80011
6507.68
ratio: 0.000000
Gen:90
0.954399,0.0423892,0.0032113,0,10.2775,-80011
3607.13
ratio: 0.000000
Gen:91
0.954399,0.0423892,0.0032113,0,10.2775,-80011
7366.32
ratio: 0.000000
Gen:92
0.954399,0.0423892,0.0032113,0,10.2775,-80011
5845.61
ratio: 0.000000
Gen:93
0.954399,0.0423892,0.0032113,0,10.2775,-80011
6102.52
ratio: 0.000000
Gen:94
0.954399,0.0423892,0.0032113,0,10.2775,-80011
5511.23
ratio: 0.000000
Gen:95
0.954399,0.0423892,0.0032113,0,10.2775,-80011
5625.72
ratio: 0.000000
Gen:96
0.954399,0.0423892,0.0032113,0,10.2775,-80011
4379.39
ratio: 0.000000
Gen:97
0.954399,0.0423892,0.0032113,0,10.2775,-80011
6363
ratio: 0.000000
Gen:98
0.954399,0.0423892,0.0032113,0,10.2775,-80011
3309.64
ratio: 0.000000
Gen:99
0.954399,0.0423892,0.0032113,0,10.2775,-80011
5579.78
ratio: 0.000000
Gen:100
0.954399,0.0423892,0.0032113,0,10.2775,-80011
6663
ratio: 0.000000
Gen:101
0.954399,0.0423892,0.0032113,0,10.2775,-80011
5596.25
ratio: 0.000000
Gen:102
0.954399,0.0423892,0.0032113,0,10.2775,-80011
4786.25
ratio: 0.000000
Gen:103
0.954399,0.0423892,0.0032113,0,10.2775,-80011
6142.05
ratio: 0.000000
Gen:104
0.954399,0.0423892,0.0032113,0,10.2775,-80011
7862.88
ratio: 0.000000
FINAL Population size
18
Best : -80011   9:13-12-9-6-14-5-2-1-0- ,  9:8-14-6-9-10-11-3-1-0- ,  8:0-1-2-5-7-9-13-12- ,  9:14-7-9-13-12-10-11-3-5- ,  9:12-10-9-7-5-3-4-1-2- ,  8:11-3-1-2-5-7-9-10- , 

0.954399
0.0423892
0.0032113
0
10.2775
-80011
Initial : -90825.3
0.881824
0.118176
0
0
11.6667

-----------------------------------------
Iteration:0 started

Gen:0
0.881824,0.118176,0,0,11.6667,-90825.3
487.89
ratio: 0.000000
Gen:1
0.884393,0.115607,0,0,11.6179,-90445.6
5709.66
Gen:2
0.914579,0.0854207,0,0,11.4554,-89180.6
6233.57
Gen:3
0.915864,0.0841362,0,0,11.4438,-89090.6
5368.97
Gen:4
0.919075,0.0809249,0,0,11.4303,-88985.7
8200.37
Gen:5
0.924213,0.0757868,0,0,11.4078,-88810.7
8505.96
Gen:6
0.901092,0.0969814,0.00192678,0,10.7617,-83780.7
5056.77
Gen:7
0.903661,0.0944123,0.00192678,0,10.7592,-83760.7
5439.32
Gen:8
0.903661,0.0944123,0.00192678,0,10.7592,-83760.7
3427.6
ratio: 0.000000
Gen:9
0.905588,0.0924855,0.00192678,0,10.7495,-83685.7
1585.81
Gen:10
0.905588,0.0924855,0.00192678,0,10.7495,-83685.7
4437.69
ratio: 0.000000
Gen:11
0.907514,0.0905588,0.00192678,0,10.7367,-83585.7
2918.66
Gen:12
0.907514,0.0905588,0.00192678,0,10.7367,-83585.7
2094.12
ratio: 0.000000
Gen:13
0.907514,0.0905588,0.00192678,0,10.7367,-83585.7
3363.63
ratio: 0.000000
Gen:14
0.924213,0.07386,0.00192678,0,10.7219,-83470.6
2138.08
Gen:15
0.924213,0.07386,0.00192678,0,10.7219,-83470.6
3198.11
ratio: 0.000000
Gen:16
0.915222,0.0789981,0.00578035,0,10.6724,-83085.6
4921.72
Gen:17
0.924855,0.0732177,0.00192678,0,10.6044,-82555.6
519.573
Gen:18
0.924855,0.0732177,0.00192678,0,10.6044,-82555.6
4898.46
ratio: 0.000000
Gen:19
0.930636,0.0674374,0.00192678,0,10.5793,-82360.6
9340.65
Gen:20
0.922929,0.0751445,0.00192678,0,10.474,-81540.6
9652.75
Gen:21
0.922929,0.0751445,0.00192678,0,10.474,-81540.6
823.068
ratio: 0.000000
Gen:22
0.922929,0.0751445,0.00192678,0,10.474,-81540.6
13154.5
ratio: 0.000000
Gen:23
0.922929,0.0751445,0.00192678,0,10.474,-81540.6
2965.34
ratio: 0.000000
Gen:24
0.922929,0.0751445,0.00192678,0,10.474,-81540.6
15053.9
ratio: 0.000000
Gen:25
0.922929,0.0751445,0.00192678,0,10.474,-81540.6
9509.43
ratio: 0.000000
Gen:26
0.924855,0.0732177,0.00192678,0,10.4656,-81475.6
571.022
Gen:27
0.924855,0.0732177,0.00192678,0,10.4554,-81395.6
4059.96
Gen:28
0.924855,0.0732177,0.00192678,0,10.4554,-81395.6
4703.21
ratio: 0.000003
Gen:29
0.924855,0.0732177,0.00192678,0,10.4554,-81395.6
1349.57
ratio: 0.000000
Gen:30
0.924855,0.0732177,0.00192678,0,10.4554,-81395.6
1148.44
ratio: 0.000000
Gen:31
0.924855,0.0732177,0.00192678,0,10.4554,-81395.6
695.448
ratio: 0.000000
Gen:32
0.924855,0.0732177,0.00192678,0,10.4554,-81395.6
793.39
ratio: 0.000000
Gen:33
0.924855,0.0732177,0.00192678,0,10.4554,-81395.6
3004.36
ratio: 0.000000
Gen:34
0.924855,0.0732177,0.00192678,0,10.4554,-81395.6
3996.77
ratio: 0.000000
Gen:35
0.924855,0.0732177,0.00192678,0,10.4554,-81395.6
683.661
ratio: 0.000000
Gen:36
0.924855,0.0732177,0.00192678,0,10.4554,-81395.6
544.263
ratio: 0.000000
Gen:37
0.924855,0.0732177,0.00192678,0,10.4554,-81395.6
6003.97
ratio: 0.000000
Gen:38
0.924855,0.0732177,0.00192678,0,10.4554,-81395.6
675.017
ratio: 0.000000
Gen:39
0.924855,0.0732177,0.00192678,0,10.4554,-81395.6
983.556
ratio: 0.000000
Gen:40
0.924855,0.0732177,0.00192678,0,10.4554,-81395.6
6098.28
ratio: 0.000000
Gen:41
0.924855,0.0732177,0.00192678,0,10.4554,-81395.6
3008.76
ratio: 0.000000
Gen:42
0.924855,0.0732177,0.00192678,0,10.4554,-81395.6
4072.06
ratio: 0.000000
Gen:43
0.924855,0.0732177,0.00192678,0,10.4554,-81395.6
3975.39
ratio: 0.000000
Gen:44
0.924855,0.0732177,0.00192678,0,10.4554,-81395.6
7462.33
ratio: 0.000000
Gen:45
0.924855,0.0732177,0.00192678,0,10.4554,-81395.6
3016.47
ratio: 0.000000
Gen:46
0.924855,0.0732177,0.00192678,0,10.4554,-81395.6
8951.36
ratio: 0.000000
Gen:47
0.924855,0.0732177,0.00192678,0,10.4554,-81395.6
4757.17
ratio: 0.000000
FINAL Population size
18
Best : -81395.6   9:2-1-3-5-7-9-10-12-13- ,  9:12-13-9-6-14-5-3-4-1- ,  9:0-1-2-5-3-11-10-9-6- ,  8:7-9-6-14-5-2-1-0- ,  9:8-14-6-9-7-5-3-4-1- ,  8:0-1-2-5-7-9-10-11- , 

0.924855
0.0732177
0.00192678
0
10.4554
-81395.6
All Run Best : -79590.9   9:13-9-6-14-5-3-4-1-0- ,  9:7-14-6-9-10-11-3-1-0- ,  9:0-1-2-5-14-6-9-13-12- ,  9:7-9-13-12-10-11-3-1-2- ,  8:8-14-6-9-7-5-3-4- ,  9:0-1-2-5-7-9-10-11-3- , 

0.964033
0.0359666
0
0
10.2235
-79590.9
