routeSetSize:6,pSwap:0.06667,popSize:18,elite:2,pSm:0.7,pDelete:0.4,tFit:10,maxGen:200,maxIter:1,beta:0.8,run:5,stableCount:40,e:0.7,minGen:10,minFitnessRatio:1e-05,minRouteLength:2,maxRouteLength:8,maxRouteLength:8, OpATT19.2695
Initial : -5.87518e+07
0.0599064
0.0934653
0.0486873
0.797941
28.3616

-----------------------------------------
Iteration:0 started

Gen:0
0.0697913,0.120747,0.0835233,0.725938,31.8528,-5.68365e+07
1.12377e+06
Gen:1
0.0734463,0.141156,0.0561996,0.729198,30.098,-5.64963e+07
823267
Gen:2
0.0693033,0.162042,0.0858543,0.682801,31.2185,-5.50882e+07
501568
Gen:3
0.0721743,0.148543,0.0932213,0.686061,29.4393,-5.46698e+07
1.27931e+06
Gen:4
0.0744015,0.153154,0.0922245,0.68022,29.1277,-5.43498e+07
1.47764e+06
Gen:5
0.0775529,0.160868,0.0971669,0.664412,29.9081,-5.39908e+07
850908
Gen:6
0.080102,0.169731,0.0859581,0.664209,29.2267,-5.37628e+07
1.271e+06
Gen:7
0.0812701,0.166439,0.0743029,0.677988,27.3965,-5.37266e+07
814020
Gen:8
0.0855169,0.175467,0.0776671,0.661349,27.5975,-5.31211e+07
1.21162e+06
Gen:9
0.0855169,0.175467,0.0776671,0.661349,27.5975,-5.31211e+07
929265
ratio: 0.000000
Gen:10
0.0887616,0.181365,0.0716188,0.658254,27.5337,-5.29759e+07
808362
Gen:11
0.0887616,0.181365,0.0716188,0.658254,27.5337,-5.29759e+07
960404
ratio: 0.000000
Gen:12
0.0887616,0.181365,0.0716188,0.658254,27.5337,-5.29759e+07
1.20406e+06
ratio: 0.000000
Gen:13
0.0887616,0.181365,0.0716188,0.658254,27.5337,-5.29759e+07
855218
ratio: 0.000000
Gen:14
0.0894262,0.20899,0.0669256,0.634658,30.1823,-5.29594e+07
594485
Gen:15
0.0894262,0.20899,0.0669256,0.634658,30.1823,-5.29594e+07
911752
ratio: 0.000000
Gen:16
0.0894262,0.20899,0.0669256,0.634658,30.1823,-5.29594e+07
1.07773e+06
ratio: 0.000000
Gen:17
0.0894262,0.20899,0.0669256,0.634658,30.1823,-5.29594e+07
747391
ratio: 0.000000
Gen:18
0.0894262,0.20899,0.0669256,0.634658,30.1823,-5.29594e+07
1.0369e+06
ratio: 0.000000
Gen:19
0.0894262,0.20899,0.0669256,0.634658,30.1823,-5.29594e+07
984477
ratio: 0.000000
Gen:20
0.0894262,0.20899,0.0669256,0.634658,30.1823,-5.29594e+07
1.1974e+06
ratio: 0.000000
Gen:21
0.0894262,0.20899,0.0669256,0.634658,30.1823,-5.29594e+07
1.09126e+06
ratio: 0.000000
Gen:22
0.0894262,0.20899,0.0669256,0.634658,30.1823,-5.29594e+07
623292
ratio: 0.000000
Gen:23
0.0894262,0.20899,0.0669256,0.634658,30.1823,-5.29594e+07
981189
ratio: 0.000000
Gen:24
0.0894262,0.20899,0.0669256,0.634658,30.1823,-5.29594e+07
759879
ratio: 0.000000
Gen:25
0.0894262,0.20899,0.0669256,0.634658,30.1823,-5.29594e+07
876650
ratio: 0.000000
Gen:26
0.089151,0.205413,0.0666192,0.638817,28.871,-5.26598e+07
1.04646e+06
Gen:27
0.089151,0.205413,0.0666192,0.638817,28.871,-5.26598e+07
1.17828e+06
ratio: 0.000000
Gen:28
0.089151,0.205413,0.0666192,0.638817,28.871,-5.26598e+07
757259
ratio: 0.000000
Gen:29
0.089151,0.205413,0.0666192,0.638817,28.871,-5.26598e+07
905225
ratio: 0.000000
Gen:30
0.089151,0.205413,0.0666192,0.638817,28.871,-5.26598e+07
1.08234e+06
ratio: 0.000000
Gen:31
0.089151,0.205413,0.0666192,0.638817,28.871,-5.26598e+07
644284
ratio: 0.000000
Gen:32
0.0931122,0.211466,0.0761252,0.619296,30.4293,-5.24717e+07
824890
Gen:33
0.0931122,0.211466,0.0761252,0.619296,30.4293,-5.24717e+07
710830
ratio: 0.000000
Gen:34
0.0924789,0.212375,0.0939377,0.601209,31.6528,-5.2265e+07
772745
Gen:35
0.0924789,0.212375,0.0939377,0.601209,31.6528,-5.2265e+07
561841
ratio: 0.000000
Gen:36
0.0961545,0.219233,0.103459,0.581153,32.2141,-5.17648e+07
747730
Gen:37
0.0961545,0.219233,0.103459,0.581153,32.2141,-5.17648e+07
982366
ratio: 0.000000
Gen:38
0.0961545,0.219233,0.103459,0.581153,32.2141,-5.17648e+07
869238
ratio: 0.000000
Gen:39
0.0961545,0.219233,0.103459,0.581153,32.2141,-5.17648e+07
1.22977e+06
ratio: 0.000000
Gen:40
0.0961545,0.219233,0.103459,0.581153,32.2141,-5.17648e+07
688131
ratio: 0.000000
Gen:41
0.0961545,0.219233,0.103459,0.581153,32.2141,-5.17648e+07
531303
ratio: 0.000000
Gen:42
0.0969956,0.232804,0.103174,0.567027,32.9898,-5.15842e+07
679351
Gen:43
0.0969956,0.232804,0.103174,0.567027,32.9898,-5.15842e+07
855241
ratio: 0.000000
Gen:44
0.0969956,0.232804,0.103174,0.567027,32.9898,-5.15842e+07
864898
ratio: 0.000000
Gen:45
0.0969956,0.232804,0.103174,0.567027,32.9898,-5.15842e+07
487026
ratio: 0.000000
Gen:46
0.0956769,0.226496,0.128431,0.549396,34.3856,-5.15738e+07
1.27287e+06
Gen:47
0.0956769,0.226496,0.128431,0.549396,34.3856,-5.15738e+07
764880
ratio: 0.000000
Gen:48
0.0956769,0.226496,0.128431,0.549396,34.3856,-5.15738e+07
525013
ratio: 0.000000
Gen:49
0.0956769,0.226496,0.128431,0.549396,34.3856,-5.15738e+07
654165
ratio: 0.000000
Gen:50
0.0956769,0.226496,0.128431,0.549396,34.3856,-5.15738e+07
1.13192e+06
ratio: 0.000000
Gen:51
0.0956769,0.226496,0.128431,0.549396,34.3856,-5.15738e+07
838407
ratio: 0.000000
Gen:52
0.0956769,0.226496,0.128431,0.549396,34.3856,-5.15738e+07
804283
ratio: 0.000000
Gen:53
0.0956769,0.226496,0.128431,0.549396,34.3856,-5.15738e+07
797087
ratio: 0.000000
Gen:54
0.0956769,0.226496,0.128431,0.549396,34.3856,-5.15738e+07
944626
ratio: 0.000000
Gen:55
0.0972915,0.22714,0.106206,0.569363,32.3919,-5.14178e+07
1.24778e+06
Gen:56
0.0972915,0.22714,0.106206,0.569363,32.3919,-5.14178e+07
1.03482e+06
ratio: 0.000000
Gen:57
0.0972915,0.22714,0.106206,0.569363,32.3919,-5.14178e+07
1.38674e+06
ratio: 0.000000
Gen:58
0.0972915,0.22714,0.106206,0.569363,32.3919,-5.14178e+07
1.29078e+06
ratio: 0.000000
Gen:59
0.0972915,0.22714,0.106206,0.569363,32.3919,-5.14178e+07
1.03272e+06
ratio: 0.000000
Gen:60
0.0972915,0.22714,0.106206,0.569363,32.3919,-5.14178e+07
1.02024e+06
ratio: 0.000000
Gen:61
0.0972915,0.22714,0.106206,0.569363,32.3919,-5.14178e+07
761266
ratio: 0.000000
Gen:62
0.0972915,0.22714,0.106206,0.569363,32.3919,-5.14178e+07
1.08744e+06
ratio: 0.000000
Gen:63
0.0972915,0.22714,0.106206,0.569363,32.3919,-5.14178e+07
690181
ratio: 0.000000
Gen:64
0.0972915,0.22714,0.106206,0.569363,32.3919,-5.14178e+07
1.02909e+06
ratio: 0.000000
Gen:65
0.0972915,0.22714,0.106206,0.569363,32.3919,-5.14178e+07
874296
ratio: 0.000000
Gen:66
0.0972915,0.22714,0.106206,0.569363,32.3919,-5.14178e+07
508403
ratio: 0.000000
Gen:67
0.0972915,0.22714,0.106206,0.569363,32.3919,-5.14178e+07
1.00227e+06
ratio: 0.000000
Gen:68
0.0972915,0.22714,0.106206,0.569363,32.3919,-5.14178e+07
1.01306e+06
ratio: 0.000000
Gen:69
0.0969852,0.227119,0.107467,0.568429,32.3499,-5.13672e+07
1.02159e+06
Gen:70
0.0969852,0.227119,0.107467,0.568429,32.3499,-5.13672e+07
850700
ratio: 0.000000
Gen:71
0.0969852,0.227119,0.107467,0.568429,32.3499,-5.13672e+07
873680
ratio: 0.000000
Gen:72
0.0969852,0.227119,0.107467,0.568429,32.3499,-5.13672e+07
1.40029e+06
ratio: 0.000000
Gen:73
0.0969852,0.227119,0.107467,0.568429,32.3499,-5.13672e+07
1.00023e+06
ratio: 0.000000
Gen:74
0.0969852,0.227119,0.107467,0.568429,32.3499,-5.13672e+07
1.24834e+06
ratio: 0.000000
Gen:75
0.0969852,0.227119,0.107467,0.568429,32.3499,-5.13672e+07
1.19821e+06
ratio: 0.000000
Gen:76
0.0969852,0.227119,0.107467,0.568429,32.3499,-5.13672e+07
847260
ratio: 0.000000
Gen:77
0.0969852,0.227119,0.107467,0.568429,32.3499,-5.13672e+07
1.11946e+06
ratio: 0.000000
Gen:78
0.0969852,0.227119,0.107467,0.568429,32.3499,-5.13672e+07
1.23674e+06
ratio: 0.000000
Gen:79
0.0969852,0.227119,0.107467,0.568429,32.3499,-5.13672e+07
734626
ratio: 0.000000
Gen:80
0.0969852,0.227119,0.107467,0.568429,32.3499,-5.13672e+07
792074
ratio: 0.000000
Gen:81
0.0969852,0.227119,0.107467,0.568429,32.3499,-5.13672e+07
880099
ratio: 0.000000
Gen:82
0.0969852,0.227119,0.107467,0.568429,32.3499,-5.13672e+07
965953
ratio: 0.000000
Gen:83
0.0969852,0.227119,0.107467,0.568429,32.3499,-5.13672e+07
645886
ratio: 0.000000
Gen:84
0.0969852,0.227119,0.107467,0.568429,32.3499,-5.13672e+07
967158
ratio: 0.000000
Gen:85
0.0969852,0.227119,0.107467,0.568429,32.3499,-5.13672e+07
1.00074e+06
ratio: 0.000000
Gen:86
0.0969852,0.227119,0.107467,0.568429,32.3499,-5.13672e+07
718449
ratio: 0.000000
Gen:87
0.0969852,0.227119,0.107467,0.568429,32.3499,-5.13672e+07
1.14265e+06
ratio: 0.000000
Gen:88
0.0969852,0.227119,0.107467,0.568429,32.3499,-5.13672e+07
1.14195e+06
ratio: 0.000000
Gen:89
0.0969852,0.227119,0.107467,0.568429,32.3499,-5.13672e+07
1.06976e+06
ratio: 0.000000
Gen:90
0.0969852,0.227119,0.107467,0.568429,32.3499,-5.13672e+07
1.39209e+06
ratio: 0.000000
Gen:91
0.0969852,0.227119,0.107467,0.568429,32.3499,-5.13672e+07
1.24824e+06
ratio: 0.000000
Gen:92
0.0969852,0.227119,0.107467,0.568429,32.3499,-5.13672e+07
757782
ratio: 0.000000
Gen:93
0.0969852,0.227119,0.107467,0.568429,32.3499,-5.13672e+07
999402
ratio: 0.000000
Gen:94
0.0969852,0.227119,0.107467,0.568429,32.3499,-5.13672e+07
1.00238e+06
ratio: 0.000000
Gen:95
0.0969852,0.227119,0.107467,0.568429,32.3499,-5.13672e+07
720290
ratio: 0.000000
Gen:96
0.096897,0.229242,0.105619,0.568242,32.1683,-5.1285e+07
1.11295e+06
Gen:97
0.096897,0.229242,0.105619,0.568242,32.1683,-5.1285e+07
1.22487e+06
ratio: 0.000000
Gen:98
0.096897,0.229242,0.105619,0.568242,32.1683,-5.1285e+07
1.13942e+06
ratio: 0.000000
Gen:99
0.096897,0.229242,0.105619,0.568242,32.1683,-5.1285e+07
1.01237e+06
ratio: 0.000000
Gen:100
0.096897,0.229242,0.105619,0.568242,32.1683,-5.1285e+07
828780
ratio: 0.000000
Gen:101
0.096897,0.229242,0.105619,0.568242,32.1683,-5.1285e+07
386979
ratio: 0.000000
Gen:102
0.096897,0.229242,0.105619,0.568242,32.1683,-5.1285e+07
1.2431e+06
ratio: 0.000000
Gen:103
0.096897,0.229242,0.105619,0.568242,32.1683,-5.1285e+07
745863
ratio: 0.000000
Gen:104
0.096897,0.229242,0.105619,0.568242,32.1683,-5.1285e+07
947340
ratio: 0.000000
Gen:105
0.096897,0.229242,0.105619,0.568242,32.1683,-5.1285e+07
1.29731e+06
ratio: 0.000000
Gen:106
0.096897,0.229242,0.105619,0.568242,32.1683,-5.1285e+07
753020
ratio: 0.000000
Gen:107
0.096897,0.229242,0.105619,0.568242,32.1683,-5.1285e+07
961286
ratio: 0.000000
Gen:108
0.096466,0.229751,0.105988,0.567795,31.3788,-5.09404e+07
828207
Gen:109
0.096466,0.229751,0.105988,0.567795,31.3788,-5.09404e+07
299449
ratio: 0.000000
Gen:110
0.096466,0.229751,0.105988,0.567795,31.3788,-5.09404e+07
1.09576e+06
ratio: 0.000000
Gen:111
0.096466,0.229751,0.105988,0.567795,31.3788,-5.09404e+07
1.17151e+06
ratio: 0.000000
Gen:112
0.096466,0.229751,0.105988,0.567795,31.3788,-5.09404e+07
937379
ratio: 0.000000
Gen:113
0.096466,0.229751,0.105988,0.567795,31.3788,-5.09404e+07
742592
ratio: 0.000000
Gen:114
0.096466,0.229751,0.105988,0.567795,31.3788,-5.09404e+07
1.21726e+06
ratio: 0.000000
Gen:115
0.096466,0.229751,0.105988,0.567795,31.3788,-5.09404e+07
1.41208e+06
ratio: 0.000000
Gen:116
0.096466,0.229751,0.105988,0.567795,31.3788,-5.09404e+07
729857
ratio: 0.000000
Gen:117
0.096466,0.229751,0.105988,0.567795,31.3788,-5.09404e+07
867039
ratio: 0.000000
Gen:118
0.096466,0.229751,0.105988,0.567795,31.3788,-5.09404e+07
1.09468e+06
ratio: 0.000000
Gen:119
0.096466,0.229751,0.105988,0.567795,31.3788,-5.09404e+07
1.04942e+06
ratio: 0.000000
Gen:120
0.096466,0.229751,0.105988,0.567795,31.3788,-5.09404e+07
1.49071e+06
ratio: 0.000000
Gen:121
0.096466,0.229751,0.105988,0.567795,31.3788,-5.09404e+07
1.21279e+06
ratio: 0.000000
Gen:122
0.096466,0.229751,0.105988,0.567795,31.3788,-5.09404e+07
763461
ratio: 0.000000
Gen:123
0.096466,0.229751,0.105988,0.567795,31.3788,-5.09404e+07
780982
ratio: 0.000000
Gen:124
0.096466,0.229751,0.105988,0.567795,31.3788,-5.09404e+07
1.1987e+06
ratio: 0.000000
Gen:125
0.096466,0.229751,0.105988,0.567795,31.3788,-5.09404e+07
664089
ratio: 0.000000
Gen:126
0.096466,0.229751,0.105988,0.567795,31.3788,-5.09404e+07
1.63378e+06
ratio: 0.000000
Gen:127
0.096466,0.229751,0.105988,0.567795,31.3788,-5.09404e+07
691192
ratio: 0.000000
Gen:128
0.096466,0.229751,0.105988,0.567795,31.3788,-5.09404e+07
1.27513e+06
ratio: 0.000000
Gen:129
0.096466,0.229751,0.105988,0.567795,31.3788,-5.09404e+07
1.2424e+06
ratio: 0.000000
Gen:130
0.096466,0.229751,0.105988,0.567795,31.3788,-5.09404e+07
1.29146e+06
ratio: 0.000000
Gen:131
0.096466,0.229751,0.105988,0.567795,31.3788,-5.09404e+07
1.20171e+06
ratio: 0.000000
Gen:132
0.096466,0.229751,0.105988,0.567795,31.3788,-5.09404e+07
789213
ratio: 0.000000
Gen:133
0.096466,0.229751,0.105988,0.567795,31.3788,-5.09404e+07
1.09525e+06
ratio: 0.000000
Gen:134
0.096466,0.229751,0.105988,0.567795,31.3788,-5.09404e+07
1.03537e+06
ratio: 0.000000
Gen:135
0.096466,0.229751,0.105988,0.567795,31.3788,-5.09404e+07
1.19046e+06
ratio: 0.000000
Gen:136
0.096466,0.229751,0.105988,0.567795,31.3788,-5.09404e+07
651723
ratio: 0.000000
Gen:137
0.096466,0.229751,0.105988,0.567795,31.3788,-5.09404e+07
1.4663e+06
ratio: 0.000000
Gen:138
0.096466,0.229751,0.105988,0.567795,31.3788,-5.09404e+07
1.30077e+06
ratio: 0.000000
Gen:139
0.096466,0.229751,0.105988,0.567795,31.3788,-5.09404e+07
679335
ratio: 0.000000
Gen:140
0.096466,0.229751,0.105988,0.567795,31.3788,-5.09404e+07
727589
ratio: 0.000000
Gen:141
0.096466,0.229751,0.105988,0.567795,31.3788,-5.09404e+07
1.14395e+06
ratio: 0.000000
Gen:142
0.0966062,0.230442,0.130679,0.542273,32.7642,-5.06198e+07
1.16677e+06
Gen:143
0.0966062,0.230442,0.130679,0.542273,32.7642,-5.06198e+07
1.15308e+06
ratio: 0.000000
Gen:144
0.0966062,0.230442,0.130679,0.542273,32.7642,-5.06198e+07
1.29104e+06
ratio: 0.000000
Gen:145
0.0966062,0.230442,0.130679,0.542273,32.7642,-5.06198e+07
817018
ratio: 0.000000
Gen:146
0.0977172,0.23921,0.083056,0.580016,28.8723,-5.03726e+07
1.04638e+06
Gen:147
0.0977172,0.23921,0.083056,0.580016,28.8723,-5.03726e+07
1.04311e+06
ratio: 0.000000
Gen:148
0.0977172,0.23921,0.083056,0.580016,28.8723,-5.03726e+07
622475
ratio: 0.000000
Gen:149
0.0977172,0.23921,0.083056,0.580016,28.8723,-5.03726e+07
1.2866e+06
ratio: 0.000000
Gen:150
0.0977172,0.23921,0.083056,0.580016,28.8723,-5.03726e+07
1.16917e+06
ratio: 0.000000
Gen:151
0.0977172,0.23921,0.083056,0.580016,28.8723,-5.03726e+07
611105
ratio: 0.000000
Gen:152
0.0977172,0.23921,0.083056,0.580016,28.8723,-5.03726e+07
921104
ratio: 0.000000
Gen:153
0.0977172,0.23921,0.083056,0.580016,28.8723,-5.03726e+07
711610
ratio: 0.000000
Gen:154
0.0977172,0.23921,0.083056,0.580016,28.8723,-5.03726e+07
1.08375e+06
ratio: 0.000000
Gen:155
0.0977172,0.23921,0.083056,0.580016,28.8723,-5.03726e+07
1.21025e+06
ratio: 0.000000
Gen:156
0.0977172,0.23921,0.083056,0.580016,28.8723,-5.03726e+07
1.17104e+06
ratio: 0.000000
Gen:157
0.0977172,0.23921,0.083056,0.580016,28.8723,-5.03726e+07
626575
ratio: 0.000000
Gen:158
0.0977172,0.23921,0.083056,0.580016,28.8723,-5.03726e+07
1.12775e+06
ratio: 0.000000
Gen:159
0.0977172,0.23921,0.083056,0.580016,28.8723,-5.03726e+07
970126
ratio: 0.000000
Gen:160
0.0977172,0.23921,0.083056,0.580016,28.8723,-5.03726e+07
1.19652e+06
ratio: 0.000000
Gen:161
0.0977172,0.23921,0.083056,0.580016,28.8723,-5.03726e+07
804047
ratio: 0.000000
Gen:162
0.0977172,0.23921,0.083056,0.580016,28.8723,-5.03726e+07
972411
ratio: 0.000000
Gen:163
0.0977172,0.23921,0.083056,0.580016,28.8723,-5.03726e+07
1.09855e+06
ratio: 0.000000
Gen:164
0.0977172,0.23921,0.083056,0.580016,28.8723,-5.03726e+07
1.1367e+06
ratio: 0.000000
Gen:165
0.0977172,0.23921,0.083056,0.580016,28.8723,-5.03726e+07
983615
ratio: 0.000000
Gen:166
0.0977172,0.23921,0.083056,0.580016,28.8723,-5.03726e+07
946828
ratio: 0.000000
Gen:167
0.0977172,0.23921,0.083056,0.580016,28.8723,-5.03726e+07
1.3405e+06
ratio: 0.000000
Gen:168
0.0977172,0.23921,0.083056,0.580016,28.8723,-5.03726e+07
639432
ratio: 0.000000
Gen:169
0.0977172,0.23921,0.083056,0.580016,28.8723,-5.03726e+07
838323
ratio: 0.000000
Gen:170
0.0977172,0.23921,0.083056,0.580016,28.8723,-5.03726e+07
846909
ratio: 0.000000
Gen:171
0.0977172,0.23921,0.083056,0.580016,28.8723,-5.03726e+07
261546
ratio: 0.000000
Gen:172
0.0977172,0.23921,0.083056,0.580016,28.8723,-5.03726e+07
923555
ratio: 0.000000
Gen:173
0.0977172,0.23921,0.083056,0.580016,28.8723,-5.03726e+07
500242
ratio: 0.000000
Gen:174
0.0977172,0.23921,0.083056,0.580016,28.8723,-5.03726e+07
1.12901e+06
ratio: 0.000000
Gen:175
0.0977172,0.23921,0.083056,0.580016,28.8723,-5.03726e+07
1.50999e+06
ratio: 0.000000
Gen:176
0.0977172,0.23921,0.083056,0.580016,28.8723,-5.03726e+07
1.09614e+06
ratio: 0.000000
Gen:177
0.0977172,0.23921,0.083056,0.580016,28.8723,-5.03726e+07
572661
ratio: 0.000000
Gen:178
0.0977172,0.23921,0.083056,0.580016,28.8723,-5.03726e+07
733035
ratio: 0.000000
Gen:179
0.0977172,0.23921,0.083056,0.580016,28.8723,-5.03726e+07
990080
ratio: 0.000000
Gen:180
0.0977172,0.23921,0.083056,0.580016,28.8723,-5.03726e+07
985600
ratio: 0.000000
Gen:181
0.0977172,0.23921,0.083056,0.580016,28.8723,-5.03726e+07
1.10664e+06
ratio: 0.000000
Gen:182
0.0977172,0.23921,0.083056,0.580016,28.8723,-5.03726e+07
775896
ratio: 0.000000
Gen:183
0.0977172,0.23921,0.083056,0.580016,28.8723,-5.03726e+07
940970
ratio: 0.000000
Gen:184
0.0977172,0.23921,0.083056,0.580016,28.8723,-5.03726e+07
1.01947e+06
ratio: 0.000000
Gen:185
0.0977172,0.23921,0.083056,0.580016,28.8723,-5.03726e+07
837533
ratio: 0.000000
Gen:186
0.0977172,0.23921,0.083056,0.580016,28.8723,-5.03726e+07
762185
ratio: 0.000000
FINAL Population size
18
Best : -5.03726e+07   9:0-23-29-69-38-36-41-35-34- ,  10:48-66-19-22-33-20-10-16-26-62- ,  9:65-19-36-22-13-43-61-60-17- ,  9:52-64-58-45-36-54-5-37-32- ,  9:46-40-12-41-58-33-50-2-14- ,  10:39-18-54-36-41-51-8-26-49-15- , 

0.0977172
0.23921
0.083056
0.580016
28.8723
-5.03726e+07
Initial : -5.78022e+07
0.0627774
0.12313
0.0278947
0.786197
25.997

-----------------------------------------
Iteration:0 started

Gen:0
0.075824,0.135056,0.0488482,0.740272,27.6599,-5.63042e+07
1.33509e+06
Gen:1
0.075824,0.135056,0.0488482,0.740272,27.6599,-5.63042e+07
665174
ratio: 0.000000
Gen:2
0.0791727,0.143741,0.0515635,0.725523,27.8127,-5.57535e+07
723473
Gen:3
0.0829106,0.149613,0.0571393,0.710337,28.186,-5.52514e+07
696836
Gen:4
0.0829106,0.149613,0.0571393,0.710337,28.186,-5.52514e+07
779481
ratio: 0.000000
Gen:5
0.0854857,0.167363,0.0523786,0.694773,27.7907,-5.45193e+07
874980
Gen:6
0.0907085,0.167265,0.0636704,0.678357,27.9654,-5.39177e+07
640023
Gen:7
0.0907085,0.167265,0.0636704,0.678357,27.9654,-5.39177e+07
636595
ratio: 0.000000
Gen:8
0.0942752,0.17228,0.0721068,0.661338,29.1677,-5.36328e+07
884858
Gen:9
0.0942752,0.17228,0.0721068,0.661338,29.1677,-5.36328e+07
847615
ratio: 0.000000
Gen:10
0.0988802,0.180773,0.0746767,0.64567,29.7693,-5.3233e+07
1.07784e+06
Gen:11
0.0988802,0.180773,0.0746767,0.64567,29.7693,-5.3233e+07
629992
ratio: 0.000000
Gen:12
0.0988802,0.180773,0.0746767,0.64567,29.7693,-5.3233e+07
803168
ratio: 0.000000
Gen:13
0.0960611,0.182741,0.0755281,0.64567,29.6305,-5.31856e+07
1.02978e+06
Gen:14
0.0960611,0.182741,0.0755281,0.64567,29.6305,-5.31856e+07
1.00752e+06
ratio: 0.000000
Gen:15
0.0960611,0.182741,0.0755281,0.64567,29.6305,-5.31856e+07
885769
ratio: 0.000000
Gen:16
0.0960611,0.182741,0.0755281,0.64567,29.6305,-5.31856e+07
781184
ratio: 0.000000
Gen:17
0.0960611,0.182741,0.0755281,0.64567,29.6305,-5.31856e+07
843008
ratio: 0.000000
Gen:18
0.0960611,0.182741,0.0755281,0.64567,29.6305,-5.31856e+07
568185
ratio: 0.000000
Gen:19
0.0960611,0.182741,0.0755281,0.64567,29.6305,-5.31856e+07
754439
ratio: 0.000000
Gen:20
0.0960611,0.182741,0.0755281,0.64567,29.6305,-5.31856e+07
707335
ratio: 0.000000
Gen:21
0.0960611,0.182741,0.0755281,0.64567,29.6305,-5.31856e+07
710948
ratio: 0.000000
Gen:22
0.0960611,0.182741,0.0755281,0.64567,29.6305,-5.31856e+07
647991
ratio: 0.000000
Gen:23
0.0960611,0.182741,0.0755281,0.64567,29.6305,-5.31856e+07
1.15383e+06
ratio: 0.000000
Gen:24
0.0960611,0.182741,0.0755281,0.64567,29.6305,-5.31856e+07
677897
ratio: 0.000000
Gen:25
0.0960611,0.182741,0.0755281,0.64567,29.6305,-5.31856e+07
1.17192e+06
ratio: 0.000000
Gen:26
0.097385,0.192833,0.0810001,0.628781,30.3624,-5.28026e+07
762333
Gen:27
0.097385,0.192833,0.0810001,0.628781,30.3624,-5.28026e+07
942664
ratio: 0.000000
Gen:28
0.097385,0.192833,0.0810001,0.628781,30.3624,-5.28026e+07
785313
ratio: 0.000000
Gen:29
0.097385,0.192833,0.0810001,0.628781,30.3624,-5.28026e+07
999157
ratio: 0.000000
Gen:30
0.097385,0.192833,0.0810001,0.628781,30.3624,-5.28026e+07
408116
ratio: 0.000000
Gen:31
0.097385,0.192833,0.0810001,0.628781,30.3624,-5.28026e+07
208465
ratio: 0.000000
Gen:32
0.097385,0.192833,0.0810001,0.628781,30.3624,-5.28026e+07
1.17667e+06
ratio: 0.000000
Gen:33
0.097385,0.192833,0.0810001,0.628781,30.3624,-5.28026e+07
970629
ratio: 0.000000
Gen:34
0.097385,0.192833,0.0810001,0.628781,30.3624,-5.28026e+07
903099
ratio: 0.000000
Gen:35
0.097385,0.192833,0.0810001,0.628781,30.3624,-5.28026e+07
880494
ratio: 0.000000
Gen:36
0.097385,0.192833,0.0810001,0.628781,30.3624,-5.28026e+07
470865
ratio: 0.000000
Gen:37
0.0977847,0.192724,0.0829366,0.626554,30.1275,-5.26346e+07
867474
Gen:38
0.0977847,0.192724,0.0829366,0.626554,30.1275,-5.26346e+07
659558
ratio: 0.000000
Gen:39
0.0977847,0.192724,0.0829366,0.626554,30.1275,-5.26346e+07
859725
ratio: 0.000000
Gen:40
0.0977847,0.192724,0.0829366,0.626554,30.1275,-5.26346e+07
728647
ratio: 0.000000
Gen:41
0.0977847,0.192724,0.0829366,0.626554,30.1275,-5.26346e+07
823427
ratio: 0.000000
Gen:42
0.098714,0.201742,0.0945555,0.604988,31.3697,-5.22942e+07
1.05599e+06
Gen:43
0.098714,0.201742,0.0945555,0.604988,31.3697,-5.22942e+07
835221
ratio: 0.000000
Gen:44
0.098714,0.201742,0.0945555,0.604988,31.3697,-5.22942e+07
901251
ratio: 0.000000
Gen:45
0.098714,0.201742,0.0945555,0.604988,31.3697,-5.22942e+07
850842
ratio: 0.000000
Gen:46
0.098714,0.201742,0.0945555,0.604988,31.3697,-5.22942e+07
930489
ratio: 0.000000
Gen:47
0.098714,0.201742,0.0945555,0.604988,31.3697,-5.22942e+07
740697
ratio: 0.000000
Gen:48
0.098714,0.201742,0.0945555,0.604988,31.3697,-5.22942e+07
1.10999e+06
ratio: 0.000000
Gen:49
0.098714,0.201742,0.0945555,0.604988,31.3697,-5.22942e+07
933174
ratio: 0.000000
Gen:50
0.098714,0.201742,0.0945555,0.604988,31.3697,-5.22942e+07
789397
ratio: 0.000000
Gen:51
0.098714,0.201742,0.0945555,0.604988,31.3697,-5.22942e+07
681742
ratio: 0.000000
Gen:52
0.098714,0.201742,0.0945555,0.604988,31.3697,-5.22942e+07
742572
ratio: 0.000000
Gen:53
0.098714,0.201742,0.0945555,0.604988,31.3697,-5.22942e+07
962664
ratio: 0.000000
Gen:54
0.098714,0.201742,0.0945555,0.604988,31.3697,-5.22942e+07
710060
ratio: 0.000000
Gen:55
0.098714,0.201742,0.0945555,0.604988,31.3697,-5.22942e+07
722569
ratio: 0.000000
Gen:56
0.098714,0.201742,0.0945555,0.604988,31.3697,-5.22942e+07
1.02186e+06
ratio: 0.000000
Gen:57
0.098714,0.201742,0.0945555,0.604988,31.3697,-5.22942e+07
768017
ratio: 0.000000
Gen:58
0.098714,0.201742,0.0945555,0.604988,31.3697,-5.22942e+07
570968
ratio: 0.000000
Gen:59
0.098714,0.201742,0.0945555,0.604988,31.3697,-5.22942e+07
833170
ratio: 0.000000
Gen:60
0.098714,0.201742,0.0945555,0.604988,31.3697,-5.22942e+07
1.05929e+06
ratio: 0.000000
Gen:61
0.098714,0.201742,0.0945555,0.604988,31.3697,-5.22942e+07
653059
ratio: 0.000000
Gen:62
0.098714,0.201742,0.0945555,0.604988,31.3697,-5.22942e+07
821657
ratio: 0.000000
Gen:63
0.098714,0.201742,0.0945555,0.604988,31.3697,-5.22942e+07
933845
ratio: 0.000000
Gen:64
0.0989061,0.202002,0.0923023,0.60679,31.1015,-5.22584e+07
638835
Gen:65
0.0989061,0.202002,0.0923023,0.60679,31.1015,-5.22584e+07
783452
ratio: 0.000000
Gen:66
0.0989061,0.202002,0.0923023,0.60679,31.1015,-5.22584e+07
810066
ratio: 0.000000
Gen:67
0.0989061,0.202002,0.0923023,0.60679,31.1015,-5.22584e+07
828661
ratio: 0.000000
Gen:68
0.0989061,0.202002,0.0923023,0.60679,31.1015,-5.22584e+07
433516
ratio: 0.000000
Gen:69
0.0976601,0.20519,0.0819917,0.615159,29.8547,-5.21039e+07
1.07525e+06
Gen:70
0.0976601,0.20519,0.0819917,0.615159,29.8547,-5.21039e+07
920916
ratio: 0.000000
Gen:71
0.0976601,0.20519,0.0819917,0.615159,29.8547,-5.21039e+07
1.02362e+06
ratio: 0.000000
Gen:72
0.0986465,0.200148,0.101756,0.599449,30.9396,-5.19261e+07
1.13835e+06
Gen:73
0.0986465,0.200148,0.101756,0.599449,30.9396,-5.19261e+07
1.08194e+06
ratio: 0.000000
Gen:74
0.0986465,0.200148,0.101756,0.599449,30.9396,-5.19261e+07
1.24343e+06
ratio: 0.000000
Gen:75
0.0986465,0.200148,0.101756,0.599449,30.9396,-5.19261e+07
1.07644e+06
ratio: 0.000000
Gen:76
0.0986465,0.200148,0.101756,0.599449,30.9396,-5.19261e+07
1.09238e+06
ratio: 0.000000
Gen:77
0.0986465,0.200148,0.101756,0.599449,30.9396,-5.19261e+07
787927
ratio: 0.000000
Gen:78
0.0986465,0.200148,0.101756,0.599449,30.9396,-5.19261e+07
1.0875e+06
ratio: 0.000000
Gen:79
0.0986465,0.200148,0.101756,0.599449,30.9396,-5.19261e+07
1.02344e+06
ratio: 0.000000
Gen:80
0.0986465,0.200148,0.101756,0.599449,30.9396,-5.19261e+07
657030
ratio: 0.000000
Gen:81
0.0986465,0.200148,0.101756,0.599449,30.9396,-5.19261e+07
1.15967e+06
ratio: 0.000000
Gen:82
0.0957911,0.217255,0.105858,0.581096,32.0704,-5.17048e+07
288346
Gen:83
0.0957911,0.217255,0.105858,0.581096,32.0704,-5.17048e+07
991091
ratio: 0.000000
Gen:84
0.0957911,0.217255,0.105858,0.581096,32.0704,-5.17048e+07
763639
ratio: 0.000000
Gen:85
0.0957911,0.217255,0.105858,0.581096,32.0704,-5.17048e+07
1.09134e+06
ratio: 0.000000
Gen:86
0.0957911,0.217255,0.105858,0.581096,32.0704,-5.17048e+07
1.23275e+06
ratio: 0.000000
Gen:87
0.0957911,0.217255,0.105858,0.581096,32.0704,-5.17048e+07
1.30079e+06
ratio: 0.000000
Gen:88
0.0957911,0.217255,0.105858,0.581096,32.0704,-5.17048e+07
1.01128e+06
ratio: 0.000000
Gen:89
0.0957911,0.217255,0.105858,0.581096,32.0704,-5.17048e+07
943037
ratio: 0.000000
Gen:90
0.0957911,0.217255,0.105858,0.581096,32.0704,-5.17048e+07
817963
ratio: 0.000000
Gen:91
0.0957911,0.217255,0.105858,0.581096,32.0704,-5.17048e+07
1.2308e+06
ratio: 0.000000
Gen:92
0.0957911,0.217255,0.105858,0.581096,32.0704,-5.17048e+07
867004
ratio: 0.000000
Gen:93
0.0957911,0.217255,0.105858,0.581096,32.0704,-5.17048e+07
1.32547e+06
ratio: 0.000000
Gen:94
0.0957911,0.217255,0.105858,0.581096,32.0704,-5.17048e+07
1.19769e+06
ratio: 0.000000
Gen:95
0.0957911,0.217255,0.105858,0.581096,32.0704,-5.17048e+07
1.1054e+06
ratio: 0.000000
Gen:96
0.0957911,0.217255,0.105858,0.581096,32.0704,-5.17048e+07
1.20225e+06
ratio: 0.000000
Gen:97
0.0957911,0.217255,0.105858,0.581096,32.0704,-5.17048e+07
1.10104e+06
ratio: 0.000000
Gen:98
0.0957911,0.217255,0.105858,0.581096,32.0704,-5.17048e+07
1.22323e+06
ratio: 0.000000
Gen:99
0.0957911,0.217255,0.105858,0.581096,32.0704,-5.17048e+07
1.00517e+06
ratio: 0.000000
Gen:100
0.0957911,0.217255,0.105858,0.581096,32.0704,-5.17048e+07
1.03464e+06
ratio: 0.000000
Gen:101
0.0957911,0.217255,0.105858,0.581096,32.0704,-5.17048e+07
395381
ratio: 0.000000
Gen:102
0.0957911,0.217255,0.105858,0.581096,32.0704,-5.17048e+07
387678
ratio: 0.000000
Gen:103
0.0957288,0.218579,0.104446,0.581247,31.8899,-5.16374e+07
724796
Gen:104
0.0957288,0.218579,0.104446,0.581247,31.8899,-5.16374e+07
959917
ratio: 0.000000
Gen:105
0.0957288,0.218579,0.104446,0.581247,31.8899,-5.16374e+07
1.06157e+06
ratio: 0.000000
Gen:106
0.0957288,0.218579,0.104446,0.581247,31.8899,-5.16374e+07
932857
ratio: 0.000000
Gen:107
0.0957288,0.218579,0.104446,0.581247,31.8899,-5.16374e+07
822021
ratio: 0.000000
Gen:108
0.0957288,0.218579,0.104446,0.581247,31.8899,-5.16374e+07
1.06641e+06
ratio: 0.000000
Gen:109
0.0957288,0.218579,0.104446,0.581247,31.8899,-5.16374e+07
762398
ratio: 0.000000
Gen:110
0.0957288,0.218579,0.104446,0.581247,31.8899,-5.16374e+07
886598
ratio: 0.000000
Gen:111
0.0957288,0.218579,0.104446,0.581247,31.8899,-5.16374e+07
1.17263e+06
ratio: 0.000000
Gen:112
0.0957288,0.218579,0.104446,0.581247,31.8899,-5.16374e+07
886046
ratio: 0.000000
Gen:113
0.0957288,0.218579,0.104446,0.581247,31.8899,-5.16374e+07
1.33359e+06
ratio: 0.000000
Gen:114
0.0957288,0.218579,0.104446,0.581247,31.8899,-5.16374e+07
975057
ratio: 0.000000
Gen:115
0.0957288,0.218579,0.104446,0.581247,31.8899,-5.16374e+07
1.26102e+06
ratio: 0.000000
Gen:116
0.0957288,0.218579,0.104446,0.581247,31.8899,-5.16374e+07
1.32294e+06
ratio: 0.000000
Gen:117
0.0957288,0.218579,0.104446,0.581247,31.8899,-5.16374e+07
1.06852e+06
ratio: 0.000000
Gen:118
0.0957288,0.218579,0.104446,0.581247,31.8899,-5.16374e+07
1.22879e+06
ratio: 0.000000
Gen:119
0.0957288,0.218579,0.104446,0.581247,31.8899,-5.16374e+07
1.3858e+06
ratio: 0.000000
Gen:120
0.0957288,0.218579,0.104446,0.581247,31.8899,-5.16374e+07
986203
ratio: 0.000000
Gen:121
0.0957288,0.218579,0.104446,0.581247,31.8899,-5.16374e+07
1.02612e+06
ratio: 0.000000
Gen:122
0.0957288,0.218579,0.104446,0.581247,31.8899,-5.16374e+07
1.08369e+06
ratio: 0.000000
Gen:123
0.0957288,0.218579,0.104446,0.581247,31.8899,-5.16374e+07
686190
ratio: 0.000000
Gen:124
0.0957288,0.218579,0.104446,0.581247,31.8899,-5.16374e+07
1.2385e+06
ratio: 0.000000
Gen:125
0.0957288,0.218579,0.104446,0.581247,31.8899,-5.16374e+07
1.20077e+06
ratio: 0.000000
Gen:126
0.0957288,0.218579,0.104446,0.581247,31.8899,-5.16374e+07
770148
ratio: 0.000000
Gen:127
0.0957288,0.218579,0.104446,0.581247,31.8899,-5.16374e+07
1.12291e+06
ratio: 0.000000
Gen:128
0.0957288,0.218579,0.104446,0.581247,31.8899,-5.16374e+07
964830
ratio: 0.000000
Gen:129
0.0957288,0.218579,0.104446,0.581247,31.8899,-5.16374e+07
696351
ratio: 0.000000
Gen:130
0.0957288,0.218579,0.104446,0.581247,31.8899,-5.16374e+07
1.50383e+06
ratio: 0.000000
Gen:131
0.0957288,0.218579,0.104446,0.581247,31.8899,-5.16374e+07
1.07534e+06
ratio: 0.000000
Gen:132
0.0957288,0.218579,0.104446,0.581247,31.8899,-5.16374e+07
680801
ratio: 0.000000
Gen:133
0.0957288,0.218579,0.104446,0.581247,31.8899,-5.16374e+07
1.10979e+06
ratio: 0.000000
Gen:134
0.0957288,0.218579,0.104446,0.581247,31.8899,-5.16374e+07
1.10552e+06
ratio: 0.000000
Gen:135
0.0957288,0.218579,0.104446,0.581247,31.8899,-5.16374e+07
1.21803e+06
ratio: 0.000000
Gen:136
0.0957288,0.218579,0.104446,0.581247,31.8899,-5.16374e+07
1.09197e+06
ratio: 0.000000
Gen:137
0.0957288,0.218579,0.104446,0.581247,31.8899,-5.16374e+07
996233
ratio: 0.000000
Gen:138
0.0957288,0.218579,0.104446,0.581247,31.8899,-5.16374e+07
1.12863e+06
ratio: 0.000000
Gen:139
0.0957288,0.218579,0.104446,0.581247,31.8899,-5.16374e+07
1.2469e+06
ratio: 0.000000
Gen:140
0.0957288,0.218579,0.104446,0.581247,31.8899,-5.16374e+07
914784
ratio: 0.000000
Gen:141
0.0954641,0.220915,0.101611,0.58201,31.7244,-5.15983e+07
1.14095e+06
Gen:142
0.0954641,0.220915,0.101611,0.58201,31.7244,-5.15983e+07
444879
ratio: 0.000000
Gen:143
0.0954641,0.220915,0.101611,0.58201,31.7244,-5.15983e+07
1.27547e+06
ratio: 0.000000
Gen:144
0.0954641,0.220915,0.101611,0.58201,31.7244,-5.15983e+07
862214
ratio: 0.000000
Gen:145
0.0954641,0.220915,0.101611,0.58201,31.7244,-5.15983e+07
898192
ratio: 0.000000
Gen:146
0.0954641,0.220915,0.101611,0.58201,31.7244,-5.15983e+07
939678
ratio: 0.000000
Gen:147
0.0954641,0.220915,0.101611,0.58201,31.7244,-5.15983e+07
1.10685e+06
ratio: 0.000000
Gen:148
0.0954641,0.220915,0.101611,0.58201,31.7244,-5.15983e+07
641917
ratio: 0.000000
Gen:149
0.0954641,0.220915,0.101611,0.58201,31.7244,-5.15983e+07
1.39459e+06
ratio: 0.000000
Gen:150
0.0954641,0.220915,0.101611,0.58201,31.7244,-5.15983e+07
706149
ratio: 0.000000
Gen:151
0.0954641,0.220915,0.101611,0.58201,31.7244,-5.15983e+07
1.26142e+06
ratio: 0.000000
Gen:152
0.0954641,0.220915,0.101611,0.58201,31.7244,-5.15983e+07
853000
ratio: 0.000000
Gen:153
0.0954641,0.220915,0.101611,0.58201,31.7244,-5.15983e+07
791660
ratio: 0.000000
Gen:154
0.0954641,0.220915,0.101611,0.58201,31.7244,-5.15983e+07
1.09428e+06
ratio: 0.000000
Gen:155
0.0955212,0.22105,0.100625,0.582804,31.6215,-5.15857e+07
1.40122e+06
Gen:156
0.0955212,0.22105,0.100625,0.582804,31.6215,-5.15857e+07
1.0881e+06
ratio: 0.000000
Gen:157
0.0955212,0.22105,0.100625,0.582804,31.6215,-5.15857e+07
1.05001e+06
ratio: 0.000000
Gen:158
0.0955212,0.22105,0.100625,0.582804,31.6215,-5.15857e+07
1.21106e+06
ratio: 0.000000
Gen:159
0.0955212,0.22105,0.100625,0.582804,31.6215,-5.15857e+07
1.13638e+06
ratio: 0.000000
Gen:160
0.0955212,0.22105,0.100625,0.582804,31.6215,-5.15857e+07
1.1218e+06
ratio: 0.000000
Gen:161
0.0955212,0.22105,0.100625,0.582804,31.6215,-5.15857e+07
537130
ratio: 0.000000
Gen:162
0.0955212,0.22105,0.100625,0.582804,31.6215,-5.15857e+07
1.11332e+06
ratio: 0.000000
Gen:163
0.0955212,0.22105,0.100625,0.582804,31.6215,-5.15857e+07
876165
ratio: 0.000000
Gen:164
0.0955212,0.22105,0.100625,0.582804,31.6215,-5.15857e+07
1.00167e+06
ratio: 0.000000
Gen:165
0.0955212,0.22105,0.100625,0.582804,31.6215,-5.15857e+07
1.07437e+06
ratio: 0.000000
Gen:166
0.0955212,0.22105,0.100625,0.582804,31.6215,-5.15857e+07
1.02005e+06
ratio: 0.000000
Gen:167
0.0955212,0.22105,0.100625,0.582804,31.6215,-5.15857e+07
1.02984e+06
ratio: 0.000000
Gen:168
0.0955212,0.22105,0.100625,0.582804,31.6215,-5.15857e+07
1.192e+06
ratio: 0.000000
Gen:169
0.0955212,0.22105,0.100625,0.582804,31.6215,-5.15857e+07
1.33528e+06
ratio: 0.000000
Gen:170
0.0955212,0.22105,0.100625,0.582804,31.6215,-5.15857e+07
982435
ratio: 0.000000
Gen:171
0.0955212,0.22105,0.100625,0.582804,31.6215,-5.15857e+07
1.24208e+06
ratio: 0.000000
Gen:172
0.0955212,0.22105,0.100625,0.582804,31.6215,-5.15857e+07
1.1737e+06
ratio: 0.000000
Gen:173
0.0955212,0.22105,0.100625,0.582804,31.6215,-5.15857e+07
1.13973e+06
ratio: 0.000000
Gen:174
0.0955212,0.22105,0.100625,0.582804,31.6215,-5.15857e+07
1.2581e+06
ratio: 0.000000
Gen:175
0.0955212,0.22105,0.100625,0.582804,31.6215,-5.15857e+07
977752
ratio: 0.000000
Gen:176
0.0955212,0.22105,0.100625,0.582804,31.6215,-5.15857e+07
1.24545e+06
ratio: 0.000000
Gen:177
0.0955212,0.22105,0.100625,0.582804,31.6215,-5.15857e+07
1.32008e+06
ratio: 0.000000
Gen:178
0.0955212,0.22105,0.100625,0.582804,31.6215,-5.15857e+07
884400
ratio: 0.000000
Gen:179
0.0955212,0.22105,0.100625,0.582804,31.6215,-5.15857e+07
1.15673e+06
ratio: 0.000000
Gen:180
0.0955212,0.22105,0.100625,0.582804,31.6215,-5.15857e+07
1.21562e+06
ratio: 0.000000
Gen:181
0.0955212,0.22105,0.100625,0.582804,31.6215,-5.15857e+07
1.07746e+06
ratio: 0.000000
Gen:182
0.0955212,0.22105,0.100625,0.582804,31.6215,-5.15857e+07
1.38056e+06
ratio: 0.000000
Gen:183
0.0956094,0.219799,0.10159,0.583002,31.5147,-5.15499e+07
1.00685e+06
Gen:184
0.0956094,0.219799,0.10159,0.583002,31.5147,-5.15499e+07
616504
ratio: 0.000000
Gen:185
0.0956094,0.219799,0.10159,0.583002,31.5147,-5.15499e+07
1.01892e+06
ratio: 0.000000
Gen:186
0.0956094,0.219799,0.10159,0.583002,31.5147,-5.15499e+07
688649
ratio: 0.000000
Gen:187
0.0956094,0.219799,0.10159,0.583002,31.5147,-5.15499e+07
879294
ratio: 0.000000
Gen:188
0.0990359,0.226481,0.102213,0.57227,31.5216,-5.11626e+07
952084
Gen:189
0.0990359,0.226481,0.102213,0.57227,31.5216,-5.11626e+07
944910
ratio: 0.000000
Gen:190
0.0984804,0.226024,0.103018,0.572478,31.4378,-5.11356e+07
739577
Gen:191
0.0984804,0.226024,0.103018,0.572478,31.4378,-5.11356e+07
955830
ratio: 0.000000
Gen:192
0.0984804,0.226024,0.103018,0.572478,31.4378,-5.11356e+07
1.23674e+06
ratio: 0.000000
Gen:193
0.0984804,0.226024,0.103018,0.572478,31.4378,-5.11356e+07
920996
ratio: 0.000000
Gen:194
0.0984804,0.226024,0.103018,0.572478,31.4378,-5.11356e+07
930299
ratio: 0.000000
Gen:195
0.0984804,0.226024,0.103018,0.572478,31.4378,-5.11356e+07
1.15444e+06
ratio: 0.000000
Gen:196
0.0984804,0.226024,0.103018,0.572478,31.4378,-5.11356e+07
854617
ratio: 0.000000
Gen:197
0.0984804,0.226024,0.103018,0.572478,31.4378,-5.11356e+07
1.17819e+06
ratio: 0.000000
Gen:198
0.0984804,0.226024,0.103018,0.572478,31.4378,-5.11356e+07
1.2147e+06
ratio: 0.000000
Gen:199
0.0984804,0.226024,0.103018,0.572478,31.4378,-5.11356e+07
831090
ratio: 0.000000
Gen:200
0.0984804,0.226024,0.103018,0.572478,31.4378,-5.11356e+07
1.02868e+06
ratio: 0.000000
FINAL Population size
18
Best : -5.11356e+07   9:67-27-12-41-58-33-43-61-44- ,  9:23-0-50-17-10-16-26-30-24- ,  9:3-0-69-38-36-41-25-4-7- ,  10:42-49-26-8-51-41-36-54-18-39- ,  9:47-6-56-8-26-1-31-11-15- ,  9:66-19-22-33-20-17-9-68-59- , 

0.0984804
0.226024
0.103018
0.572478
31.4378
-5.11356e+07
Initial : -5.83072e+07
0.0654407
0.0993786
0.0291407
0.80604
24.2734

-----------------------------------------
Iteration:0 started

Gen:0
0.0651915,0.134464,0.0383922,0.761952,30.6091,-5.78492e+07
735854
Gen:1
0.0683065,0.13911,0.0424417,0.750141,30.839,-5.74647e+07
410309
Gen:2
0.0619623,0.12596,0.0460655,0.766012,26.8034,-5.71427e+07
469988
Gen:3
0.0640857,0.122632,0.0527991,0.760483,25.9347,-5.67162e+07
750718
Gen:4
0.0705338,0.13153,0.0644128,0.733523,26.208,-5.56611e+07
822984
Gen:5
0.0739758,0.133436,0.0603529,0.732235,25.7119,-5.54798e+07
469742
Gen:6
0.0745365,0.138669,0.0677874,0.719007,26.5476,-5.5151e+07
584289
Gen:7
0.0763276,0.144359,0.074386,0.704927,26.857,-5.46596e+07
627306
Gen:8
0.0791311,0.151191,0.0681819,0.701496,26.5582,-5.44336e+07
847712
Gen:9
0.0812286,0.159571,0.0750401,0.684161,27.0999,-5.38853e+07
368998
Gen:10
0.082459,0.158418,0.0797697,0.679353,26.2687,-5.34334e+07
1.03103e+06
Gen:11
0.082459,0.158418,0.0797697,0.679353,26.2687,-5.34334e+07
1.1357e+06
ratio: 0.000000
Gen:12
0.082459,0.158418,0.0797697,0.679353,26.2687,-5.34334e+07
1.06924e+06
ratio: 0.000000
Gen:13
0.082459,0.158418,0.0797697,0.679353,26.2687,-5.34334e+07
1.01148e+06
ratio: 0.000000
Gen:14
0.082459,0.158418,0.0797697,0.679353,26.2687,-5.34334e+07
692652
ratio: 0.000000
Gen:15
0.0806263,0.162151,0.0986154,0.658607,28.1032,-5.31774e+07
1.09794e+06
Gen:16
0.0806263,0.162151,0.0986154,0.658607,28.1032,-5.31774e+07
684035
ratio: 0.000000
Gen:17
0.0806263,0.162151,0.0986154,0.658607,28.1032,-5.31774e+07
1.13637e+06
ratio: 0.000000
Gen:18
0.0845824,0.16661,0.104119,0.644689,28.201,-5.2659e+07
1.07023e+06
Gen:19
0.0845824,0.16661,0.104119,0.644689,28.201,-5.2659e+07
463297
ratio: 0.000000
Gen:20
0.0868615,0.174154,0.0970164,0.641968,28.1462,-5.25325e+07
1.04562e+06
Gen:21
0.0868615,0.174154,0.0970164,0.641968,28.1462,-5.25325e+07
875168
ratio: 0.000000
Gen:22
0.0868615,0.174154,0.0970164,0.641968,28.1462,-5.25325e+07
1.20466e+06
ratio: 0.000000
Gen:23
0.0868615,0.174154,0.0970164,0.641968,28.1462,-5.25325e+07
1.09843e+06
ratio: 0.000000
Gen:24
0.0868615,0.174154,0.0970164,0.641968,28.1462,-5.25325e+07
881490
ratio: 0.000000
Gen:25
0.0868615,0.174154,0.0970164,0.641968,28.1462,-5.25325e+07
1.07026e+06
ratio: 0.000000
Gen:26
0.0868615,0.174154,0.0970164,0.641968,28.1462,-5.25325e+07
1.13315e+06
ratio: 0.000000
Gen:27
0.0868615,0.174154,0.0970164,0.641968,28.1462,-5.25325e+07
661567
ratio: 0.000000
Gen:28
0.0868615,0.174154,0.0970164,0.641968,28.1462,-5.25325e+07
866544
ratio: 0.000000
Gen:29
0.0868615,0.174154,0.0970164,0.641968,28.1462,-5.25325e+07
877793
ratio: 0.000000
Gen:30
0.0850185,0.181137,0.0951058,0.638739,28.5007,-5.2528e+07
1.23465e+06
Gen:31
0.0850185,0.181137,0.0951058,0.638739,28.5007,-5.2528e+07
753244
ratio: 0.000000
Gen:32
0.0850185,0.181137,0.0951058,0.638739,28.5007,-5.2528e+07
915697
ratio: 0.000000
Gen:33
0.0850185,0.181137,0.0951058,0.638739,28.5007,-5.2528e+07
1.05163e+06
ratio: 0.000000
Gen:34
0.0850185,0.181137,0.0951058,0.638739,28.5007,-5.2528e+07
1.05592e+06
ratio: 0.000000
Gen:35
0.0850185,0.181137,0.0951058,0.638739,28.5007,-5.2528e+07
881004
ratio: 0.000000
Gen:36
0.0850185,0.181137,0.0951058,0.638739,28.5007,-5.2528e+07
1.08202e+06
ratio: 0.000000
Gen:37
0.0850185,0.181137,0.0951058,0.638739,28.5007,-5.2528e+07
775536
ratio: 0.000000
Gen:38
0.0850185,0.181137,0.0951058,0.638739,28.5007,-5.2528e+07
1.15638e+06
ratio: 0.000000
Gen:39
0.0850185,0.181137,0.0951058,0.638739,28.5007,-5.2528e+07
828036
ratio: 0.000000
Gen:40
0.0850185,0.181137,0.0951058,0.638739,28.5007,-5.2528e+07
733351
ratio: 0.000000
Gen:41
0.0868096,0.184034,0.10078,0.628377,28.6496,-5.21744e+07
761084
Gen:42
0.0868096,0.184034,0.10078,0.628377,28.6496,-5.21744e+07
1.16858e+06
ratio: 0.000000
Gen:43
0.088014,0.182845,0.117373,0.611768,29.757,-5.19387e+07
988144
Gen:44
0.088014,0.182845,0.117373,0.611768,29.757,-5.19387e+07
645120
ratio: 0.000000
Gen:45
0.088014,0.182845,0.117373,0.611768,29.757,-5.19387e+07
1.02105e+06
ratio: 0.000000
Gen:46
0.088014,0.182845,0.117373,0.611768,29.757,-5.19387e+07
858297
ratio: 0.000000
Gen:47
0.088014,0.182845,0.117373,0.611768,29.757,-5.19387e+07
391477
ratio: 0.000000
Gen:48
0.088014,0.182845,0.117373,0.611768,29.757,-5.19387e+07
487797
ratio: 0.000000
Gen:49
0.088014,0.182845,0.117373,0.611768,29.757,-5.19387e+07
1.10218e+06
ratio: 0.000000
Gen:50
0.088014,0.182845,0.117373,0.611768,29.757,-5.19387e+07
1.24719e+06
ratio: 0.000000
Gen:51
0.088014,0.182845,0.117373,0.611768,29.757,-5.19387e+07
946119
ratio: 0.000000
Gen:52
0.088014,0.182845,0.117373,0.611768,29.757,-5.19387e+07
1.08671e+06
ratio: 0.000000
Gen:53
0.088014,0.182845,0.117373,0.611768,29.757,-5.19387e+07
346312
ratio: 0.000000
Gen:54
0.088014,0.182845,0.117373,0.611768,29.757,-5.19387e+07
563802
ratio: 0.000000
Gen:55
0.088014,0.182845,0.117373,0.611768,29.757,-5.19387e+07
417559
ratio: 0.000000
Gen:56
0.088014,0.182845,0.117373,0.611768,29.757,-5.19387e+07
607778
ratio: 0.000000
Gen:57
0.088014,0.182845,0.117373,0.611768,29.757,-5.19387e+07
1.03939e+06
ratio: 0.000000
Gen:58
0.088014,0.182845,0.117373,0.611768,29.757,-5.19387e+07
1.19177e+06
ratio: 0.000000
Gen:59
0.088014,0.182845,0.117373,0.611768,29.757,-5.19387e+07
749101
ratio: 0.000000
Gen:60
0.0893223,0.182642,0.116293,0.611742,29.5777,-5.18707e+07
700073
Gen:61
0.0893223,0.182642,0.116293,0.611742,29.5777,-5.18707e+07
814687
ratio: 0.000000
Gen:62
0.0893223,0.182642,0.116293,0.611742,29.5777,-5.18707e+07
764777
ratio: 0.000000
Gen:63
0.0893223,0.182642,0.116293,0.611742,29.5777,-5.18707e+07
1.01785e+06
ratio: 0.000000
Gen:64
0.0893223,0.182642,0.116293,0.611742,29.5777,-5.18707e+07
979339
ratio: 0.000000
Gen:65
0.0893223,0.182642,0.116293,0.611742,29.5777,-5.18707e+07
746385
ratio: 0.000000
Gen:66
0.0893223,0.182642,0.116293,0.611742,29.5777,-5.18707e+07
979236
ratio: 0.000000
Gen:67
0.0893223,0.182642,0.116293,0.611742,29.5777,-5.18707e+07
853268
ratio: 0.000000
Gen:68
0.0893223,0.182642,0.116293,0.611742,29.5777,-5.18707e+07
1.3036e+06
ratio: 0.000000
Gen:69
0.0893223,0.182642,0.116293,0.611742,29.5777,-5.18707e+07
1.11393e+06
ratio: 0.000000
Gen:70
0.0893223,0.182642,0.116293,0.611742,29.5777,-5.18707e+07
1.08699e+06
ratio: 0.000000
Gen:71
0.0893223,0.182642,0.116293,0.611742,29.5777,-5.18707e+07
821151
ratio: 0.000000
Gen:72
0.0893223,0.182642,0.116293,0.611742,29.5777,-5.18707e+07
933840
ratio: 0.000000
Gen:73
0.0893223,0.182642,0.116293,0.611742,29.5777,-5.18707e+07
959143
ratio: 0.000000
Gen:74
0.0893223,0.182642,0.116293,0.611742,29.5777,-5.18707e+07
987759
ratio: 0.000000
Gen:75
0.0893223,0.182642,0.116293,0.611742,29.5777,-5.18707e+07
1.10258e+06
ratio: 0.000000
Gen:76
0.0893223,0.182642,0.116293,0.611742,29.5777,-5.18707e+07
995659
ratio: 0.000000
Gen:77
0.0893223,0.182642,0.116293,0.611742,29.5777,-5.18707e+07
1.26088e+06
ratio: 0.000000
Gen:78
0.0893223,0.182642,0.116293,0.611742,29.5777,-5.18707e+07
1.49364e+06
ratio: 0.000000
Gen:79
0.0893223,0.182642,0.116293,0.611742,29.5777,-5.18707e+07
1.15445e+06
ratio: 0.000000
Gen:80
0.0893223,0.182642,0.116293,0.611742,29.5777,-5.18707e+07
938664
ratio: 0.000000
Gen:81
0.0903087,0.190617,0.12582,0.593255,30.5842,-5.15582e+07
478848
Gen:82
0.0903087,0.190617,0.12582,0.593255,30.5842,-5.15582e+07
1.3084e+06
ratio: 0.000000
Gen:83
0.0903087,0.190617,0.12582,0.593255,30.5842,-5.15582e+07
1.6558e+06
ratio: 0.000000
Gen:84
0.0903087,0.190617,0.12582,0.593255,30.5842,-5.15582e+07
1.11338e+06
ratio: 0.000000
Gen:85
0.0903087,0.190617,0.12582,0.593255,30.5842,-5.15582e+07
1.0733e+06
ratio: 0.000000
Gen:86
0.0903087,0.190617,0.12582,0.593255,30.5842,-5.15582e+07
1.20583e+06
ratio: 0.000000
Gen:87
0.0903087,0.190617,0.12582,0.593255,30.5842,-5.15582e+07
1.1036e+06
ratio: 0.000000
Gen:88
0.0903087,0.190617,0.12582,0.593255,30.5842,-5.15582e+07
950387
ratio: 0.000000
Gen:89
0.0903087,0.190617,0.12582,0.593255,30.5842,-5.15582e+07
973949
ratio: 0.000000
Gen:90
0.0903087,0.190617,0.12582,0.593255,30.5842,-5.15582e+07
1.26298e+06
ratio: 0.000000
Gen:91
0.0903087,0.190617,0.12582,0.593255,30.5842,-5.15582e+07
1.6004e+06
ratio: 0.000000
Gen:92
0.0903087,0.190617,0.12582,0.593255,30.5842,-5.15582e+07
1.07409e+06
ratio: 0.000000
Gen:93
0.0903087,0.190617,0.12582,0.593255,30.5842,-5.15582e+07
663388
ratio: 0.000000
Gen:94
0.0903087,0.190617,0.12582,0.593255,30.5842,-5.15582e+07
1.04409e+06
ratio: 0.000000
Gen:95
0.0903087,0.190617,0.12582,0.593255,30.5842,-5.15582e+07
523705
ratio: 0.000000
Gen:96
0.0903087,0.190617,0.12582,0.593255,30.5842,-5.15582e+07
1.04512e+06
ratio: 0.000000
Gen:97
0.0903087,0.190617,0.12582,0.593255,30.5842,-5.15582e+07
1.42036e+06
ratio: 0.000000
Gen:98
0.0922297,0.190414,0.125903,0.591454,30.4146,-5.14244e+07
857839
Gen:99
0.0922297,0.190414,0.125903,0.591454,30.4146,-5.14244e+07
1.43036e+06
ratio: 0.000000
Gen:100
0.0922297,0.190414,0.125903,0.591454,30.4146,-5.14244e+07
750318
ratio: 0.000000
Gen:101
0.0922297,0.190414,0.125903,0.591454,30.4146,-5.14244e+07
1.48352e+06
ratio: 0.000000
Gen:102
0.0922297,0.190414,0.125903,0.591454,30.4146,-5.14244e+07
1.33411e+06
ratio: 0.000000
Gen:103
0.0922297,0.190414,0.125903,0.591454,30.4146,-5.14244e+07
880787
ratio: 0.000000
Gen:104
0.0922297,0.190414,0.125903,0.591454,30.4146,-5.14244e+07
647067
ratio: 0.000000
Gen:105
0.0922297,0.190414,0.125903,0.591454,30.4146,-5.14244e+07
553354
ratio: 0.000000
Gen:106
0.0922297,0.190414,0.125903,0.591454,30.4146,-5.14244e+07
1.2385e+06
ratio: 0.000000
Gen:107
0.0927904,0.191027,0.126822,0.589361,30.5074,-5.13828e+07
1.26395e+06
Gen:108
0.0927904,0.191027,0.126822,0.589361,30.5074,-5.13828e+07
1.32224e+06
ratio: 0.000000
Gen:109
0.0927904,0.191027,0.126822,0.589361,30.5074,-5.13828e+07
1.35229e+06
ratio: 0.000000
Gen:110
0.0927904,0.191027,0.126822,0.589361,30.5074,-5.13828e+07
1.26596e+06
ratio: 0.000000
Gen:111
0.0927904,0.191027,0.126822,0.589361,30.5074,-5.13828e+07
593107
ratio: 0.000000
Gen:112
0.0927904,0.191027,0.126822,0.589361,30.5074,-5.13828e+07
1.20626e+06
ratio: 0.000000
Gen:113
0.0927904,0.191027,0.126822,0.589361,30.5074,-5.13828e+07
1.10056e+06
ratio: 0.000000
Gen:114
0.0927904,0.191027,0.126822,0.589361,30.5074,-5.13828e+07
1.28941e+06
ratio: 0.000000
Gen:115
0.0927904,0.191027,0.126822,0.589361,30.5074,-5.13828e+07
1.02459e+06
ratio: 0.000000
Gen:116
0.0927904,0.191027,0.126822,0.589361,30.5074,-5.13828e+07
1.37713e+06
ratio: 0.000000
Gen:117
0.0927904,0.191027,0.126822,0.589361,30.5074,-5.13828e+07
980853
ratio: 0.000000
Gen:118
0.0927904,0.191027,0.126822,0.589361,30.5074,-5.13828e+07
1.15884e+06
ratio: 0.000000
Gen:119
0.0927904,0.191027,0.126822,0.589361,30.5074,-5.13828e+07
977109
ratio: 0.000000
Gen:120
0.0927904,0.191027,0.126822,0.589361,30.5074,-5.13828e+07
1.38371e+06
ratio: 0.000000
Gen:121
0.0927904,0.191027,0.126822,0.589361,30.5074,-5.13828e+07
1.52855e+06
ratio: 0.000000
Gen:122
0.0927904,0.191027,0.126822,0.589361,30.5074,-5.13828e+07
1.24052e+06
ratio: 0.000000
Gen:123
0.0927904,0.191027,0.126822,0.589361,30.5074,-5.13828e+07
992313
ratio: 0.000000
Gen:124
0.0927904,0.191027,0.126822,0.589361,30.5074,-5.13828e+07
1.04091e+06
ratio: 0.000000
Gen:125
0.0927904,0.191027,0.126822,0.589361,30.5074,-5.13828e+07
1.09526e+06
ratio: 0.000000
Gen:126
0.0927904,0.191027,0.126822,0.589361,30.5074,-5.13828e+07
922357
ratio: 0.000000
Gen:127
0.0927904,0.191027,0.126822,0.589361,30.5074,-5.13828e+07
1.09796e+06
ratio: 0.000000
Gen:128
0.0944205,0.200091,0.133187,0.572302,32.02,-5.1369e+07
1.02273e+06
Gen:129
0.0944205,0.200091,0.133187,0.572302,32.02,-5.1369e+07
1.14367e+06
ratio: 0.000000
Gen:130
0.0944205,0.200091,0.133187,0.572302,32.02,-5.1369e+07
1.19203e+06
ratio: 0.000000
Gen:131
0.0944205,0.200091,0.133187,0.572302,32.02,-5.1369e+07
1.39712e+06
ratio: 0.000000
Gen:132
0.0944205,0.200091,0.133187,0.572302,32.02,-5.1369e+07
1.34464e+06
ratio: 0.000000
Gen:133
0.0944205,0.200091,0.133187,0.572302,32.02,-5.1369e+07
1.42619e+06
ratio: 0.000000
Gen:134
0.0944205,0.200091,0.133187,0.572302,32.02,-5.1369e+07
809126
ratio: 0.000000
Gen:135
0.0944205,0.200091,0.133187,0.572302,32.02,-5.1369e+07
950170
ratio: 0.000000
Gen:136
0.0932057,0.206726,0.110707,0.589361,29.7642,-5.10889e+07
674992
Gen:137
0.0932057,0.206726,0.110707,0.589361,29.7642,-5.10889e+07
1.05932e+06
ratio: 0.000000
Gen:138
0.0932057,0.206726,0.110707,0.589361,29.7642,-5.10889e+07
918616
ratio: 0.000000
Gen:139
0.0932057,0.206726,0.110707,0.589361,29.7642,-5.10889e+07
722455
ratio: 0.000000
Gen:140
0.0932057,0.206726,0.110707,0.589361,29.7642,-5.10889e+07
1.12461e+06
ratio: 0.000000
Gen:141
0.0932057,0.206726,0.110707,0.589361,29.7642,-5.10889e+07
1.27718e+06
ratio: 0.000000
Gen:142
0.0932057,0.206726,0.110707,0.589361,29.7642,-5.10889e+07
1.46548e+06
ratio: 0.000000
Gen:143
0.0932057,0.206726,0.110707,0.589361,29.7642,-5.10889e+07
1.23197e+06
ratio: 0.000000
Gen:144
0.0932057,0.206726,0.110707,0.589361,29.7642,-5.10889e+07
906089
ratio: 0.000000
Gen:145
0.0932057,0.206726,0.110707,0.589361,29.7642,-5.10889e+07
822461
ratio: 0.000000
Gen:146
0.0932057,0.206726,0.110707,0.589361,29.7642,-5.10889e+07
1.02922e+06
ratio: 0.000000
Gen:147
0.0932057,0.206726,0.110707,0.589361,29.7642,-5.10889e+07
1.09053e+06
ratio: 0.000000
Gen:148
0.0932057,0.206726,0.110707,0.589361,29.7642,-5.10889e+07
1.41474e+06
ratio: 0.000000
Gen:149
0.0932057,0.206726,0.110707,0.589361,29.7642,-5.10889e+07
1.22267e+06
ratio: 0.000000
Gen:150
0.0932057,0.206726,0.110707,0.589361,29.7642,-5.10889e+07
1.01538e+06
ratio: 0.000000
Gen:151
0.0932057,0.206726,0.110707,0.589361,29.7642,-5.10889e+07
1.0351e+06
ratio: 0.000000
Gen:152
0.0932057,0.206726,0.110707,0.589361,29.7642,-5.10889e+07
1.40748e+06
ratio: 0.000000
Gen:153
0.0932057,0.206726,0.110707,0.589361,29.7642,-5.10889e+07
1.72168e+06
ratio: 0.000000
Gen:154
0.0932057,0.206726,0.110707,0.589361,29.7642,-5.10889e+07
1.05469e+06
ratio: 0.000000
Gen:155
0.0932057,0.206726,0.110707,0.589361,29.7642,-5.10889e+07
506636
ratio: 0.000000
Gen:156
0.0932057,0.206726,0.110707,0.589361,29.7642,-5.10889e+07
1.06334e+06
ratio: 0.000000
Gen:157
0.0932057,0.206726,0.110707,0.589361,29.7642,-5.10889e+07
1.03936e+06
ratio: 0.000000
Gen:158
0.0932057,0.206726,0.110707,0.589361,29.7642,-5.10889e+07
456126
ratio: 0.000000
Gen:159
0.0932057,0.206726,0.110707,0.589361,29.7642,-5.10889e+07
1.10235e+06
ratio: 0.000000
Gen:160
0.0932057,0.206726,0.110707,0.589361,29.7642,-5.10889e+07
1.32484e+06
ratio: 0.000000
Gen:161
0.0932057,0.206726,0.110707,0.589361,29.7642,-5.10889e+07
1.29459e+06
ratio: 0.000000
Gen:162
0.0932057,0.206726,0.110707,0.589361,29.7642,-5.10889e+07
1.60005e+06
ratio: 0.000000
Gen:163
0.0932057,0.206726,0.110707,0.589361,29.7642,-5.10889e+07
1.25276e+06
ratio: 0.000000
Gen:164
0.0932057,0.206726,0.110707,0.589361,29.7642,-5.10889e+07
804607
ratio: 0.000000
Gen:165
0.0932057,0.206726,0.110707,0.589361,29.7642,-5.10889e+07
1.23441e+06
ratio: 0.000000
Gen:166
0.0932057,0.206726,0.110707,0.589361,29.7642,-5.10889e+07
1.48134e+06
ratio: 0.000000
Gen:167
0.0932057,0.206726,0.110707,0.589361,29.7642,-5.10889e+07
524467
ratio: 0.000000
Gen:168
0.0932057,0.206726,0.110707,0.589361,29.7642,-5.10889e+07
1.13413e+06
ratio: 0.000000
Gen:169
0.0932057,0.206726,0.110707,0.589361,29.7642,-5.10889e+07
1.06578e+06
ratio: 0.000000
Gen:170
0.0932057,0.206726,0.110707,0.589361,29.7642,-5.10889e+07
1.54226e+06
ratio: 0.000000
Gen:171
0.0932057,0.206726,0.110707,0.589361,29.7642,-5.10889e+07
1.11614e+06
ratio: 0.000000
Gen:172
0.0932057,0.206726,0.110707,0.589361,29.7642,-5.10889e+07
1.39024e+06
ratio: 0.000000
Gen:173
0.0932057,0.206726,0.110707,0.589361,29.7642,-5.10889e+07
1.54261e+06
ratio: 0.000000
Gen:174
0.0932057,0.206726,0.110707,0.589361,29.7642,-5.10889e+07
1.51598e+06
ratio: 0.000000
Gen:175
0.0932057,0.206726,0.110707,0.589361,29.7642,-5.10889e+07
1.18932e+06
ratio: 0.000000
Gen:176
0.0932057,0.206726,0.110707,0.589361,29.7642,-5.10889e+07
1.58844e+06
ratio: 0.000000
FINAL Population size
18
Best : -5.10889e+07   9:40-47-6-56-8-26-1-11-49- ,  9:2-50-17-10-16-26-30-24-63- ,  9:57-35-34-25-27-67-18-69-0- ,  9:65-54-38-36-45-58-64-52-8- ,  9:22-38-69-23-50-43-20-55-8- ,  9:62-21-6-35-41-36-19-66-48- , 

0.0932057
0.206726
0.110707
0.589361
29.7642
-5.10889e+07
Initial : -5.81814e+07
0.0649839
0.11013
0.0312797
0.793606
26.3513

-----------------------------------------
Iteration:0 started

Gen:0
0.0641221,0.142682,0.0539932,0.739203,30.0292,-5.68564e+07
1.23947e+06
Gen:1
0.0669827,0.150501,0.058946,0.723571,30.3276,-5.63451e+07
1.19151e+06
Gen:2
0.0690022,0.160059,0.0609292,0.71001,31.1332,-5.60615e+07
897704
Gen:3
0.0712294,0.15915,0.0642986,0.705322,30.5358,-5.57198e+07
853085
Gen:4
0.0743185,0.184236,0.0314354,0.71001,28.9467,-5.54509e+07
833032
Gen:5
0.0774594,0.183779,0.0404793,0.698282,29.8351,-5.52536e+07
977654
Gen:6
0.0777346,0.190845,0.0398511,0.691569,29.3125,-5.48434e+07
951288
Gen:7
0.0820852,0.197288,0.0685869,0.65204,33.2234,-5.46329e+07
794125
Gen:8
0.0850911,0.19599,0.0668788,0.65204,33.0834,-5.45859e+07
527607
Gen:9
0.0850911,0.19599,0.0668788,0.65204,33.0834,-5.45859e+07
967267
ratio: 0.000000
Gen:10
0.0810676,0.175696,0.0859374,0.657299,31.8253,-5.4354e+07
539625
Gen:11
0.0840943,0.181438,0.094514,0.639954,32.1054,-5.38256e+07
1.06371e+06
Gen:12
0.0830301,0.178577,0.08059,0.657803,29.4521,-5.359e+07
1.16542e+06
Gen:13
0.0867577,0.193306,0.0812597,0.638677,29.8602,-5.29986e+07
946793
Gen:14
0.0867577,0.193306,0.0812597,0.638677,29.8602,-5.29986e+07
556097
ratio: 0.000000
Gen:15
0.0867577,0.193306,0.0812597,0.638677,29.8602,-5.29986e+07
1.06892e+06
ratio: 0.000000
Gen:16
0.0867577,0.193306,0.0812597,0.638677,29.8602,-5.29986e+07
1.11739e+06
ratio: 0.000000
Gen:17
0.0877804,0.20697,0.0846654,0.620584,30.5983,-5.25816e+07
636352
Gen:18
0.0877804,0.20697,0.0846654,0.620584,30.5983,-5.25816e+07
1.12019e+06
ratio: 0.000000
Gen:19
0.0877804,0.20697,0.0846654,0.620584,30.5983,-5.25816e+07
595141
ratio: 0.000000
Gen:20
0.0877804,0.20697,0.0846654,0.620584,30.5983,-5.25816e+07
941094
ratio: 0.000000
Gen:21
0.0877804,0.20697,0.0846654,0.620584,30.5983,-5.25816e+07
946639
ratio: 0.000000
Gen:22
0.0877804,0.20697,0.0846654,0.620584,30.5983,-5.25816e+07
685057
ratio: 0.000000
Gen:23
0.0877804,0.20697,0.0846654,0.620584,30.5983,-5.25816e+07
390595
ratio: 0.000000
Gen:24
0.0877804,0.20697,0.0846654,0.620584,30.5983,-5.25816e+07
1.01878e+06
ratio: 0.000000
Gen:25
0.0877804,0.20697,0.0846654,0.620584,30.5983,-5.25816e+07
515001
ratio: 0.000000
Gen:26
0.0877804,0.20697,0.0846654,0.620584,30.5983,-5.25816e+07
907745
ratio: 0.000000
Gen:27
0.0877804,0.20697,0.0846654,0.620584,30.5983,-5.25816e+07
817627
ratio: 0.000000
Gen:28
0.0877804,0.20697,0.0846654,0.620584,30.5983,-5.25816e+07
783099
ratio: 0.000000
Gen:29
0.0877804,0.20697,0.0846654,0.620584,30.5983,-5.25816e+07
1.31857e+06
ratio: 0.000000
Gen:30
0.0877804,0.20697,0.0846654,0.620584,30.5983,-5.25816e+07
552378
ratio: 0.000000
Gen:31
0.0877804,0.20697,0.0846654,0.620584,30.5983,-5.25816e+07
831588
ratio: 0.000000
Gen:32
0.0877804,0.20697,0.0846654,0.620584,30.5983,-5.25816e+07
326847
ratio: 0.000000
Gen:33
0.0877804,0.20697,0.0846654,0.620584,30.5983,-5.25816e+07
989246
ratio: 0.000000
Gen:34
0.0877804,0.20697,0.0846654,0.620584,30.5983,-5.25816e+07
705951
ratio: 0.000000
Gen:35
0.0877804,0.20697,0.0846654,0.620584,30.5983,-5.25816e+07
791858
ratio: 0.000000
Gen:36
0.0877804,0.20697,0.0846654,0.620584,30.5983,-5.25816e+07
687403
ratio: 0.000000
Gen:37
0.0877804,0.20697,0.0846654,0.620584,30.5983,-5.25816e+07
873753
ratio: 0.000000
Gen:38
0.0877804,0.20697,0.0846654,0.620584,30.5983,-5.25816e+07
796619
ratio: 0.000000
Gen:39
0.0877804,0.20697,0.0846654,0.620584,30.5983,-5.25816e+07
514662
ratio: 0.000000
Gen:40
0.0877804,0.20697,0.0846654,0.620584,30.5983,-5.25816e+07
851715
ratio: 0.000000
Gen:41
0.0877804,0.20697,0.0846654,0.620584,30.5983,-5.25816e+07
1.31327e+06
ratio: 0.000000
Gen:42
0.0877804,0.20697,0.0846654,0.620584,30.5983,-5.25816e+07
955203
ratio: 0.000000
Gen:43
0.0877804,0.20697,0.0846654,0.620584,30.5983,-5.25816e+07
818671
ratio: 0.000000
Gen:44
0.0877804,0.20697,0.0846654,0.620584,30.5983,-5.25816e+07
1.13321e+06
ratio: 0.000000
Gen:45
0.0877804,0.20697,0.0846654,0.620584,30.5983,-5.25816e+07
1.15066e+06
ratio: 0.000000
Gen:46
0.0877804,0.20697,0.0846654,0.620584,30.5983,-5.25816e+07
1.05287e+06
ratio: 0.000000
Gen:47
0.0852105,0.237399,0.0570147,0.620376,29.0632,-5.20126e+07
1.04186e+06
Gen:48
0.0852105,0.237399,0.0570147,0.620376,29.0632,-5.20126e+07
840008
ratio: 0.000000
Gen:49
0.0852105,0.237399,0.0570147,0.620376,29.0632,-5.20126e+07
1.16683e+06
ratio: 0.000000
Gen:50
0.0859062,0.236703,0.0570147,0.620376,29.0541,-5.20093e+07
958559
Gen:51
0.0883826,0.237404,0.0521709,0.622043,28.4168,-5.18418e+07
908704
Gen:52
0.0883826,0.237404,0.0521709,0.622043,28.4168,-5.18418e+07
981659
ratio: 0.000000
Gen:53
0.0883826,0.237404,0.0521709,0.622043,28.4168,-5.18418e+07
931899
ratio: 0.000000
Gen:54
0.0883826,0.237404,0.0521709,0.622043,28.4168,-5.18418e+07
869257
ratio: 0.000000
Gen:55
0.0883826,0.237404,0.0521709,0.622043,28.4168,-5.18418e+07
947363
ratio: 0.000000
Gen:56
0.0883826,0.237404,0.0521709,0.622043,28.4168,-5.18418e+07
700449
ratio: 0.000000
Gen:57
0.0883826,0.237404,0.0521709,0.622043,28.4168,-5.18418e+07
955030
ratio: 0.000000
Gen:58
0.0883826,0.237404,0.0521709,0.622043,28.4168,-5.18418e+07
991645
ratio: 0.000000
Gen:59
0.0883826,0.237404,0.0521709,0.622043,28.4168,-5.18418e+07
863838
ratio: 0.000000
Gen:60
0.0874741,0.240773,0.062658,0.609095,29.15,-5.16084e+07
885150
Gen:61
0.0874741,0.240773,0.062658,0.609095,29.15,-5.16084e+07
1.02995e+06
ratio: 0.000000
Gen:62
0.0874741,0.240773,0.062658,0.609095,29.15,-5.16084e+07
1.06058e+06
ratio: 0.000000
Gen:63
0.0874741,0.240773,0.062658,0.609095,29.15,-5.16084e+07
991927
ratio: 0.000000
Gen:64
0.0886578,0.240784,0.0628813,0.607677,29.2925,-5.16075e+07
805217
Gen:65
0.0886578,0.240784,0.0628813,0.607677,29.2925,-5.16075e+07
949382
ratio: 0.000000
Gen:66
0.0886578,0.240784,0.0628813,0.607677,29.2925,-5.16075e+07
822178
ratio: 0.000000
Gen:67
0.0886578,0.240784,0.0628813,0.607677,29.2925,-5.16075e+07
797397
ratio: 0.000000
Gen:68
0.0886578,0.240784,0.0628813,0.607677,29.2925,-5.16075e+07
838067
ratio: 0.000000
Gen:69
0.0886578,0.240784,0.0628813,0.607677,29.2925,-5.16075e+07
934112
ratio: 0.000000
Gen:70
0.0886578,0.240784,0.0628813,0.607677,29.2925,-5.16075e+07
759756
ratio: 0.000000
Gen:71
0.0882736,0.24271,0.0623413,0.606675,29.0982,-5.14953e+07
559009
Gen:72
0.0882736,0.24271,0.0623413,0.606675,29.0982,-5.14953e+07
750929
ratio: 0.000000
Gen:73
0.0882736,0.24271,0.0623413,0.606675,29.0982,-5.14953e+07
1.13884e+06
ratio: 0.000000
Gen:74
0.0882736,0.24271,0.0623413,0.606675,29.0982,-5.14953e+07
844911
ratio: 0.000000
Gen:75
0.0882736,0.24271,0.0623413,0.606675,29.0982,-5.14953e+07
614703
ratio: 0.000000
Gen:76
0.0882736,0.24271,0.0623413,0.606675,29.0982,-5.14953e+07
678866
ratio: 0.000000
Gen:77
0.0882736,0.24271,0.0623413,0.606675,29.0982,-5.14953e+07
842084
ratio: 0.000000
Gen:78
0.0882736,0.24271,0.0623413,0.606675,29.0982,-5.14953e+07
924246
ratio: 0.000000
Gen:79
0.0882736,0.24271,0.0623413,0.606675,29.0982,-5.14953e+07
571871
ratio: 0.000000
Gen:80
0.0882736,0.24271,0.0623413,0.606675,29.0982,-5.14953e+07
1.18404e+06
ratio: 0.000000
Gen:81
0.0882736,0.24271,0.0623413,0.606675,29.0982,-5.14953e+07
1.02564e+06
ratio: 0.000000
Gen:82
0.0882736,0.24271,0.0623413,0.606675,29.0982,-5.14953e+07
845800
ratio: 0.000000
Gen:83
0.0882736,0.24271,0.0623413,0.606675,29.0982,-5.14953e+07
813173
ratio: 0.000000
Gen:84
0.0882736,0.24271,0.0623413,0.606675,29.0982,-5.14953e+07
1.15456e+06
ratio: 0.000000
Gen:85
0.0882736,0.24271,0.0623413,0.606675,29.0982,-5.14953e+07
867807
ratio: 0.000000
Gen:86
0.0882736,0.24271,0.0623413,0.606675,29.0982,-5.14953e+07
788215
ratio: 0.000000
Gen:87
0.0882736,0.24271,0.0623413,0.606675,29.0982,-5.14953e+07
667337
ratio: 0.000000
Gen:88
0.0882736,0.24271,0.0623413,0.606675,29.0982,-5.14953e+07
1.1905e+06
ratio: 0.000000
Gen:89
0.0882736,0.24271,0.0623413,0.606675,29.0982,-5.14953e+07
833853
ratio: 0.000000
Gen:90
0.0882736,0.24271,0.0623413,0.606675,29.0982,-5.14953e+07
933372
ratio: 0.000000
Gen:91
0.0882736,0.24271,0.0623413,0.606675,29.0982,-5.14953e+07
1.22494e+06
ratio: 0.000000
Gen:92
0.0882736,0.24271,0.0623413,0.606675,29.0982,-5.14953e+07
878070
ratio: 0.000000
Gen:93
0.0882736,0.24271,0.0623413,0.606675,29.0982,-5.14953e+07
1.13059e+06
ratio: 0.000000
Gen:94
0.0882736,0.24271,0.0623413,0.606675,29.0982,-5.14953e+07
452450
ratio: 0.000000
Gen:95
0.0882736,0.24271,0.0623413,0.606675,29.0982,-5.14953e+07
823164
ratio: 0.000000
Gen:96
0.0882736,0.24271,0.0623413,0.606675,29.0982,-5.14953e+07
1.17311e+06
ratio: 0.000000
Gen:97
0.0882736,0.24271,0.0623413,0.606675,29.0982,-5.14953e+07
1.05745e+06
ratio: 0.000000
Gen:98
0.0882736,0.24271,0.0623413,0.606675,29.0982,-5.14953e+07
608278
ratio: 0.000000
Gen:99
0.0882736,0.24271,0.0623413,0.606675,29.0982,-5.14953e+07
722886
ratio: 0.000000
Gen:100
0.0882736,0.24271,0.0623413,0.606675,29.0982,-5.14953e+07
1.10877e+06
ratio: 0.000000
Gen:101
0.0882736,0.24271,0.0623413,0.606675,29.0982,-5.14953e+07
723916
ratio: 0.000000
Gen:102
0.0882736,0.24271,0.0623413,0.606675,29.0982,-5.14953e+07
1.29298e+06
ratio: 0.000000
Gen:103
0.0882736,0.24271,0.0623413,0.606675,29.0982,-5.14953e+07
1.06374e+06
ratio: 0.000000
Gen:104
0.0882736,0.24271,0.0623413,0.606675,29.0982,-5.14953e+07
868423
ratio: 0.000000
Gen:105
0.0882736,0.24271,0.0623413,0.606675,29.0982,-5.14953e+07
764399
ratio: 0.000000
Gen:106
0.0882736,0.24271,0.0623413,0.606675,29.0982,-5.14953e+07
1.0071e+06
ratio: 0.000000
Gen:107
0.0882736,0.24271,0.0623413,0.606675,29.0982,-5.14953e+07
956126
ratio: 0.000000
Gen:108
0.0882736,0.24271,0.0623413,0.606675,29.0982,-5.14953e+07
906054
ratio: 0.000000
Gen:109
0.0882736,0.24271,0.0623413,0.606675,29.0982,-5.14953e+07
873615
ratio: 0.000000
Gen:110
0.0873858,0.221818,0.100796,0.59,30.4174,-5.13711e+07
756585
Gen:111
0.0873858,0.221818,0.100796,0.59,30.4174,-5.13711e+07
1.18391e+06
ratio: 0.000000
Gen:112
0.0873858,0.221818,0.100796,0.59,30.4174,-5.13711e+07
905294
ratio: 0.000000
Gen:113
0.0873858,0.221818,0.100796,0.59,30.4174,-5.13711e+07
1.36719e+06
ratio: 0.000000
Gen:114
0.0873858,0.221818,0.100796,0.59,30.4174,-5.13711e+07
1.10465e+06
ratio: 0.000000
Gen:115
0.0873858,0.221818,0.100796,0.59,30.4174,-5.13711e+07
575256
ratio: 0.000000
Gen:116
0.0873858,0.221818,0.100796,0.59,30.4174,-5.13711e+07
795186
ratio: 0.000000
Gen:117
0.0873858,0.221818,0.100796,0.59,30.4174,-5.13711e+07
467951
ratio: 0.000000
Gen:118
0.0873858,0.221818,0.100796,0.59,30.4174,-5.13711e+07
1.13947e+06
ratio: 0.000000
Gen:119
0.0873858,0.221818,0.100796,0.59,30.4174,-5.13711e+07
1.31297e+06
ratio: 0.000000
Gen:120
0.0873858,0.221818,0.100796,0.59,30.4174,-5.13711e+07
302310
ratio: 0.000000
Gen:121
0.0873858,0.221818,0.100796,0.59,30.4174,-5.13711e+07
907925
ratio: 0.000000
Gen:122
0.0873858,0.221818,0.100796,0.59,30.4174,-5.13711e+07
1.05039e+06
ratio: 0.000000
Gen:123
0.0873858,0.221818,0.100796,0.59,30.4174,-5.13711e+07
676117
ratio: 0.000000
Gen:124
0.0873858,0.221818,0.100796,0.59,30.4174,-5.13711e+07
683792
ratio: 0.000000
Gen:125
0.0873858,0.221818,0.100796,0.59,30.4174,-5.13711e+07
1.14409e+06
ratio: 0.000000
Gen:126
0.0873858,0.221818,0.100796,0.59,30.4174,-5.13711e+07
1.27646e+06
ratio: 0.000000
Gen:127
0.0873858,0.221818,0.100796,0.59,30.4174,-5.13711e+07
708746
ratio: 0.000000
Gen:128
0.0873858,0.221818,0.100796,0.59,30.4174,-5.13711e+07
819168
ratio: 0.000000
Gen:129
0.0873858,0.221818,0.100796,0.59,30.4174,-5.13711e+07
1.02444e+06
ratio: 0.000000
Gen:130
0.0873858,0.221818,0.100796,0.59,30.4174,-5.13711e+07
420973
ratio: 0.000000
Gen:131
0.0873858,0.221818,0.100796,0.59,30.4174,-5.13711e+07
1.05275e+06
ratio: 0.000000
Gen:132
0.0873858,0.221818,0.100796,0.59,30.4174,-5.13711e+07
1.27735e+06
ratio: 0.000000
Gen:133
0.0876143,0.221564,0.101087,0.589735,30.161,-5.12599e+07
731950
Gen:134
0.0876143,0.221564,0.101087,0.589735,30.161,-5.12599e+07
1.1429e+06
ratio: 0.000000
Gen:135
0.0876143,0.221564,0.101087,0.589735,30.161,-5.12599e+07
1.05798e+06
ratio: 0.000000
Gen:136
0.0876143,0.221564,0.101087,0.589735,30.161,-5.12599e+07
1.18612e+06
ratio: 0.000000
Gen:137
0.0876143,0.221564,0.101087,0.589735,30.161,-5.12599e+07
738409
ratio: 0.000000
Gen:138
0.0876143,0.221564,0.101087,0.589735,30.161,-5.12599e+07
1.07625e+06
ratio: 0.000000
Gen:139
0.0876143,0.221564,0.101087,0.589735,30.161,-5.12599e+07
1.0506e+06
ratio: 0.000000
Gen:140
0.0876143,0.221564,0.101087,0.589735,30.161,-5.12599e+07
966329
ratio: 0.000000
Gen:141
0.0876143,0.221564,0.101087,0.589735,30.161,-5.12599e+07
414138
ratio: 0.000000
Gen:142
0.0876143,0.221564,0.101087,0.589735,30.161,-5.12599e+07
1.41944e+06
ratio: 0.000000
Gen:143
0.0876143,0.221564,0.101087,0.589735,30.161,-5.12599e+07
917768
ratio: 0.000000
Gen:144
0.0876143,0.221564,0.101087,0.589735,30.161,-5.12599e+07
845466
ratio: 0.000000
Gen:145
0.0876143,0.221564,0.101087,0.589735,30.161,-5.12599e+07
958994
ratio: 0.000000
Gen:146
0.0876143,0.221564,0.101087,0.589735,30.161,-5.12599e+07
1.37817e+06
ratio: 0.000000
Gen:147
0.0876143,0.221564,0.101087,0.589735,30.161,-5.12599e+07
923215
ratio: 0.000000
Gen:148
0.0876143,0.221564,0.101087,0.589735,30.161,-5.12599e+07
927756
ratio: 0.000000
Gen:149
0.0876143,0.221564,0.101087,0.589735,30.161,-5.12599e+07
1.23892e+06
ratio: 0.000000
Gen:150
0.0876143,0.221564,0.101087,0.589735,30.161,-5.12599e+07
748282
ratio: 0.000000
Gen:151
0.0876143,0.221564,0.101087,0.589735,30.161,-5.12599e+07
1.52703e+06
ratio: 0.000000
Gen:152
0.0876143,0.221564,0.101087,0.589735,30.161,-5.12599e+07
642355
ratio: 0.000000
Gen:153
0.0876143,0.221564,0.101087,0.589735,30.161,-5.12599e+07
1.05354e+06
ratio: 0.000000
Gen:154
0.0876143,0.221564,0.101087,0.589735,30.161,-5.12599e+07
436945
ratio: 0.000000
Gen:155
0.0876143,0.221564,0.101087,0.589735,30.161,-5.12599e+07
1.40497e+06
ratio: 0.000000
Gen:156
0.088149,0.222571,0.101819,0.587461,30.0997,-5.11499e+07
944683
Gen:157
0.088149,0.222571,0.101819,0.587461,30.0997,-5.11499e+07
1.01369e+06
ratio: 0.000000
Gen:158
0.088149,0.222571,0.101819,0.587461,30.0997,-5.11499e+07
1.31938e+06
ratio: 0.000000
Gen:159
0.088149,0.222571,0.101819,0.587461,30.0997,-5.11499e+07
910051
ratio: 0.000000
Gen:160
0.088149,0.222571,0.101819,0.587461,30.0997,-5.11499e+07
740926
ratio: 0.000000
Gen:161
0.088149,0.222571,0.101819,0.587461,30.0997,-5.11499e+07
574363
ratio: 0.000000
Gen:162
0.088149,0.222571,0.101819,0.587461,30.0997,-5.11499e+07
1.375e+06
ratio: 0.000000
Gen:163
0.088149,0.222571,0.101819,0.587461,30.0997,-5.11499e+07
1.29968e+06
ratio: 0.000000
Gen:164
0.088149,0.222571,0.101819,0.587461,30.0997,-5.11499e+07
758231
ratio: 0.000000
Gen:165
0.088149,0.222571,0.101819,0.587461,30.0997,-5.11499e+07
1.22438e+06
ratio: 0.000000
Gen:166
0.088149,0.222571,0.101819,0.587461,30.0997,-5.11499e+07
906040
ratio: 0.000000
Gen:167
0.088149,0.222571,0.101819,0.587461,30.0997,-5.11499e+07
1.32795e+06
ratio: 0.000000
Gen:168
0.088149,0.222571,0.101819,0.587461,30.0997,-5.11499e+07
1.3522e+06
ratio: 0.000000
Gen:169
0.088149,0.222571,0.101819,0.587461,30.0997,-5.11499e+07
622679
ratio: 0.000000
Gen:170
0.088149,0.222571,0.101819,0.587461,30.0997,-5.11499e+07
988026
ratio: 0.000000
Gen:171
0.088149,0.222571,0.101819,0.587461,30.0997,-5.11499e+07
1.02728e+06
ratio: 0.000000
Gen:172
0.0889849,0.220219,0.101279,0.589517,29.7992,-5.11087e+07
1.17948e+06
Gen:173
0.0889849,0.220219,0.101279,0.589517,29.7992,-5.11087e+07
715795
ratio: 0.000000
Gen:174
0.0889849,0.220219,0.101279,0.589517,29.7992,-5.11087e+07
943017
ratio: 0.000000
Gen:175
0.0889849,0.220219,0.101279,0.589517,29.7992,-5.11087e+07
837949
ratio: 0.000000
Gen:176
0.0889849,0.220219,0.101279,0.589517,29.7992,-5.11087e+07
1.23472e+06
ratio: 0.000000
Gen:177
0.0889849,0.220219,0.101279,0.589517,29.7992,-5.11087e+07
1.16947e+06
ratio: 0.000000
Gen:178
0.0889849,0.220219,0.101279,0.589517,29.7992,-5.11087e+07
948865
ratio: 0.000000
Gen:179
0.0889849,0.220219,0.101279,0.589517,29.7992,-5.11087e+07
1.19246e+06
ratio: 0.000000
Gen:180
0.0889849,0.220219,0.101279,0.589517,29.7992,-5.11087e+07
1.16156e+06
ratio: 0.000000
Gen:181
0.0889849,0.220219,0.101279,0.589517,29.7992,-5.11087e+07
1.13628e+06
ratio: 0.000000
Gen:182
0.0889849,0.220219,0.101279,0.589517,29.7992,-5.11087e+07
1.22082e+06
ratio: 0.000000
Gen:183
0.0889849,0.220219,0.101279,0.589517,29.7992,-5.11087e+07
1.17591e+06
ratio: 0.000000
Gen:184
0.0889849,0.220219,0.101279,0.589517,29.7992,-5.11087e+07
695818
ratio: 0.000000
Gen:185
0.0889849,0.220219,0.101279,0.589517,29.7992,-5.11087e+07
1.26091e+06
ratio: 0.000000
Gen:186
0.0889849,0.220219,0.101279,0.589517,29.7992,-5.11087e+07
1.09728e+06
ratio: 0.000000
Gen:187
0.0889849,0.220219,0.101279,0.589517,29.7992,-5.11087e+07
1.0402e+06
ratio: 0.000000
Gen:188
0.0889849,0.220219,0.101279,0.589517,29.7992,-5.11087e+07
1.1606e+06
ratio: 0.000000
Gen:189
0.0889849,0.220219,0.101279,0.589517,29.7992,-5.11087e+07
1.21621e+06
ratio: 0.000000
Gen:190
0.0889849,0.220219,0.101279,0.589517,29.7992,-5.11087e+07
746345
ratio: 0.000000
Gen:191
0.0889849,0.220219,0.101279,0.589517,29.7992,-5.11087e+07
1.10279e+06
ratio: 0.000000
Gen:192
0.0889849,0.220219,0.101279,0.589517,29.7992,-5.11087e+07
1.51936e+06
ratio: 0.000000
Gen:193
0.0889849,0.220219,0.101279,0.589517,29.7992,-5.11087e+07
1.23415e+06
ratio: 0.000000
Gen:194
0.0889849,0.220219,0.101279,0.589517,29.7992,-5.11087e+07
818656
ratio: 0.000000
Gen:195
0.0889849,0.220219,0.101279,0.589517,29.7992,-5.11087e+07
1.21731e+06
ratio: 0.000000
Gen:196
0.0889849,0.220219,0.101279,0.589517,29.7992,-5.11087e+07
221385
ratio: 0.000000
Gen:197
0.0889849,0.220219,0.101279,0.589517,29.7992,-5.11087e+07
920222
ratio: 0.000000
Gen:198
0.0889849,0.220219,0.101279,0.589517,29.7992,-5.11087e+07
1.13096e+06
ratio: 0.000000
Gen:199
0.0889849,0.220219,0.101279,0.589517,29.7992,-5.11087e+07
1.23876e+06
ratio: 0.000000
Gen:200
0.0889849,0.220219,0.101279,0.589517,29.7992,-5.11087e+07
1.05114e+06
ratio: 0.000000
FINAL Population size
18
Best : -5.11087e+07   9:29-23-69-38-36-41-35-6-47- ,  9:0-2-50-33-58-34-25-4-12- ,  9:36-22-13-43-61-60-17-10-59- ,  9:52-64-58-45-36-54-5-37-67- ,  9:1-16-10-20-33-22-19-18-32- ,  9:48-66-19-36-41-51-8-28-56- , 

0.0889849
0.220219
0.101279
0.589517
29.7992
-5.11087e+07
Initial : -5.70956e+07
0.0668165
0.0982624
0.06691
0.768011
26.2268

-----------------------------------------
Iteration:0 started

Gen:0
0.0668165,0.0982624,0.06691,0.768011,26.2268,-5.70956e+07
1.07566e+06
ratio: 0.000000
Gen:1
0.0671748,0.124054,0.0605814,0.748189,28.4437,-5.68116e+07
812369
Gen:2
0.069781,0.134448,0.0622271,0.733544,29.1535,-5.64179e+07
1.16678e+06
Gen:3
0.0707414,0.128841,0.084084,0.716333,29.1502,-5.57521e+07
1.10659e+06
Gen:4
0.0720393,0.187076,0.0537076,0.687177,29.8276,-5.48296e+07
579914
Gen:5
0.0745677,0.197008,0.0565994,0.671825,30.7429,-5.45357e+07
838126
Gen:6
0.0775009,0.194074,0.0565994,0.671825,30.6011,-5.44909e+07
610854
Gen:7
0.0780409,0.203549,0.0604464,0.657964,31.0077,-5.41086e+07
883047
Gen:8
0.0805848,0.203705,0.0577467,0.657964,30.7536,-5.40249e+07
1.01081e+06
Gen:9
0.0836167,0.214654,0.0611317,0.640598,31.2022,-5.3536e+07
1.04199e+06
Gen:10
0.0836167,0.214654,0.0611317,0.640598,31.2022,-5.3536e+07
712155
ratio: 0.000000
Gen:11
0.0808807,0.216378,0.062144,0.640598,30.8465,-5.34129e+07
544221
Gen:12
0.0833519,0.213906,0.062144,0.640598,30.4384,-5.32716e+07
819561
Gen:13
0.0814414,0.21496,0.0623361,0.641262,30.2036,-5.32154e+07
791680
Gen:14
0.0842086,0.227789,0.0650306,0.622972,31.1599,-5.28745e+07
437653
Gen:15
0.0842086,0.227789,0.0650306,0.622972,31.1599,-5.28745e+07
527145
ratio: 0.000000
Gen:16
0.0842086,0.227789,0.0650306,0.622972,31.1599,-5.28745e+07
683491
ratio: 0.000000
Gen:17
0.0842086,0.227789,0.0650306,0.622972,31.1599,-5.28745e+07
1.21147e+06
ratio: 0.000000
Gen:18
0.0842086,0.227789,0.0650306,0.622972,31.1599,-5.28745e+07
1.05649e+06
ratio: 0.000000
Gen:19
0.0842086,0.227789,0.0650306,0.622972,31.1599,-5.28745e+07
990390
ratio: 0.000000
Gen:20
0.0842086,0.227789,0.0650306,0.622972,31.1599,-5.28745e+07
858406
ratio: 0.000000
Gen:21
0.0842086,0.227789,0.0650306,0.622972,31.1599,-5.28745e+07
1.01532e+06
ratio: 0.000000
Gen:22
0.0842086,0.227789,0.0650306,0.622972,31.1599,-5.28745e+07
969446
ratio: 0.000000
Gen:23
0.0851534,0.239911,0.0689815,0.605954,31.9555,-5.25518e+07
986771
Gen:24
0.0851534,0.239911,0.0689815,0.605954,31.9555,-5.25518e+07
400796
ratio: 0.000000
Gen:25
0.0851534,0.239911,0.0689815,0.605954,31.9555,-5.25518e+07
1.03402e+06
ratio: 0.000000
Gen:26
0.086576,0.246115,0.0613549,0.605954,31.2308,-5.22768e+07
1.10401e+06
Gen:27
0.086576,0.246115,0.0613549,0.605954,31.2308,-5.22768e+07
1.10063e+06
ratio: 0.000000
Gen:28
0.086576,0.246115,0.0613549,0.605954,31.2308,-5.22768e+07
662202
ratio: 0.000000
Gen:29
0.086576,0.246115,0.0613549,0.605954,31.2308,-5.22768e+07
650990
ratio: 0.000000
Gen:30
0.086576,0.246115,0.0613549,0.605954,31.2308,-5.22768e+07
1.12155e+06
ratio: 0.000000
Gen:31
0.086576,0.246115,0.0613549,0.605954,31.2308,-5.22768e+07
891875
ratio: 0.000000
Gen:32
0.086576,0.246115,0.0613549,0.605954,31.2308,-5.22768e+07
1.14431e+06
ratio: 0.000000
Gen:33
0.086576,0.246115,0.0613549,0.605954,31.2308,-5.22768e+07
1.03712e+06
ratio: 0.000000
Gen:34
0.086576,0.246115,0.0613549,0.605954,31.2308,-5.22768e+07
858134
ratio: 0.000000
Gen:35
0.0860672,0.247065,0.0777398,0.589128,32.6029,-5.22033e+07
611030
Gen:36
0.0860672,0.247065,0.0777398,0.589128,32.6029,-5.22033e+07
1.17012e+06
ratio: 0.000000
Gen:37
0.0860672,0.247065,0.0777398,0.589128,32.6029,-5.22033e+07
891299
ratio: 0.000000
Gen:38
0.0860672,0.247065,0.0777398,0.589128,32.6029,-5.22033e+07
1.12492e+06
ratio: 0.000000
Gen:39
0.0860672,0.247065,0.0777398,0.589128,32.6029,-5.22033e+07
903631
ratio: 0.000000
Gen:40
0.0860672,0.247065,0.0777398,0.589128,32.6029,-5.22033e+07
835879
ratio: 0.000000
Gen:41
0.0860672,0.247065,0.0777398,0.589128,32.6029,-5.22033e+07
962037
ratio: 0.000000
Gen:42
0.0860672,0.247065,0.0777398,0.589128,32.6029,-5.22033e+07
254985
ratio: 0.000000
Gen:43
0.0860672,0.247065,0.0777398,0.589128,32.6029,-5.22033e+07
803004
ratio: 0.000000
Gen:44
0.0860672,0.247065,0.0777398,0.589128,32.6029,-5.22033e+07
1.02778e+06
ratio: 0.000000
Gen:45
0.0860672,0.247065,0.0777398,0.589128,32.6029,-5.22033e+07
1.01895e+06
ratio: 0.000000
Gen:46
0.0860672,0.247065,0.0777398,0.589128,32.6029,-5.22033e+07
1.20287e+06
ratio: 0.000000
Gen:47
0.0860672,0.247065,0.0777398,0.589128,32.6029,-5.22033e+07
766152
ratio: 0.000000
Gen:48
0.0860672,0.247065,0.0777398,0.589128,32.6029,-5.22033e+07
988874
ratio: 0.000000
Gen:49
0.0860672,0.247065,0.0777398,0.589128,32.6029,-5.22033e+07
1.06675e+06
ratio: 0.000000
Gen:50
0.0868875,0.247091,0.0786535,0.587368,32.7277,-5.21907e+07
1.02147e+06
Gen:51
0.0868875,0.247091,0.0786535,0.587368,32.7277,-5.21907e+07
1.39225e+06
ratio: 0.000000
Gen:52
0.0868875,0.247091,0.0786535,0.587368,32.7277,-5.21907e+07
904125
ratio: 0.000000
Gen:53
0.0868875,0.247091,0.0786535,0.587368,32.7277,-5.21907e+07
860978
ratio: 0.000000
Gen:54
0.0868875,0.247091,0.0786535,0.587368,32.7277,-5.21907e+07
1.00909e+06
ratio: 0.000000
Gen:55
0.0868875,0.247091,0.0786535,0.587368,32.7277,-5.21907e+07
1.2335e+06
ratio: 0.000000
Gen:56
0.0868875,0.247091,0.0786535,0.587368,32.7277,-5.21907e+07
1.23366e+06
ratio: 0.000000
Gen:57
0.0868875,0.247091,0.0786535,0.587368,32.7277,-5.21907e+07
743127
ratio: 0.000000
Gen:58
0.0868875,0.247091,0.0786535,0.587368,32.7277,-5.21907e+07
767547
ratio: 0.000000
Gen:59
0.0868875,0.247091,0.0786535,0.587368,32.7277,-5.21907e+07
578926
ratio: 0.000000
Gen:60
0.0868875,0.247091,0.0786535,0.587368,32.7277,-5.21907e+07
759723
ratio: 0.000000
Gen:61
0.0868875,0.247091,0.0786535,0.587368,32.7277,-5.21907e+07
916857
ratio: 0.000000
Gen:62
0.0868875,0.247091,0.0786535,0.587368,32.7277,-5.21907e+07
1.05491e+06
ratio: 0.000000
Gen:63
0.0868875,0.247091,0.0786535,0.587368,32.7277,-5.21907e+07
1.09046e+06
ratio: 0.000000
Gen:64
0.0868875,0.247091,0.0786535,0.587368,32.7277,-5.21907e+07
706530
ratio: 0.000000
Gen:65
0.0868875,0.247091,0.0786535,0.587368,32.7277,-5.21907e+07
1.10921e+06
ratio: 0.000000
Gen:66
0.0868875,0.247091,0.0786535,0.587368,32.7277,-5.21907e+07
928430
ratio: 0.000000
Gen:67
0.0868875,0.247091,0.0786535,0.587368,32.7277,-5.21907e+07
1.21935e+06
ratio: 0.000000
Gen:68
0.0868875,0.247091,0.0786535,0.587368,32.7277,-5.21907e+07
1.22748e+06
ratio: 0.000000
Gen:69
0.0868875,0.247091,0.0786535,0.587368,32.7277,-5.21907e+07
292443
ratio: 0.000000
Gen:70
0.0868875,0.247091,0.0786535,0.587368,32.7277,-5.21907e+07
965053
ratio: 0.000000
Gen:71
0.0868875,0.247091,0.0786535,0.587368,32.7277,-5.21907e+07
801221
ratio: 0.000000
Gen:72
0.0868875,0.247091,0.0786535,0.587368,32.7277,-5.21907e+07
1.03957e+06
ratio: 0.000000
Gen:73
0.0868875,0.247091,0.0786535,0.587368,32.7277,-5.21907e+07
1.11268e+06
ratio: 0.000000
Gen:74
0.0868875,0.247091,0.0786535,0.587368,32.7277,-5.21907e+07
904358
ratio: 0.000000
Gen:75
0.0868875,0.247091,0.0786535,0.587368,32.7277,-5.21907e+07
953762
ratio: 0.000000
Gen:76
0.0868875,0.247091,0.0786535,0.587368,32.7277,-5.21907e+07
911527
ratio: 0.000000
Gen:77
0.0868875,0.247091,0.0786535,0.587368,32.7277,-5.21907e+07
591463
ratio: 0.000000
Gen:78
0.0868875,0.247091,0.0786535,0.587368,32.7277,-5.21907e+07
735509
ratio: 0.000000
Gen:79
0.0868875,0.247091,0.0786535,0.587368,32.7277,-5.21907e+07
945508
ratio: 0.000000
Gen:80
0.0868875,0.247091,0.0786535,0.587368,32.7277,-5.21907e+07
1.27161e+06
ratio: 0.000000
Gen:81
0.0868875,0.247091,0.0786535,0.587368,32.7277,-5.21907e+07
959810
ratio: 0.000000
Gen:82
0.0868875,0.247091,0.0786535,0.587368,32.7277,-5.21907e+07
1.04225e+06
ratio: 0.000000
Gen:83
0.0868875,0.247091,0.0786535,0.587368,32.7277,-5.21907e+07
675528
ratio: 0.000000
Gen:84
0.0868875,0.247091,0.0786535,0.587368,32.7277,-5.21907e+07
1.31312e+06
ratio: 0.000000
Gen:85
0.0868875,0.247091,0.0786535,0.587368,32.7277,-5.21907e+07
1.16888e+06
ratio: 0.000000
Gen:86
0.0868875,0.247091,0.0786535,0.587368,32.7277,-5.21907e+07
861123
ratio: 0.000000
Gen:87
0.0868875,0.247091,0.0786535,0.587368,32.7277,-5.21907e+07
683505
ratio: 0.000000
Gen:88
0.0868875,0.247091,0.0786535,0.587368,32.7277,-5.21907e+07
916039
ratio: 0.000000
Gen:89
0.087173,0.247491,0.0778384,0.587497,32.6049,-5.21465e+07
791997
Gen:90
0.087173,0.247491,0.0778384,0.587497,32.6049,-5.21465e+07
701664
ratio: 0.000000
Gen:91
0.087173,0.247491,0.0778384,0.587497,32.6049,-5.21465e+07
1.04497e+06
ratio: 0.000000
Gen:92
0.087173,0.247491,0.0778384,0.587497,32.6049,-5.21465e+07
1.19985e+06
ratio: 0.000000
Gen:93
0.087173,0.247491,0.0778384,0.587497,32.6049,-5.21465e+07
1.24254e+06
ratio: 0.000000
Gen:94
0.087173,0.247491,0.0778384,0.587497,32.6049,-5.21465e+07
893292
ratio: 0.000000
Gen:95
0.087173,0.247491,0.0778384,0.587497,32.6049,-5.21465e+07
1.03488e+06
ratio: 0.000000
Gen:96
0.087173,0.247491,0.0778384,0.587497,32.6049,-5.21465e+07
849080
ratio: 0.000000
Gen:97
0.087173,0.247491,0.0778384,0.587497,32.6049,-5.21465e+07
829278
ratio: 0.000000
Gen:98
0.087173,0.247491,0.0778384,0.587497,32.6049,-5.21465e+07
1.0876e+06
ratio: 0.000000
Gen:99
0.087173,0.247491,0.0778384,0.587497,32.6049,-5.21465e+07
725449
ratio: 0.000000
Gen:100
0.087173,0.247491,0.0778384,0.587497,32.6049,-5.21465e+07
541253
ratio: 0.000000
Gen:101
0.087173,0.247491,0.0778384,0.587497,32.6049,-5.21465e+07
852706
ratio: 0.000000
Gen:102
0.087173,0.247491,0.0778384,0.587497,32.6049,-5.21465e+07
975190
ratio: 0.000000
Gen:103
0.087173,0.247491,0.0778384,0.587497,32.6049,-5.21465e+07
670940
ratio: 0.000000
Gen:104
0.087173,0.247491,0.0778384,0.587497,32.6049,-5.21465e+07
1.24102e+06
ratio: 0.000000
Gen:105
0.087173,0.247491,0.0778384,0.587497,32.6049,-5.21465e+07
1.02098e+06
ratio: 0.000000
Gen:106
0.087173,0.247491,0.0778384,0.587497,32.6049,-5.21465e+07
724215
ratio: 0.000000
Gen:107
0.0877077,0.248441,0.0772517,0.586599,32.6478,-5.21319e+07
964387
Gen:108
0.0877077,0.248441,0.0772517,0.586599,32.6478,-5.21319e+07
1.19902e+06
ratio: 0.000000
Gen:109
0.0879569,0.250554,0.0756683,0.585821,32.3271,-5.19765e+07
1.11017e+06
Gen:110
0.0879569,0.250554,0.0756683,0.585821,32.3271,-5.19765e+07
859900
ratio: 0.000000
Gen:111
0.0879569,0.250554,0.0756683,0.585821,32.3271,-5.19765e+07
346065
ratio: 0.000000
Gen:112
0.0879569,0.250554,0.0756683,0.585821,32.3271,-5.19765e+07
1.09964e+06
ratio: 0.000000
Gen:113
0.0879569,0.250554,0.0756683,0.585821,32.3271,-5.19765e+07
464589
ratio: 0.000000
Gen:114
0.0879569,0.250554,0.0756683,0.585821,32.3271,-5.19765e+07
1.26815e+06
ratio: 0.000000
Gen:115
0.0879569,0.250554,0.0756683,0.585821,32.3271,-5.19765e+07
1.05629e+06
ratio: 0.000000
Gen:116
0.0879569,0.250554,0.0756683,0.585821,32.3271,-5.19765e+07
399746
ratio: 0.000000
Gen:117
0.0879569,0.250554,0.0756683,0.585821,32.3271,-5.19765e+07
936318
ratio: 0.000000
Gen:118
0.0879569,0.250554,0.0756683,0.585821,32.3271,-5.19765e+07
897541
ratio: 0.000000
Gen:119
0.0879569,0.250554,0.0756683,0.585821,32.3271,-5.19765e+07
973101
ratio: 0.000000
Gen:120
0.0883048,0.250975,0.0763017,0.584419,32.2951,-5.19138e+07
650192
Gen:121
0.0883048,0.250975,0.0763017,0.584419,32.2951,-5.19138e+07
724788
ratio: 0.000000
Gen:122
0.0883048,0.250975,0.0763017,0.584419,32.2951,-5.19138e+07
1.09688e+06
ratio: 0.000000
Gen:123
0.0883048,0.250975,0.0763017,0.584419,32.2951,-5.19138e+07
740916
ratio: 0.000000
Gen:124
0.0883048,0.250975,0.0763017,0.584419,32.2951,-5.19138e+07
1.40849e+06
ratio: 0.000000
Gen:125
0.0883048,0.250975,0.0763017,0.584419,32.2951,-5.19138e+07
789563
ratio: 0.000000
Gen:126
0.0883048,0.250975,0.0763017,0.584419,32.2951,-5.19138e+07
488575
ratio: 0.000000
Gen:127
0.0883048,0.250975,0.0763017,0.584419,32.2951,-5.19138e+07
818082
ratio: 0.000000
Gen:128
0.0883048,0.250975,0.0763017,0.584419,32.2951,-5.19138e+07
1.10891e+06
ratio: 0.000000
Gen:129
0.0883048,0.250975,0.0763017,0.584419,32.2951,-5.19138e+07
676293
ratio: 0.000000
Gen:130
0.0883048,0.250975,0.0763017,0.584419,32.2951,-5.19138e+07
1.0676e+06
ratio: 0.000000
Gen:131
0.0883048,0.250975,0.0763017,0.584419,32.2951,-5.19138e+07
1.53947e+06
ratio: 0.000000
Gen:132
0.0883048,0.250975,0.0763017,0.584419,32.2951,-5.19138e+07
470406
ratio: 0.000000
Gen:133
0.0883048,0.250975,0.0763017,0.584419,32.2951,-5.19138e+07
920252
ratio: 0.000000
Gen:134
0.0883048,0.250975,0.0763017,0.584419,32.2951,-5.19138e+07
977529
ratio: 0.000000
Gen:135
0.0883048,0.250975,0.0763017,0.584419,32.2951,-5.19138e+07
835078
ratio: 0.000000
Gen:136
0.0883048,0.250975,0.0763017,0.584419,32.2951,-5.19138e+07
1.12129e+06
ratio: 0.000000
Gen:137
0.0883048,0.250975,0.0763017,0.584419,32.2951,-5.19138e+07
1.00618e+06
ratio: 0.000000
Gen:138
0.0883048,0.250975,0.0763017,0.584419,32.2951,-5.19138e+07
1.125e+06
ratio: 0.000000
Gen:139
0.0883048,0.250975,0.0763017,0.584419,32.2951,-5.19138e+07
573946
ratio: 0.000000
Gen:140
0.0883048,0.250975,0.0763017,0.584419,32.2951,-5.19138e+07
726847
ratio: 0.000000
Gen:141
0.0883048,0.250975,0.0763017,0.584419,32.2951,-5.19138e+07
1.0986e+06
ratio: 0.000000
Gen:142
0.0883048,0.250975,0.0763017,0.584419,32.2951,-5.19138e+07
861307
ratio: 0.000000
Gen:143
0.091913,0.240638,0.0800033,0.587446,31.1333,-5.156e+07
884548
Gen:144
0.091913,0.240638,0.0800033,0.587446,31.1333,-5.156e+07
848022
ratio: 0.000000
Gen:145
0.091913,0.240638,0.0800033,0.587446,31.1333,-5.156e+07
911278
ratio: 0.000000
Gen:146
0.091913,0.240638,0.0800033,0.587446,31.1333,-5.156e+07
1.04598e+06
ratio: 0.000000
Gen:147
0.091913,0.240638,0.0800033,0.587446,31.1333,-5.156e+07
874172
ratio: 0.000000
Gen:148
0.091913,0.240638,0.0800033,0.587446,31.1333,-5.156e+07
582275
ratio: 0.000000
Gen:149
0.091913,0.240638,0.0800033,0.587446,31.1333,-5.156e+07
915764
ratio: 0.000000
Gen:150
0.091913,0.240638,0.0800033,0.587446,31.1333,-5.156e+07
966090
ratio: 0.000000
Gen:151
0.091913,0.240638,0.0800033,0.587446,31.1333,-5.156e+07
998636
ratio: 0.000000
Gen:152
0.091913,0.240638,0.0800033,0.587446,31.1333,-5.156e+07
829721
ratio: 0.000000
Gen:153
0.091913,0.240638,0.0800033,0.587446,31.1333,-5.156e+07
987418
ratio: 0.000000
Gen:154
0.091913,0.240638,0.0800033,0.587446,31.1333,-5.156e+07
805873
ratio: 0.000000
Gen:155
0.091913,0.240638,0.0800033,0.587446,31.1333,-5.156e+07
725416
ratio: 0.000000
Gen:156
0.091913,0.240638,0.0800033,0.587446,31.1333,-5.156e+07
986040
ratio: 0.000000
Gen:157
0.091913,0.240638,0.0800033,0.587446,31.1333,-5.156e+07
884520
ratio: 0.000000
Gen:158
0.091913,0.240638,0.0800033,0.587446,31.1333,-5.156e+07
1.18823e+06
ratio: 0.000000
Gen:159
0.091913,0.240638,0.0800033,0.587446,31.1333,-5.156e+07
999335
ratio: 0.000000
Gen:160
0.091913,0.240638,0.0800033,0.587446,31.1333,-5.156e+07
718916
ratio: 0.000000
Gen:161
0.091913,0.240638,0.0800033,0.587446,31.1333,-5.156e+07
1.3245e+06
ratio: 0.000000
Gen:162
0.091913,0.240638,0.0800033,0.587446,31.1333,-5.156e+07
268001
ratio: 0.000000
Gen:163
0.091913,0.240638,0.0800033,0.587446,31.1333,-5.156e+07
1.03924e+06
ratio: 0.000000
Gen:164
0.091913,0.240638,0.0800033,0.587446,31.1333,-5.156e+07
819606
ratio: 0.000000
Gen:165
0.091913,0.240638,0.0800033,0.587446,31.1333,-5.156e+07
1.10488e+06
ratio: 0.000000
Gen:166
0.091913,0.240638,0.0800033,0.587446,31.1333,-5.156e+07
775359
ratio: 0.000000
Gen:167
0.091913,0.240638,0.0800033,0.587446,31.1333,-5.156e+07
1.08337e+06
ratio: 0.000000
Gen:168
0.091913,0.240638,0.0800033,0.587446,31.1333,-5.156e+07
1.23803e+06
ratio: 0.000000
Gen:169
0.091913,0.240638,0.0800033,0.587446,31.1333,-5.156e+07
935512
ratio: 0.000000
Gen:170
0.091913,0.240638,0.0800033,0.587446,31.1333,-5.156e+07
835026
ratio: 0.000000
Gen:171
0.091913,0.240638,0.0800033,0.587446,31.1333,-5.156e+07
973838
ratio: 0.000000
Gen:172
0.091913,0.240638,0.0800033,0.587446,31.1333,-5.156e+07
1.31561e+06
ratio: 0.000000
Gen:173
0.09224,0.240026,0.0792194,0.588515,31.0213,-5.15549e+07
1.1942e+06
Gen:174
0.09224,0.240026,0.0792194,0.588515,31.0213,-5.15549e+07
745811
ratio: 0.000000
Gen:175
0.09224,0.240026,0.0792194,0.588515,31.0213,-5.15549e+07
713066
ratio: 0.000000
Gen:176
0.09224,0.240026,0.0792194,0.588515,31.0213,-5.15549e+07
1.01595e+06
ratio: 0.000000
Gen:177
0.09224,0.240026,0.0792194,0.588515,31.0213,-5.15549e+07
1.01243e+06
ratio: 0.000000
Gen:178
0.09224,0.240026,0.0792194,0.588515,31.0213,-5.15549e+07
854487
ratio: 0.000000
Gen:179
0.09224,0.240026,0.0792194,0.588515,31.0213,-5.15549e+07
1.27535e+06
ratio: 0.000000
Gen:180
0.09224,0.240026,0.0792194,0.588515,31.0213,-5.15549e+07
606633
ratio: 0.000000
Gen:181
0.09224,0.240026,0.0792194,0.588515,31.0213,-5.15549e+07
1.01735e+06
ratio: 0.000000
Gen:182
0.09224,0.240026,0.0792194,0.588515,31.0213,-5.15549e+07
752742
ratio: 0.000000
Gen:183
0.09224,0.240026,0.0792194,0.588515,31.0213,-5.15549e+07
805852
ratio: 0.000000
Gen:184
0.09224,0.240026,0.0792194,0.588515,31.0213,-5.15549e+07
659442
ratio: 0.000000
Gen:185
0.09224,0.240026,0.0792194,0.588515,31.0213,-5.15549e+07
857193
ratio: 0.000000
Gen:186
0.09224,0.240026,0.0792194,0.588515,31.0213,-5.15549e+07
1.06944e+06
ratio: 0.000000
Gen:187
0.09224,0.240026,0.0792194,0.588515,31.0213,-5.15549e+07
907698
ratio: 0.000000
Gen:188
0.09224,0.240026,0.0792194,0.588515,31.0213,-5.15549e+07
940310
ratio: 0.000000
Gen:189
0.09224,0.240026,0.0792194,0.588515,31.0213,-5.15549e+07
693015
ratio: 0.000000
Gen:190
0.09224,0.240026,0.0792194,0.588515,31.0213,-5.15549e+07
536380
ratio: 0.000000
Gen:191
0.09224,0.240026,0.0792194,0.588515,31.0213,-5.15549e+07
806864
ratio: 0.000000
Gen:192
0.09224,0.240026,0.0792194,0.588515,31.0213,-5.15549e+07
863635
ratio: 0.000000
Gen:193
0.09224,0.240026,0.0792194,0.588515,31.0213,-5.15549e+07
537498
ratio: 0.000000
Gen:194
0.09224,0.240026,0.0792194,0.588515,31.0213,-5.15549e+07
1.25305e+06
ratio: 0.000000
Gen:195
0.0912017,0.236744,0.0820229,0.590031,30.0592,-5.12308e+07
1.317e+06
Gen:196
0.0912017,0.236744,0.0820229,0.590031,30.0592,-5.12308e+07
875251
ratio: 0.000000
Gen:197
0.0912017,0.236744,0.0820229,0.590031,30.0592,-5.12308e+07
1.0724e+06
ratio: 0.000000
Gen:198
0.0912017,0.236744,0.0820229,0.590031,30.0592,-5.12308e+07
843389
ratio: 0.000000
Gen:199
0.0912017,0.236744,0.0820229,0.590031,30.0592,-5.12308e+07
941711
ratio: 0.000000
Gen:200
0.0912017,0.236744,0.0820229,0.590031,30.0592,-5.12308e+07
801083
ratio: 0.000000
FINAL Population size
18
Best : -5.12308e+07   9:29-19-36-41-35-6-63-24-42- ,  9:13-22-38-69-23-50-43-20-10- ,  9:7-4-12-41-51-8-26-30-62- ,  9:52-64-58-45-36-54-5-37-32- ,  9:25-27-41-58-33-50-2-14-44- ,  9:46-40-12-41-36-38-66-48-3- , 

0.0912017
0.236744
0.0820229
0.590031
30.0592
-5.12308e+07
All Run Best : -5.03726e+07   9:0-23-29-69-38-36-41-35-34- ,  10:48-66-19-22-33-20-10-16-26-62- ,  9:65-19-36-22-13-43-61-60-17- ,  9:52-64-58-45-36-54-5-37-32- ,  9:46-40-12-41-58-33-50-2-14- ,  10:39-18-54-36-41-51-8-26-49-15- , 

0.0977172
0.23921
0.083056
0.580016
28.8723
-5.03726e+07
