routeSetSize:6,pSwap:0.06667,popSize:18,elite:2,pSm:0.7,pDelete:0.4,tFit:10,maxGen:200,maxIter:1,beta:0.8,run:5,stableCount:20,e:0.7,minGen:10,minFitnessRatio:0.0001,minRouteLength:2,maxRouteLength:8,maxRouteLength:8, OpATT19.2695
Initial : -5.92014e+07
0.0559141
0.094244
0.0259063
0.823936
24.9737

-----------------------------------------
Iteration:0 started

Gen:0
0.0687011,0.110551,0.0880296,0.732718,31.2708,-5.6931e+07
782887
Gen:1
0.0716863,0.112815,0.0943427,0.721156,32.2267,-5.67646e+07
1.12949e+06
Gen:2
0.070757,0.108355,0.0881698,0.732718,29.7335,-5.65353e+07
500329
Gen:3
0.0769558,0.114554,0.0986258,0.709865,30.4472,-5.58645e+07
1.15736e+06
Gen:4
0.0792194,0.119117,0.103376,0.698287,30.774,-5.55266e+07
609967
Gen:5
0.0822721,0.128618,0.10769,0.68142,31.0133,-5.49747e+07
722608
Gen:6
0.0822721,0.128618,0.10769,0.68142,31.0133,-5.49747e+07
860449
ratio: 0.000000
Gen:7
0.0852728,0.1345,0.118728,0.661499,31.6574,-5.44507e+07
1.06195e+06
Gen:8
0.0852728,0.1345,0.118728,0.661499,31.6574,-5.44507e+07
1.12561e+06
ratio: 0.000000
Gen:9
0.0839178,0.163854,0.0666815,0.685547,28.0395,-5.42261e+07
1.43875e+06
Gen:10
0.0819658,0.167862,0.0653421,0.684831,27.2908,-5.39704e+07
744300
Gen:11
0.0819658,0.167862,0.0653421,0.684831,27.2908,-5.39704e+07
669518
ratio: 0.000000
Gen:12
0.0851015,0.177653,0.0679016,0.669344,27.7474,-5.34897e+07
763554
Gen:13
0.0851015,0.177653,0.0679016,0.669344,27.7474,-5.34897e+07
411301
ratio: 0.000000
Gen:14
0.0851015,0.177653,0.0679016,0.669344,27.7474,-5.34897e+07
920765
ratio: 0.000000
Gen:15
0.0851015,0.177653,0.0679016,0.669344,27.7474,-5.34897e+07
977750
ratio: 0.000000
Gen:16
0.0851015,0.177653,0.0679016,0.669344,27.7474,-5.34897e+07
547738
ratio: 0.000000
Gen:17
0.0870588,0.162203,0.0896183,0.66112,28.5094,-5.34096e+07
641058
Gen:18
0.0870588,0.162203,0.0896183,0.66112,28.5094,-5.34096e+07
736592
ratio: 0.000000
Gen:19
0.0870588,0.162203,0.0896183,0.66112,28.5094,-5.34096e+07
953029
ratio: 0.000000
Gen:20
0.0870588,0.162203,0.0896183,0.66112,28.5094,-5.34096e+07
1.09707e+06
ratio: 0.000000
Gen:21
0.0870588,0.162203,0.0896183,0.66112,28.5094,-5.34096e+07
634238
ratio: 0.000000
Gen:22
0.0870588,0.162203,0.0896183,0.66112,28.5094,-5.34096e+07
785883
ratio: 0.000000
Gen:23
0.0870588,0.162203,0.0896183,0.66112,28.5094,-5.34096e+07
880759
ratio: 0.000000
Gen:24
0.0870588,0.162203,0.0896183,0.66112,28.5094,-5.34096e+07
1.81391e+06
ratio: 0.000000
Gen:25
0.0870588,0.162203,0.0896183,0.66112,28.5094,-5.34096e+07
643771
ratio: 0.000000
Gen:26
0.0870588,0.162203,0.0896183,0.66112,28.5094,-5.34096e+07
1.46605e+06
ratio: 0.000000
Gen:27
0.0870588,0.162203,0.0896183,0.66112,28.5094,-5.34096e+07
893950
ratio: 0.000000
Gen:28
0.0870588,0.162203,0.0896183,0.66112,28.5094,-5.34096e+07
961298
ratio: 0.000000
Gen:29
0.0870588,0.162203,0.0896183,0.66112,28.5094,-5.34096e+07
1.31549e+06
ratio: 0.000000
Gen:30
0.0870588,0.162203,0.0896183,0.66112,28.5094,-5.34096e+07
881556
ratio: 0.000000
Gen:31
0.0870588,0.162203,0.0896183,0.66112,28.5094,-5.34096e+07
1.42382e+06
ratio: 0.000000
Gen:32
0.0870588,0.162203,0.0896183,0.66112,28.5094,-5.34096e+07
371665
ratio: 0.000000
Gen:33
0.0870588,0.162203,0.0896183,0.66112,28.5094,-5.34096e+07
949187
ratio: 0.000000
Gen:34
0.0870588,0.162203,0.0896183,0.66112,28.5094,-5.34096e+07
676691
ratio: 0.000000
Gen:35
0.0884813,0.161621,0.0932939,0.656604,28.0335,-5.30749e+07
819147
Gen:36
0.0884813,0.161621,0.0932939,0.656604,28.0335,-5.30749e+07
294638
ratio: 0.000000
Gen:37
0.0884813,0.161621,0.0932939,0.656604,28.0335,-5.30749e+07
861397
ratio: 0.000000
Gen:38
0.0889953,0.160152,0.0953966,0.655456,28.1564,-5.30701e+07
1.0784e+06
ratio: 0.000090
Gen:39
0.0889953,0.160152,0.0953966,0.655456,28.1564,-5.30701e+07
1.2534e+06
ratio: 0.000000
Gen:40
0.0889953,0.160152,0.0953966,0.655456,28.1564,-5.30701e+07
870195
ratio: 0.000000
Gen:41
0.088175,0.169362,0.100235,0.642228,28.6128,-5.27036e+07
772411
Gen:42
0.088175,0.169362,0.100235,0.642228,28.6128,-5.27036e+07
1.11114e+06
ratio: 0.000000
Gen:43
0.0842709,0.194168,0.0743548,0.647207,27.3486,-5.2469e+07
1.3672e+06
Gen:44
0.0842709,0.194168,0.0743548,0.647207,27.3486,-5.2469e+07
1.11949e+06
ratio: 0.000000
Gen:45
0.0875208,0.209099,0.0592263,0.644154,27.131,-5.22712e+07
634775
Gen:46
0.0861139,0.196244,0.0823188,0.635323,27.6463,-5.20937e+07
1.04471e+06
Gen:47
0.0861139,0.196244,0.0823188,0.635323,27.6463,-5.20937e+07
1.11992e+06
ratio: 0.000000
Gen:48
0.0861139,0.196244,0.0823188,0.635323,27.6463,-5.20937e+07
924343
ratio: 0.000000
Gen:49
0.0861139,0.196244,0.0823188,0.635323,27.6463,-5.20937e+07
871595
ratio: 0.000000
Gen:50
0.0861139,0.196244,0.0823188,0.635323,27.6463,-5.20937e+07
1.13173e+06
ratio: 0.000000
Gen:51
0.0861139,0.196244,0.0823188,0.635323,27.6463,-5.20937e+07
709755
ratio: 0.000000
Gen:52
0.0861139,0.196244,0.0823188,0.635323,27.6463,-5.20937e+07
747531
ratio: 0.000000
Gen:53
0.0861139,0.196244,0.0823188,0.635323,27.6463,-5.20937e+07
1.12196e+06
ratio: 0.000000
Gen:54
0.0869861,0.199375,0.0802992,0.63334,27.6648,-5.20208e+07
502637
Gen:55
0.0869861,0.199375,0.0802992,0.63334,27.6648,-5.20208e+07
792098
ratio: 0.000000
Gen:56
0.0869861,0.199375,0.0802992,0.63334,27.6648,-5.20208e+07
1.11305e+06
ratio: 0.000000
Gen:57
0.0869861,0.199375,0.0802992,0.63334,27.6648,-5.20208e+07
1.18227e+06
ratio: 0.000000
Gen:58
0.0869861,0.199375,0.0802992,0.63334,27.6648,-5.20208e+07
811164
ratio: 0.000000
Gen:59
0.0869861,0.199375,0.0802992,0.63334,27.6648,-5.20208e+07
753670
ratio: 0.000000
Gen:60
0.0869861,0.199375,0.0802992,0.63334,27.6648,-5.20208e+07
804115
ratio: 0.000000
Gen:61
0.0869861,0.199375,0.0802992,0.63334,27.6648,-5.20208e+07
433090
ratio: 0.000000
Gen:62
0.0869861,0.199375,0.0802992,0.63334,27.6648,-5.20208e+07
891314
ratio: 0.000000
Gen:63
0.0869861,0.199375,0.0802992,0.63334,27.6648,-5.20208e+07
1.07041e+06
ratio: 0.000000
Gen:64
0.0869861,0.199375,0.0802992,0.63334,27.6648,-5.20208e+07
806350
ratio: 0.000000
Gen:65
0.0850081,0.197714,0.108007,0.609271,29.2701,-5.16604e+07
855667
Gen:66
0.0850081,0.197714,0.108007,0.609271,29.2701,-5.16604e+07
1.14237e+06
ratio: 0.000000
Gen:67
0.084084,0.196971,0.108391,0.610554,29.0133,-5.16135e+07
1.24788e+06
Gen:68
0.0855169,0.194209,0.125467,0.594807,30.3962,-5.15427e+07
1.02872e+06
Gen:69
0.0855169,0.194209,0.125467,0.594807,30.3962,-5.15427e+07
1.08386e+06
ratio: 0.000000
Gen:70
0.0855169,0.194209,0.125467,0.594807,30.3962,-5.15427e+07
922140
ratio: 0.000000
Gen:71
0.0855169,0.194209,0.125467,0.594807,30.3962,-5.15427e+07
841232
ratio: 0.000000
Gen:72
0.0855169,0.194209,0.125467,0.594807,30.3962,-5.15427e+07
1.27113e+06
ratio: 0.000000
Gen:73
0.0855169,0.194209,0.125467,0.594807,30.3962,-5.15427e+07
1.43148e+06
ratio: 0.000000
Gen:74
0.0855169,0.194209,0.125467,0.594807,30.3962,-5.15427e+07
283655
ratio: 0.000000
Gen:75
0.0855169,0.194209,0.125467,0.594807,30.3962,-5.15427e+07
1.04467e+06
ratio: 0.000000
Gen:76
0.0855169,0.194209,0.125467,0.594807,30.3962,-5.15427e+07
984278
ratio: 0.000000
Gen:77
0.0855169,0.194209,0.125467,0.594807,30.3962,-5.15427e+07
341572
ratio: 0.000000
Gen:78
0.0855169,0.194209,0.125467,0.594807,30.3962,-5.15427e+07
1.13633e+06
ratio: 0.000000
Gen:79
0.0855169,0.194209,0.125467,0.594807,30.3962,-5.15427e+07
1.01719e+06
ratio: 0.000000
Gen:80
0.0855169,0.194209,0.125467,0.594807,30.3962,-5.15427e+07
1.05284e+06
ratio: 0.000000
Gen:81
0.0855169,0.194209,0.125467,0.594807,30.3962,-5.15427e+07
774738
ratio: 0.000000
Gen:82
0.0855169,0.194209,0.125467,0.594807,30.3962,-5.15427e+07
1.06836e+06
ratio: 0.000000
Gen:83
0.0855169,0.194209,0.125467,0.594807,30.3962,-5.15427e+07
1.06577e+06
ratio: 0.000000
Gen:84
0.0855169,0.194209,0.125467,0.594807,30.3962,-5.15427e+07
1.26144e+06
ratio: 0.000000
Gen:85
0.0855169,0.194209,0.125467,0.594807,30.3962,-5.15427e+07
832847
ratio: 0.000000
Gen:86
0.0858491,0.194645,0.124958,0.594548,30.3669,-5.15215e+07
344374
Gen:87
0.0858491,0.194645,0.124958,0.594548,30.3669,-5.15215e+07
912926
ratio: 0.000000
Gen:88
0.0858491,0.194645,0.124958,0.594548,30.3669,-5.15215e+07
912633
ratio: 0.000000
Gen:89
0.0858491,0.194645,0.124958,0.594548,30.3669,-5.15215e+07
1.04763e+06
ratio: 0.000000
Gen:90
0.0858491,0.194645,0.124958,0.594548,30.3669,-5.15215e+07
856693
ratio: 0.000000
Gen:91
0.0858491,0.194645,0.124958,0.594548,30.3669,-5.15215e+07
1.00317e+06
ratio: 0.000000
Gen:92
0.0858491,0.194645,0.124958,0.594548,30.3669,-5.15215e+07
595644
ratio: 0.000000
Gen:93
0.0858491,0.194645,0.124958,0.594548,30.3669,-5.15215e+07
1.10772e+06
ratio: 0.000000
Gen:94
0.0858491,0.194645,0.124958,0.594548,30.3669,-5.15215e+07
772397
ratio: 0.000000
Gen:95
0.0858491,0.194645,0.124958,0.594548,30.3669,-5.15215e+07
1.04344e+06
ratio: 0.000000
Gen:96
0.0858491,0.194645,0.124958,0.594548,30.3669,-5.15215e+07
1.33978e+06
ratio: 0.000000
Gen:97
0.0858491,0.194645,0.124958,0.594548,30.3669,-5.15215e+07
968774
ratio: 0.000000
Gen:98
0.0858491,0.194645,0.124958,0.594548,30.3669,-5.15215e+07
518595
ratio: 0.000000
Gen:99
0.0858491,0.194645,0.124958,0.594548,30.3669,-5.15215e+07
1.09528e+06
ratio: 0.000000
Gen:100
0.0858491,0.194645,0.124958,0.594548,30.3669,-5.15215e+07
944108
ratio: 0.000000
Gen:101
0.0858491,0.194645,0.124958,0.594548,30.3669,-5.15215e+07
1.4552e+06
ratio: 0.000000
Gen:102
0.0858491,0.194645,0.124958,0.594548,30.3669,-5.15215e+07
1.24376e+06
ratio: 0.000000
Gen:103
0.0858491,0.194645,0.124958,0.594548,30.3669,-5.15215e+07
1.17648e+06
ratio: 0.000000
Gen:104
0.0858491,0.194645,0.124958,0.594548,30.3669,-5.15215e+07
1.40332e+06
ratio: 0.000000
Gen:105
0.0858491,0.194645,0.124958,0.594548,30.3669,-5.15215e+07
1.15414e+06
ratio: 0.000000
Gen:106
0.0858491,0.194645,0.124958,0.594548,30.3669,-5.15215e+07
1.03407e+06
ratio: 0.000000
FINAL Population size
18
Best : -5.15215e+07   9:30-15-49-26-8-51-41-27-67- ,  9:38-22-33-20-10-16-26-62-21- ,  9:36-22-13-43-61-60-17-10-59- ,  9:52-64-58-45-36-54-5-37-32- ,  9:23-2-50-33-58-34-25-4-7- ,  9:48-66-19-36-41-35-6-63-24- , 

0.0858491
0.194645
0.124958
0.594548
30.3669
-5.15215e+07
Initial : -5.85699e+07
0.0577311
0.101289
0.0695681
0.771412
32.2833

-----------------------------------------
Iteration:0 started

Gen:0
0.068753,0.135627,0.0499696,0.745651,30.6867,-5.72612e+07
902191
Gen:1
0.0713956,0.146534,0.0499696,0.7321,30.944,-5.68241e+07
1.26609e+06
Gen:2
0.0752062,0.152681,0.0532456,0.718867,31.1227,-5.6384e+07
611965
Gen:3
0.0796503,0.174133,0.0452816,0.700935,31.9117,-5.59524e+07
568103
Gen:4
0.0796503,0.174133,0.0452816,0.700935,31.9117,-5.59524e+07
1.03866e+06
ratio: 0.000000
Gen:5
0.0808548,0.171709,0.0584216,0.689015,31.6595,-5.5448e+07
753216
Gen:6
0.0808548,0.171709,0.0584216,0.689015,31.6595,-5.5448e+07
707317
ratio: 0.000000
Gen:7
0.0856155,0.180675,0.0618222,0.671888,31.4351,-5.47568e+07
1.4971e+06
Gen:8
0.0896183,0.18555,0.0674551,0.657377,32.252,-5.44976e+07
739682
Gen:9
0.0896183,0.18555,0.0674551,0.657377,32.252,-5.44976e+07
884253
ratio: 0.000000
Gen:10
0.0896183,0.18555,0.0674551,0.657377,32.252,-5.44976e+07
713310
ratio: 0.000000
Gen:11
0.0896183,0.18555,0.0674551,0.657377,32.252,-5.44976e+07
709417
ratio: 0.000000
Gen:12
0.0911135,0.187341,0.067751,0.653795,32.0679,-5.43085e+07
1.29437e+06
Gen:13
0.0911135,0.187341,0.067751,0.653795,32.0679,-5.43085e+07
387356
ratio: 0.000000
Gen:14
0.0911135,0.187341,0.067751,0.653795,32.0679,-5.43085e+07
463015
ratio: 0.000000
Gen:15
0.0911135,0.187341,0.067751,0.653795,32.0679,-5.43085e+07
619149
ratio: 0.000000
Gen:16
0.0911135,0.187341,0.067751,0.653795,32.0679,-5.43085e+07
862666
ratio: 0.000000
Gen:17
0.0911135,0.187341,0.067751,0.653795,32.0679,-5.43085e+07
715510
ratio: 0.000000
Gen:18
0.0911135,0.187341,0.067751,0.653795,32.0679,-5.43085e+07
961634
ratio: 0.000000
Gen:19
0.0911135,0.187341,0.067751,0.653795,32.0679,-5.43085e+07
472788
ratio: 0.000000
Gen:20
0.0911135,0.187341,0.067751,0.653795,32.0679,-5.43085e+07
458394
ratio: 0.000000
Gen:21
0.0932784,0.18597,0.067751,0.653001,31.9451,-5.4239e+07
374334
Gen:22
0.0932784,0.18597,0.067751,0.653001,31.9451,-5.4239e+07
325873
ratio: 0.000000
Gen:23
0.0932784,0.18597,0.067751,0.653001,31.9451,-5.4239e+07
630909
ratio: 0.000000
Gen:24
0.0932784,0.18597,0.067751,0.653001,31.9451,-5.4239e+07
562701
ratio: 0.000000
Gen:25
0.0932784,0.18597,0.067751,0.653001,31.9451,-5.4239e+07
605357
ratio: 0.000000
Gen:26
0.0932784,0.18597,0.067751,0.653001,31.9451,-5.4239e+07
774420
ratio: 0.000000
Gen:27
0.0932784,0.18597,0.067751,0.653001,31.9451,-5.4239e+07
520192
ratio: 0.000000
Gen:28
0.0932784,0.18597,0.067751,0.653001,31.9451,-5.4239e+07
888085
ratio: 0.000000
Gen:29
0.0932784,0.18597,0.067751,0.653001,31.9451,-5.4239e+07
486957
ratio: 0.000000
Gen:30
0.0932784,0.18597,0.067751,0.653001,31.9451,-5.4239e+07
817139
ratio: 0.000000
Gen:31
0.0932784,0.18597,0.067751,0.653001,31.9451,-5.4239e+07
637393
ratio: 0.000000
Gen:32
0.0932784,0.18597,0.067751,0.653001,31.9451,-5.4239e+07
1.17389e+06
ratio: 0.000000
Gen:33
0.0932784,0.18597,0.067751,0.653001,31.9451,-5.4239e+07
705345
ratio: 0.000000
Gen:34
0.0932784,0.18597,0.067751,0.653001,31.9451,-5.4239e+07
975002
ratio: 0.000000
Gen:35
0.0932784,0.18597,0.067751,0.653001,31.9451,-5.4239e+07
423424
ratio: 0.000000
Gen:36
0.0932784,0.18597,0.067751,0.653001,31.9451,-5.4239e+07
846374
ratio: 0.000000
Gen:37
0.0932784,0.18597,0.067751,0.653001,31.9451,-5.4239e+07
425007
ratio: 0.000000
Gen:38
0.0932784,0.18597,0.067751,0.653001,31.9451,-5.4239e+07
667277
ratio: 0.000000
Gen:39
0.0932784,0.18597,0.067751,0.653001,31.9451,-5.4239e+07
1.01515e+06
ratio: 0.000000
Gen:40
0.0925308,0.187974,0.0693656,0.65013,32.1598,-5.42081e+07
733044
Gen:41
0.0925308,0.187974,0.0693656,0.65013,32.1598,-5.42081e+07
682918
ratio: 0.000000
Gen:42
0.0925308,0.187974,0.0693656,0.65013,32.1598,-5.42081e+07
888621
ratio: 0.000000
Gen:43
0.0925308,0.187974,0.0693656,0.65013,32.1598,-5.42081e+07
886497
ratio: 0.000000
Gen:44
0.0925308,0.187974,0.0693656,0.65013,32.1598,-5.42081e+07
1.17829e+06
ratio: 0.000000
Gen:45
0.0899713,0.167664,0.0861347,0.65623,30.7247,-5.3951e+07
816644
Gen:46
0.0899713,0.167664,0.0861347,0.65623,30.7247,-5.3951e+07
665180
ratio: 0.000000
Gen:47
0.0924062,0.170566,0.0807976,0.65623,30.0764,-5.37364e+07
929548
Gen:48
0.0957288,0.168178,0.0758863,0.660207,29.6132,-5.37349e+07
232644
ratio: 0.000028
Gen:49
0.0957288,0.168178,0.0758863,0.660207,29.6132,-5.37349e+07
543589
ratio: 0.000000
Gen:50
0.0957288,0.168178,0.0758863,0.660207,29.6132,-5.37349e+07
1.0021e+06
ratio: 0.000000
Gen:51
0.0957288,0.168178,0.0758863,0.660207,29.6132,-5.37349e+07
884418
ratio: 0.000000
Gen:52
0.0957288,0.168178,0.0758863,0.660207,29.6132,-5.37349e+07
544055
ratio: 0.000000
Gen:53
0.0957288,0.168178,0.0758863,0.660207,29.6132,-5.37349e+07
401086
ratio: 0.000000
Gen:54
0.0957288,0.168178,0.0758863,0.660207,29.6132,-5.37349e+07
1.19369e+06
ratio: 0.000000
Gen:55
0.0957288,0.168178,0.0758863,0.660207,29.6132,-5.37349e+07
387982
ratio: 0.000000
Gen:56
0.0956406,0.177238,0.0849925,0.642129,29.9866,-5.31732e+07
878508
Gen:57
0.0956406,0.177238,0.0849925,0.642129,29.9866,-5.31732e+07
781120
ratio: 0.000000
Gen:58
0.0956406,0.177238,0.0849925,0.642129,29.9866,-5.31732e+07
904552
ratio: 0.000000
Gen:59
0.0956406,0.177238,0.0849925,0.642129,29.9866,-5.31732e+07
1.39202e+06
ratio: 0.000000
Gen:60
0.0956406,0.177238,0.0849925,0.642129,29.9866,-5.31732e+07
1.08793e+06
ratio: 0.000000
Gen:61
0.0956406,0.177238,0.0849925,0.642129,29.9866,-5.31732e+07
1.0165e+06
ratio: 0.000000
Gen:62
0.0956406,0.177238,0.0849925,0.642129,29.9866,-5.31732e+07
1.01053e+06
ratio: 0.000000
Gen:63
0.0956406,0.177238,0.0849925,0.642129,29.9866,-5.31732e+07
1.23324e+06
ratio: 0.000000
Gen:64
0.0956406,0.177238,0.0849925,0.642129,29.9866,-5.31732e+07
1.24433e+06
ratio: 0.000000
Gen:65
0.095137,0.186017,0.0929617,0.625885,31.5189,-5.31107e+07
1.1834e+06
Gen:66
0.095137,0.186017,0.0929617,0.625885,31.5189,-5.31107e+07
1.12774e+06
ratio: 0.000000
Gen:67
0.095137,0.186017,0.0929617,0.625885,31.5189,-5.31107e+07
847147
ratio: 0.000000
Gen:68
0.094867,0.202199,0.0783991,0.624535,30.6311,-5.27406e+07
945053
Gen:69
0.094867,0.202199,0.0783991,0.624535,30.6311,-5.27406e+07
1.49332e+06
ratio: 0.000000
Gen:70
0.094867,0.202199,0.0783991,0.624535,30.6311,-5.27406e+07
1.37734e+06
ratio: 0.000000
Gen:71
0.0975978,0.178032,0.109637,0.614733,30.9165,-5.24818e+07
425598
Gen:72
0.0975978,0.178032,0.109637,0.614733,30.9165,-5.24818e+07
540244
ratio: 0.000000
Gen:73
0.0975978,0.178032,0.109637,0.614733,30.9165,-5.24818e+07
855126
ratio: 0.000000
Gen:74
0.0975978,0.178032,0.109637,0.614733,30.9165,-5.24818e+07
1.40345e+06
ratio: 0.000000
Gen:75
0.0975978,0.178032,0.109637,0.614733,30.9165,-5.24818e+07
930890
ratio: 0.000000
Gen:76
0.0975978,0.178032,0.109637,0.614733,30.9165,-5.24818e+07
1.32278e+06
ratio: 0.000000
Gen:77
0.0975978,0.178032,0.109637,0.614733,30.9165,-5.24818e+07
941243
ratio: 0.000000
Gen:78
0.0975978,0.178032,0.109637,0.614733,30.9165,-5.24818e+07
884704
ratio: 0.000000
Gen:79
0.0975978,0.178032,0.109637,0.614733,30.9165,-5.24818e+07
435967
ratio: 0.000000
Gen:80
0.0975978,0.178032,0.109637,0.614733,30.9165,-5.24818e+07
717245
ratio: 0.000000
Gen:81
0.0975978,0.178032,0.109637,0.614733,30.9165,-5.24818e+07
860519
ratio: 0.000000
Gen:82
0.0975978,0.178032,0.109637,0.614733,30.9165,-5.24818e+07
1.05364e+06
ratio: 0.000000
Gen:83
0.0975978,0.178032,0.109637,0.614733,30.9165,-5.24818e+07
695783
ratio: 0.000000
Gen:84
0.0963674,0.192273,0.0981637,0.613196,30.9796,-5.24485e+07
870698
Gen:85
0.0963674,0.192273,0.0981637,0.613196,30.9796,-5.24485e+07
1.07022e+06
ratio: 0.000000
Gen:86
0.0963674,0.192273,0.0981637,0.613196,30.9796,-5.24485e+07
841626
ratio: 0.000000
Gen:87
0.0963674,0.192273,0.0981637,0.613196,30.9796,-5.24485e+07
1.10258e+06
ratio: 0.000000
Gen:88
0.0963674,0.192273,0.0981637,0.613196,30.9796,-5.24485e+07
727145
ratio: 0.000000
Gen:89
0.0963674,0.192273,0.0981637,0.613196,30.9796,-5.24485e+07
744287
ratio: 0.000000
Gen:90
0.0963674,0.192273,0.0981637,0.613196,30.9796,-5.24485e+07
1.22646e+06
ratio: 0.000000
Gen:91
0.0963674,0.192273,0.0981637,0.613196,30.9796,-5.24485e+07
877351
ratio: 0.000000
Gen:92
0.0963674,0.192273,0.0981637,0.613196,30.9796,-5.24485e+07
255012
ratio: 0.000000
Gen:93
0.0963674,0.192273,0.0981637,0.613196,30.9796,-5.24485e+07
1.28865e+06
ratio: 0.000000
Gen:94
0.0963674,0.192273,0.0981637,0.613196,30.9796,-5.24485e+07
1.29138e+06
ratio: 0.000000
Gen:95
0.0963674,0.192273,0.0981637,0.613196,30.9796,-5.24485e+07
835074
ratio: 0.000000
Gen:96
0.0963674,0.192273,0.0981637,0.613196,30.9796,-5.24485e+07
1.01549e+06
ratio: 0.000000
Gen:97
0.0963674,0.192273,0.0981637,0.613196,30.9796,-5.24485e+07
579852
ratio: 0.000000
Gen:98
0.0963674,0.192273,0.0981637,0.613196,30.9796,-5.24485e+07
661759
ratio: 0.000000
Gen:99
0.0963674,0.192273,0.0981637,0.613196,30.9796,-5.24485e+07
916273
ratio: 0.000000
Gen:100
0.0963674,0.192273,0.0981637,0.613196,30.9796,-5.24485e+07
255950
ratio: 0.000000
Gen:101
0.0963674,0.192273,0.0981637,0.613196,30.9796,-5.24485e+07
1.10019e+06
ratio: 0.000000
Gen:102
0.0956198,0.195751,0.0988231,0.609806,31.2255,-5.24159e+07
1.06004e+06
Gen:103
0.0954641,0.19667,0.0980132,0.609853,31.1857,-5.24026e+07
1.20764e+06
Gen:104
0.0954641,0.19667,0.0980132,0.609853,31.1857,-5.24026e+07
536189
ratio: 0.000000
Gen:105
0.0954641,0.19667,0.0980132,0.609853,31.1857,-5.24026e+07
1.62525e+06
ratio: 0.000000
Gen:106
0.0954641,0.19667,0.0980132,0.609853,31.1857,-5.24026e+07
865845
ratio: 0.000000
Gen:107
0.0954641,0.19667,0.0980132,0.609853,31.1857,-5.24026e+07
751157
ratio: 0.000000
Gen:108
0.0954641,0.19667,0.0980132,0.609853,31.1857,-5.24026e+07
1.78133e+06
ratio: 0.000000
Gen:109
0.0945971,0.203487,0.0926865,0.60923,30.9163,-5.22784e+07
926456
Gen:110
0.0945971,0.203487,0.0926865,0.60923,30.9163,-5.22784e+07
1.06913e+06
ratio: 0.000000
Gen:111
0.0945971,0.203487,0.0926865,0.60923,30.9163,-5.22784e+07
1.23717e+06
ratio: 0.000000
Gen:112
0.0945971,0.203487,0.0926865,0.60923,30.9163,-5.22784e+07
1.32192e+06
ratio: 0.000000
Gen:113
0.0945971,0.203487,0.0926865,0.60923,30.9163,-5.22784e+07
1.33297e+06
ratio: 0.000000
Gen:114
0.0945971,0.203487,0.0926865,0.60923,30.9163,-5.22784e+07
853548
ratio: 0.000000
Gen:115
0.0945971,0.203487,0.0926865,0.60923,30.9163,-5.22784e+07
969511
ratio: 0.000000
Gen:116
0.0945971,0.203487,0.0926865,0.60923,30.9163,-5.22784e+07
912184
ratio: 0.000000
Gen:117
0.0945971,0.203487,0.0926865,0.60923,30.9163,-5.22784e+07
1.19033e+06
ratio: 0.000000
Gen:118
0.0945971,0.203487,0.0926865,0.60923,30.9163,-5.22784e+07
699365
ratio: 0.000000
Gen:119
0.0945971,0.203487,0.0926865,0.60923,30.9163,-5.22784e+07
1.24989e+06
ratio: 0.000000
Gen:120
0.0945971,0.203487,0.0926865,0.60923,30.9163,-5.22784e+07
1.28658e+06
ratio: 0.000000
Gen:121
0.0945971,0.203487,0.0926865,0.60923,30.9163,-5.22784e+07
1.0783e+06
ratio: 0.000000
Gen:122
0.0945971,0.203487,0.0926865,0.60923,30.9163,-5.22784e+07
1.04877e+06
ratio: 0.000000
Gen:123
0.0945971,0.203487,0.0926865,0.60923,30.9163,-5.22784e+07
1.43673e+06
ratio: 0.000000
Gen:124
0.0945971,0.203487,0.0926865,0.60923,30.9163,-5.22784e+07
1.49726e+06
ratio: 0.000000
Gen:125
0.0958275,0.203476,0.0928475,0.607849,30.8472,-5.22013e+07
561913
Gen:126
0.0958275,0.203476,0.0928475,0.607849,30.8472,-5.22013e+07
1.47258e+06
ratio: 0.000000
Gen:127
0.0958275,0.203476,0.0928475,0.607849,30.8472,-5.22013e+07
829656
ratio: 0.000000
Gen:128
0.0958275,0.203476,0.0928475,0.607849,30.8472,-5.22013e+07
1.57955e+06
ratio: 0.000000
Gen:129
0.0958275,0.203476,0.0928475,0.607849,30.8472,-5.22013e+07
1.29519e+06
ratio: 0.000000
Gen:130
0.0958275,0.203476,0.0928475,0.607849,30.8472,-5.22013e+07
1.38129e+06
ratio: 0.000000
Gen:131
0.0958275,0.203476,0.0928475,0.607849,30.8472,-5.22013e+07
1.01472e+06
ratio: 0.000000
Gen:132
0.0958275,0.203476,0.0928475,0.607849,30.8472,-5.22013e+07
1.10526e+06
ratio: 0.000000
Gen:133
0.0958275,0.203476,0.0928475,0.607849,30.8472,-5.22013e+07
1.1435e+06
ratio: 0.000000
Gen:134
0.0958275,0.203476,0.0928475,0.607849,30.8472,-5.22013e+07
1.37126e+06
ratio: 0.000000
Gen:135
0.0958275,0.203476,0.0928475,0.607849,30.8472,-5.22013e+07
1.0904e+06
ratio: 0.000000
Gen:136
0.0958275,0.203476,0.0928475,0.607849,30.8472,-5.22013e+07
1.3248e+06
ratio: 0.000000
Gen:137
0.0958275,0.203476,0.0928475,0.607849,30.8472,-5.22013e+07
933382
ratio: 0.000000
Gen:138
0.0958275,0.203476,0.0928475,0.607849,30.8472,-5.22013e+07
429133
ratio: 0.000000
Gen:139
0.0958275,0.203476,0.0928475,0.607849,30.8472,-5.22013e+07
843873
ratio: 0.000000
Gen:140
0.0958275,0.203476,0.0928475,0.607849,30.8472,-5.22013e+07
1.23179e+06
ratio: 0.000000
Gen:141
0.0958275,0.203476,0.0928475,0.607849,30.8472,-5.22013e+07
652359
ratio: 0.000000
Gen:142
0.0958275,0.203476,0.0928475,0.607849,30.8472,-5.22013e+07
536550
ratio: 0.000000
Gen:143
0.0958275,0.203476,0.0928475,0.607849,30.8472,-5.22013e+07
587617
ratio: 0.000000
Gen:144
0.0958275,0.203476,0.0928475,0.607849,30.8472,-5.22013e+07
902959
ratio: 0.000000
Gen:145
0.0958275,0.203476,0.0928475,0.607849,30.8472,-5.22013e+07
1.30676e+06
ratio: 0.000000
FINAL Population size
18
Best : -5.22013e+07   9:53-46-40-4-25-34-51-8-55- ,  9:24-30-26-16-10-17-50-0-2- ,  9:22-33-20-10-16-26-49-42-62- ,  9:1-26-8-51-41-36-54-18-38- ,  9:31-11-15-30-63-6-47-7-40- ,  9:45-41-58-64-52-10-59-68-9- , 

0.0958275
0.203476
0.0928475
0.607849
30.8472
-5.22013e+07
Initial : -5.78022e+07
0.0627774
0.12313
0.0278947
0.786197
25.997

-----------------------------------------
Iteration:0 started

Gen:0
0.0723612,0.140502,0.0609292,0.726208,33.9601,-5.74019e+07
1.09954e+06
Gen:1
0.0760006,0.149904,0.0650566,0.709039,34.5917,-5.6995e+07
734501
Gen:2
0.0791986,0.157338,0.0544241,0.709039,31.1247,-5.60235e+07
765783
Gen:3
0.0825472,0.166024,0.0606852,0.690744,31.4255,-5.5441e+07
523799
Gen:4
0.0860827,0.17838,0.0623881,0.673149,31.9509,-5.49651e+07
787267
Gen:5
0.0888447,0.170556,0.0681923,0.672407,30.3301,-5.44271e+07
811870
Gen:6
0.0946645,0.190108,0.0612303,0.653997,32.3462,-5.44085e+07
869422
Gen:7
0.0924114,0.182824,0.0705078,0.654257,31.2602,-5.40561e+07
725395
Gen:8
0.0924114,0.182824,0.0705078,0.654257,31.2602,-5.40561e+07
702715
ratio: 0.000000
Gen:9
0.0924114,0.182824,0.0705078,0.654257,31.2602,-5.40561e+07
761177
ratio: 0.000000
Gen:10
0.0924114,0.182824,0.0705078,0.654257,31.2602,-5.40561e+07
953470
ratio: 0.000000
Gen:11
0.0938598,0.186105,0.0657782,0.654257,31.1794,-5.40292e+07
746919
Gen:12
0.0955004,0.195684,0.0735086,0.635307,31.136,-5.33188e+07
750531
Gen:13
0.0955004,0.195684,0.0735086,0.635307,31.136,-5.33188e+07
781744
ratio: 0.000000
Gen:14
0.095137,0.198887,0.0879569,0.618019,32.112,-5.30429e+07
794673
Gen:15
0.095137,0.198887,0.0879569,0.618019,32.112,-5.30429e+07
973776
ratio: 0.000000
Gen:16
0.095137,0.198887,0.0879569,0.618019,32.112,-5.30429e+07
441499
ratio: 0.000000
Gen:17
0.095137,0.198887,0.0879569,0.618019,32.112,-5.30429e+07
769270
ratio: 0.000000
Gen:18
0.095137,0.198887,0.0879569,0.618019,32.112,-5.30429e+07
543151
ratio: 0.000000
Gen:19
0.095137,0.198887,0.0879569,0.618019,32.112,-5.30429e+07
1.17819e+06
ratio: 0.000000
Gen:20
0.095137,0.198887,0.0879569,0.618019,32.112,-5.30429e+07
1.16177e+06
ratio: 0.000000
Gen:21
0.095137,0.198887,0.0879569,0.618019,32.112,-5.30429e+07
810275
ratio: 0.000000
Gen:22
0.095137,0.198887,0.0879569,0.618019,32.112,-5.30429e+07
1.44364e+06
ratio: 0.000000
Gen:23
0.095137,0.198887,0.0879569,0.618019,32.112,-5.30429e+07
560290
ratio: 0.000000
Gen:24
0.095137,0.198887,0.0879569,0.618019,32.112,-5.30429e+07
736283
ratio: 0.000000
Gen:25
0.095137,0.198887,0.0879569,0.618019,32.112,-5.30429e+07
614083
ratio: 0.000000
Gen:26
0.095137,0.198887,0.0879569,0.618019,32.112,-5.30429e+07
889983
ratio: 0.000000
Gen:27
0.095137,0.198887,0.0879569,0.618019,32.112,-5.30429e+07
1.06852e+06
ratio: 0.000000
Gen:28
0.095137,0.198887,0.0879569,0.618019,32.112,-5.30429e+07
861635
ratio: 0.000000
Gen:29
0.095137,0.198887,0.0879569,0.618019,32.112,-5.30429e+07
864720
ratio: 0.000000
Gen:30
0.090532,0.202396,0.0890524,0.618019,32.0869,-5.30337e+07
912266
Gen:31
0.090532,0.202396,0.0890524,0.618019,32.0869,-5.30337e+07
455733
ratio: 0.000000
Gen:32
0.0929513,0.199609,0.0873807,0.620059,31.4675,-5.28801e+07
1.06696e+06
Gen:33
0.0929513,0.199609,0.0873807,0.620059,31.4675,-5.28801e+07
1.05094e+06
ratio: 0.000000
Gen:34
0.0929513,0.199609,0.0873807,0.620059,31.4675,-5.28801e+07
627347
ratio: 0.000000
Gen:35
0.0929513,0.199609,0.0873807,0.620059,31.4675,-5.28801e+07
737848
ratio: 0.000000
Gen:36
0.0929513,0.199609,0.0873807,0.620059,31.4675,-5.28801e+07
975051
ratio: 0.000000
Gen:37
0.0929513,0.199609,0.0873807,0.620059,31.4675,-5.28801e+07
930143
ratio: 0.000000
Gen:38
0.0929513,0.199609,0.0873807,0.620059,31.4675,-5.28801e+07
1.14431e+06
ratio: 0.000000
Gen:39
0.0929513,0.199609,0.0873807,0.620059,31.4675,-5.28801e+07
654955
ratio: 0.000000
Gen:40
0.0929513,0.199609,0.0873807,0.620059,31.4675,-5.28801e+07
824291
ratio: 0.000000
Gen:41
0.0929513,0.199609,0.0873807,0.620059,31.4675,-5.28801e+07
1.11254e+06
ratio: 0.000000
Gen:42
0.0929513,0.199609,0.0873807,0.620059,31.4675,-5.28801e+07
1.10886e+06
ratio: 0.000000
Gen:43
0.0929513,0.199609,0.0873807,0.620059,31.4675,-5.28801e+07
812076
ratio: 0.000000
Gen:44
0.0929513,0.199609,0.0873807,0.620059,31.4675,-5.28801e+07
1.18437e+06
ratio: 0.000000
Gen:45
0.0929513,0.199609,0.0873807,0.620059,31.4675,-5.28801e+07
1.13019e+06
ratio: 0.000000
Gen:46
0.0929513,0.199609,0.0873807,0.620059,31.4675,-5.28801e+07
970585
ratio: 0.000000
Gen:47
0.0929513,0.199609,0.0873807,0.620059,31.4675,-5.28801e+07
960633
ratio: 0.000000
Gen:48
0.0929513,0.199609,0.0873807,0.620059,31.4675,-5.28801e+07
957265
ratio: 0.000000
Gen:49
0.0929513,0.199609,0.0873807,0.620059,31.4675,-5.28801e+07
843355
ratio: 0.000000
Gen:50
0.0929513,0.199609,0.0873807,0.620059,31.4675,-5.28801e+07
895129
ratio: 0.000000
Gen:51
0.0929513,0.199609,0.0873807,0.620059,31.4675,-5.28801e+07
986194
ratio: 0.000000
Gen:52
0.0929513,0.199609,0.0873807,0.620059,31.4675,-5.28801e+07
932491
ratio: 0.000000
FINAL Population size
18
Best : -5.28801e+07   9:67-27-12-41-58-33-43-61-44- ,  9:42-62-49-9-68-11-31-1-59- ,  9:2-0-69-38-36-41-25-4-53- ,  9:18-54-36-41-51-8-26-49-15- ,  9:59-11-15-30-63-6-47-7-4- ,  9:10-59-17-20-33-22-19-36-45- , 

0.0929513
0.199609
0.0873807
0.620059
31.4675
-5.28801e+07
Initial : -5.6693e+07
0.0644491
0.152442
0.0793803
0.703728
34.1547

-----------------------------------------
Iteration:0 started

Gen:0
0.0647918,0.154524,0.0590187,0.721665,29.793,-5.61304e+07
1.28831e+06
Gen:1
0.0647918,0.154524,0.0590187,0.721665,29.793,-5.61304e+07
1.21332e+06
ratio: 0.000000
Gen:2
0.0665621,0.158226,0.081187,0.694025,31.133,-5.54744e+07
1.35946e+06
Gen:3
0.0687582,0.168396,0.0842812,0.678564,31.296,-5.4957e+07
1.05874e+06
Gen:4
0.0706376,0.168469,0.0823292,0.678564,31.2364,-5.49385e+07
648186
Gen:5
0.0716032,0.176594,0.0904853,0.661318,31.9579,-5.45421e+07
998982
Gen:6
0.0747909,0.18353,0.0960196,0.64566,32.0456,-5.40094e+07
761379
Gen:7
0.0768779,0.19004,0.1001,0.632982,32.025,-5.35476e+07
1.26096e+06
Gen:8
0.0797697,0.197127,0.0898363,0.633267,30.8962,-5.31592e+07
1.01752e+06
Gen:9
0.0797697,0.197127,0.0898363,0.633267,30.8962,-5.31592e+07
1.05148e+06
ratio: 0.000000
Gen:10
0.0797697,0.197127,0.0898363,0.633267,30.8962,-5.31592e+07
891809
ratio: 0.000000
Gen:11
0.0797697,0.197127,0.0898363,0.633267,30.8962,-5.31592e+07
818935
ratio: 0.000000
Gen:12
0.0797697,0.197127,0.0898363,0.633267,30.8962,-5.31592e+07
683005
ratio: 0.000000
Gen:13
0.0797697,0.197127,0.0898363,0.633267,30.8962,-5.31592e+07
568866
ratio: 0.000000
Gen:14
0.0797697,0.197127,0.0898363,0.633267,30.8962,-5.31592e+07
873820
ratio: 0.000000
Gen:15
0.0797697,0.197127,0.0898363,0.633267,30.8962,-5.31592e+07
699129
ratio: 0.000000
Gen:16
0.0797697,0.197127,0.0898363,0.633267,30.8962,-5.31592e+07
880029
ratio: 0.000000
Gen:17
0.0797697,0.197127,0.0898363,0.633267,30.8962,-5.31592e+07
897740
ratio: 0.000000
Gen:18
0.0797697,0.197127,0.0898363,0.633267,30.8962,-5.31592e+07
894986
ratio: 0.000000
Gen:19
0.0797697,0.197127,0.0898363,0.633267,30.8962,-5.31592e+07
992036
ratio: 0.000000
Gen:20
0.0797697,0.197127,0.0898363,0.633267,30.8962,-5.31592e+07
1.02237e+06
ratio: 0.000000
Gen:21
0.0797697,0.197127,0.0898363,0.633267,30.8962,-5.31592e+07
951812
ratio: 0.000000
Gen:22
0.0797697,0.197127,0.0898363,0.633267,30.8962,-5.31592e+07
389508
ratio: 0.000000
Gen:23
0.0797697,0.197127,0.0898363,0.633267,30.8962,-5.31592e+07
1.01981e+06
ratio: 0.000000
Gen:24
0.0797697,0.197127,0.0898363,0.633267,30.8962,-5.31592e+07
957528
ratio: 0.000000
Gen:25
0.0797697,0.197127,0.0898363,0.633267,30.8962,-5.31592e+07
651342
ratio: 0.000000
Gen:26
0.0797697,0.197127,0.0898363,0.633267,30.8962,-5.31592e+07
1.15248e+06
ratio: 0.000000
Gen:27
0.0797697,0.197127,0.0898363,0.633267,30.8962,-5.31592e+07
943291
ratio: 0.000000
Gen:28
0.0797697,0.197127,0.0898363,0.633267,30.8962,-5.31592e+07
850139
ratio: 0.000000
FINAL Population size
18
Best : -5.31592e+07   9:31-1-26-8-51-41-36-54-18- ,  9:11-49-26-30-63-6-47-7-46- ,  9:0-69-38-36-41-12-4-53-46- ,  9:43-13-50-2-14-61-17-59-11- ,  9:68-59-10-52-64-58-41-27-25- ,  9:19-36-22-33-43-61-60-17-55- , 

0.0797697
0.197127
0.0898363
0.633267
30.8962
-5.31592e+07
Initial : -5.73345e+07
0.067372
0.119143
0.070622
0.742863
31.4009

-----------------------------------------
Iteration:0 started

Gen:0
0.0655134,0.105354,0.0843435,0.744789,30.4705,-5.7176e+07
1.00267e+06
Gen:1
0.068509,0.114305,0.0871003,0.730086,30.8198,-5.67174e+07
1.00538e+06
Gen:2
0.0716707,0.116495,0.0935899,0.718244,30.9133,-5.63043e+07
668675
Gen:3
0.074386,0.122648,0.103355,0.699611,31.9531,-5.59168e+07
624207
Gen:4
0.076717,0.137169,0.103277,0.682837,32.3368,-5.54311e+07
880907
Gen:5
0.0817477,0.139359,0.0850288,0.693864,30.2369,-5.52043e+07
702806
Gen:6
0.0817477,0.139359,0.0850288,0.693864,30.2369,-5.52043e+07
559019
ratio: 0.000000
Gen:7
0.0803356,0.140413,0.112747,0.666504,32.5089,-5.49055e+07
648359
Gen:8
0.0848108,0.147718,0.0912432,0.676228,30.6513,-5.46705e+07
599019
Gen:9
0.0848108,0.147718,0.0912432,0.676228,30.6513,-5.46705e+07
663702
ratio: 0.000000
Gen:10
0.0848108,0.147718,0.0912432,0.676228,30.6513,-5.46705e+07
797464
ratio: 0.000000
Gen:11
0.0848108,0.147718,0.0912432,0.676228,30.6513,-5.46705e+07
483138
ratio: 0.000000
Gen:12
0.0874637,0.160334,0.0951162,0.657086,30.9486,-5.40568e+07
807323
Gen:13
0.0874637,0.160334,0.0951162,0.657086,30.9486,-5.40568e+07
830942
ratio: 0.000000
Gen:14
0.0842189,0.187756,0.0687842,0.659241,29.8527,-5.37766e+07
831305
Gen:15
0.0880244,0.19762,0.0725325,0.641823,30.2539,-5.32538e+07
911032
Gen:16
0.0880244,0.19762,0.0725325,0.641823,30.2539,-5.32538e+07
887675
ratio: 0.000000
Gen:17
0.0880244,0.19762,0.0725325,0.641823,30.2539,-5.32538e+07
898200
ratio: 0.000000
Gen:18
0.0880244,0.19762,0.0725325,0.641823,30.2539,-5.32538e+07
754501
ratio: 0.000000
Gen:19
0.0880244,0.19762,0.0725325,0.641823,30.2539,-5.32538e+07
881580
ratio: 0.000000
Gen:20
0.0886111,0.215054,0.0568486,0.639487,30.367,-5.32053e+07
950120
Gen:21
0.0886111,0.215054,0.0568486,0.639487,30.367,-5.32053e+07
882467
ratio: 0.000000
Gen:22
0.0886111,0.215054,0.0568486,0.639487,30.367,-5.32053e+07
1.07299e+06
ratio: 0.000000
Gen:23
0.0886111,0.215054,0.0568486,0.639487,30.367,-5.32053e+07
779747
ratio: 0.000000
Gen:24
0.0886111,0.215054,0.0568486,0.639487,30.367,-5.32053e+07
918974
ratio: 0.000000
Gen:25
0.0886111,0.215054,0.0568486,0.639487,30.367,-5.32053e+07
1.12355e+06
ratio: 0.000000
Gen:26
0.0896598,0.216533,0.0646516,0.629155,31.3896,-5.31835e+07
658385
Gen:27
0.0896598,0.216533,0.0646516,0.629155,31.3896,-5.31835e+07
742776
ratio: 0.000000
Gen:28
0.0896598,0.216533,0.0646516,0.629155,31.3896,-5.31835e+07
1.09014e+06
ratio: 0.000000
Gen:29
0.0896598,0.216533,0.0646516,0.629155,31.3896,-5.31835e+07
892587
ratio: 0.000000
Gen:30
0.0896598,0.216533,0.0646516,0.629155,31.3896,-5.31835e+07
705447
ratio: 0.000000
Gen:31
0.0896598,0.216533,0.0646516,0.629155,31.3896,-5.31835e+07
894166
ratio: 0.000000
Gen:32
0.0896598,0.216533,0.0646516,0.629155,31.3896,-5.31835e+07
661548
ratio: 0.000000
Gen:33
0.0896598,0.216533,0.0646516,0.629155,31.3896,-5.31835e+07
740965
ratio: 0.000000
Gen:34
0.0896598,0.216533,0.0646516,0.629155,31.3896,-5.31835e+07
476311
ratio: 0.000000
Gen:35
0.0901426,0.192439,0.0723924,0.645026,29.3586,-5.30681e+07
1.22045e+06
Gen:36
0.0901426,0.192439,0.0723924,0.645026,29.3586,-5.30681e+07
691265
ratio: 0.000000
Gen:37
0.0901426,0.192439,0.0723924,0.645026,29.3586,-5.30681e+07
641827
ratio: 0.000000
Gen:38
0.0901426,0.192439,0.0723924,0.645026,29.3586,-5.30681e+07
890871
ratio: 0.000000
Gen:39
0.0868563,0.199551,0.0792298,0.634362,30.1293,-5.29296e+07
794002
Gen:40
0.0868563,0.199551,0.0792298,0.634362,30.1293,-5.29296e+07
997618
ratio: 0.000000
Gen:41
0.0901478,0.222291,0.0706739,0.616887,31.7266,-5.28602e+07
223650
Gen:42
0.0901478,0.222291,0.0706739,0.616887,31.7266,-5.28602e+07
722856
ratio: 0.000000
Gen:43
0.0892185,0.198409,0.107857,0.604516,32.5295,-5.27187e+07
643972
Gen:44
0.0892185,0.198409,0.107857,0.604516,32.5295,-5.27187e+07
873548
ratio: 0.000000
Gen:45
0.0893691,0.230971,0.0764678,0.603192,31.5686,-5.23046e+07
874127
Gen:46
0.0893691,0.230971,0.0764678,0.603192,31.5686,-5.23046e+07
944521
ratio: 0.000000
Gen:47
0.0883203,0.21184,0.0805952,0.619244,29.8988,-5.22752e+07
375199
Gen:48
0.0883203,0.21184,0.0805952,0.619244,29.8988,-5.22752e+07
778239
ratio: 0.000000
Gen:49
0.0883203,0.21184,0.0805952,0.619244,29.8988,-5.22752e+07
587247
ratio: 0.000000
Gen:50
0.0901738,0.22918,0.077205,0.603441,31.3704,-5.2238e+07
693294
Gen:51
0.0901738,0.22918,0.077205,0.603441,31.3704,-5.2238e+07
603126
ratio: 0.000000
Gen:52
0.0909421,0.231989,0.0747234,0.602346,31.0546,-5.20771e+07
458574
Gen:53
0.0909421,0.231989,0.0747234,0.602346,31.0546,-5.20771e+07
528372
ratio: 0.000000
Gen:54
0.0909421,0.231989,0.0747234,0.602346,31.0546,-5.20771e+07
634918
ratio: 0.000000
Gen:55
0.0909421,0.231989,0.0747234,0.602346,31.0546,-5.20771e+07
729805
ratio: 0.000000
Gen:56
0.0909421,0.231989,0.0747234,0.602346,31.0546,-5.20771e+07
207795
ratio: 0.000000
Gen:57
0.0909421,0.231989,0.0747234,0.602346,31.0546,-5.20771e+07
643816
ratio: 0.000000
Gen:58
0.0914976,0.230598,0.0758708,0.602034,31.0542,-5.20655e+07
569764
Gen:59
0.0914976,0.230598,0.0758708,0.602034,31.0542,-5.20655e+07
873138
ratio: 0.000000
Gen:60
0.0914976,0.230598,0.0758708,0.602034,31.0542,-5.20655e+07
800210
ratio: 0.000000
Gen:61
0.0914976,0.230598,0.0758708,0.602034,31.0542,-5.20655e+07
892650
ratio: 0.000000
Gen:62
0.0914976,0.230598,0.0758708,0.602034,31.0542,-5.20655e+07
389249
ratio: 0.000000
Gen:63
0.0914976,0.230598,0.0758708,0.602034,31.0542,-5.20655e+07
860417
ratio: 0.000000
Gen:64
0.0914976,0.230598,0.0758708,0.602034,31.0542,-5.20655e+07
848271
ratio: 0.000000
Gen:65
0.0914976,0.230598,0.0758708,0.602034,31.0542,-5.20655e+07
848992
ratio: 0.000000
Gen:66
0.0914976,0.230598,0.0758708,0.602034,31.0542,-5.20655e+07
732792
ratio: 0.000000
Gen:67
0.0914976,0.230598,0.0758708,0.602034,31.0542,-5.20655e+07
881561
ratio: 0.000000
Gen:68
0.0914976,0.230598,0.0758708,0.602034,31.0542,-5.20655e+07
907065
ratio: 0.000000
Gen:69
0.0868252,0.22199,0.0882529,0.602932,30.7852,-5.19957e+07
873859
Gen:70
0.0868252,0.22199,0.0882529,0.602932,30.7852,-5.19957e+07
1.14073e+06
ratio: 0.000000
Gen:71
0.0868252,0.22199,0.0882529,0.602932,30.7852,-5.19957e+07
1.11998e+06
ratio: 0.000000
Gen:72
0.0868252,0.22199,0.0882529,0.602932,30.7852,-5.19957e+07
653423
ratio: 0.000000
Gen:73
0.0868252,0.22199,0.0882529,0.602932,30.7852,-5.19957e+07
658275
ratio: 0.000000
Gen:74
0.0868252,0.22199,0.0882529,0.602932,30.7852,-5.19957e+07
452962
ratio: 0.000000
Gen:75
0.0868252,0.22199,0.0882529,0.602932,30.7852,-5.19957e+07
939401
ratio: 0.000000
Gen:76
0.0868252,0.22199,0.0882529,0.602932,30.7852,-5.19957e+07
1.06814e+06
ratio: 0.000000
Gen:77
0.0868252,0.22199,0.0882529,0.602932,30.7852,-5.19957e+07
1.05919e+06
ratio: 0.000000
Gen:78
0.0868252,0.22199,0.0882529,0.602932,30.7852,-5.19957e+07
815453
ratio: 0.000000
Gen:79
0.0868252,0.22199,0.0882529,0.602932,30.7852,-5.19957e+07
1.07777e+06
ratio: 0.000000
Gen:80
0.0868252,0.22199,0.0882529,0.602932,30.7852,-5.19957e+07
908970
ratio: 0.000000
Gen:81
0.0868252,0.22199,0.0882529,0.602932,30.7852,-5.19957e+07
794200
ratio: 0.000000
Gen:82
0.0919078,0.220946,0.0956873,0.591459,31.3617,-5.17972e+07
960978
Gen:83
0.0919078,0.220946,0.0956873,0.591459,31.3617,-5.17972e+07
350084
ratio: 0.000000
Gen:84
0.0919078,0.220946,0.0956873,0.591459,31.3617,-5.17972e+07
935781
ratio: 0.000000
Gen:85
0.0919078,0.220946,0.0956873,0.591459,31.3617,-5.17972e+07
1.11934e+06
ratio: 0.000000
Gen:86
0.0919078,0.220946,0.0956873,0.591459,31.3617,-5.17972e+07
909745
ratio: 0.000000
Gen:87
0.0919078,0.220946,0.0956873,0.591459,31.3617,-5.17972e+07
1.05565e+06
ratio: 0.000000
Gen:88
0.0919078,0.220946,0.0956873,0.591459,31.3617,-5.17972e+07
500522
ratio: 0.000000
Gen:89
0.0919078,0.220946,0.0956873,0.591459,31.3617,-5.17972e+07
258671
ratio: 0.000000
Gen:90
0.0919078,0.220946,0.0956873,0.591459,31.3617,-5.17972e+07
1.03938e+06
ratio: 0.000000
Gen:91
0.0919078,0.220946,0.0956873,0.591459,31.3617,-5.17972e+07
792929
ratio: 0.000000
Gen:92
0.0919078,0.220946,0.0956873,0.591459,31.3617,-5.17972e+07
957283
ratio: 0.000000
Gen:93
0.0919078,0.220946,0.0956873,0.591459,31.3617,-5.17972e+07
1.23633e+06
ratio: 0.000000
Gen:94
0.0919078,0.220946,0.0956873,0.591459,31.3617,-5.17972e+07
1.00017e+06
ratio: 0.000000
Gen:95
0.0919078,0.220946,0.0956873,0.591459,31.3617,-5.17972e+07
644916
ratio: 0.000000
Gen:96
0.0919078,0.220946,0.0956873,0.591459,31.3617,-5.17972e+07
965580
ratio: 0.000000
Gen:97
0.0919078,0.220946,0.0956873,0.591459,31.3617,-5.17972e+07
939464
ratio: 0.000000
Gen:98
0.0919078,0.220946,0.0956873,0.591459,31.3617,-5.17972e+07
1.21246e+06
ratio: 0.000000
Gen:99
0.0919078,0.220946,0.0956873,0.591459,31.3617,-5.17972e+07
591735
ratio: 0.000000
Gen:100
0.0919078,0.220946,0.0956873,0.591459,31.3617,-5.17972e+07
1.13888e+06
ratio: 0.000000
Gen:101
0.0919078,0.220946,0.0956873,0.591459,31.3617,-5.17972e+07
1.00135e+06
ratio: 0.000000
Gen:102
0.0919078,0.220946,0.0956873,0.591459,31.3617,-5.17972e+07
1.10973e+06
ratio: 0.000000
FINAL Population size
18
Best : -5.17972e+07   9:27-25-34-35-64-52-55-16-9- ,  9:15-62-49-9-68-11-31-1-59- ,  9:24-63-6-35-41-36-19-29-66- ,  10:42-49-26-8-51-41-36-54-18-39- ,  9:2-23-50-17-10-16-26-30-21- ,  9:23-69-38-36-41-12-4-7-40- , 

0.0919078
0.220946
0.0956873
0.591459
31.3617
-5.17972e+07
All Run Best : -5.15215e+07   9:30-15-49-26-8-51-41-27-67- ,  9:38-22-33-20-10-16-26-62-21- ,  9:36-22-13-43-61-60-17-10-59- ,  9:52-64-58-45-36-54-5-37-32- ,  9:23-2-50-33-58-34-25-4-7- ,  9:48-66-19-36-41-35-6-63-24- , 

0.0858491
0.194645
0.124958
0.594548
30.3669
-5.15215e+07
