routeSetSize:6,pSwap:0.06667,popSize:18,elite:2,pSm:0.7,pDelete:0.4,tFit:10,maxGen:400,maxIter:1,beta:0.8,run:5,stableCount:40,e:0.7,minGen:10,minFitnessRatio:1e-05,minRouteLength:2,maxRouteLength:8,maxRouteLength:8, OpATT19.2695
Initial : -5.6693e+07
0.0644491
0.152442
0.0793803
0.703728
34.1547

-----------------------------------------
Iteration:0 started

Gen:0
0.0644491,0.152442,0.0793803,0.703728,34.1547,-5.6693e+07
1.04369e+06
ratio: 0.000000
Gen:1
0.067289,0.160064,0.0827601,0.689887,34.5257,-5.63357e+07
932198
Gen:2
0.0716603,0.16348,0.0749726,0.689887,32.5505,-5.57458e+07
645547
Gen:3
0.0736384,0.167218,0.0887876,0.670356,33.6479,-5.54035e+07
614462
Gen:4
0.0736384,0.167218,0.0887876,0.670356,33.6479,-5.54035e+07
607673
ratio: 0.000000
Gen:5
0.0763692,0.183089,0.0781655,0.662377,33.9703,-5.52345e+07
733186
Gen:6
0.076743,0.174356,0.0946022,0.654298,34.6074,-5.5172e+07
560840
Gen:7
0.0756631,0.173469,0.0839282,0.66694,32.7669,-5.50037e+07
846382
Gen:8
0.0756631,0.173469,0.0839282,0.66694,32.7669,-5.50037e+07
956978
ratio: 0.000000
Gen:9
0.0831547,0.185472,0.0945659,0.636808,34.5683,-5.45745e+07
938461
Gen:10
0.0831547,0.185472,0.0945659,0.636808,34.5683,-5.45745e+07
1.01197e+06
ratio: 0.000000
Gen:11
0.0831547,0.185472,0.0945659,0.636808,34.5683,-5.45745e+07
548644
ratio: 0.000000
Gen:12
0.0831547,0.185472,0.0945659,0.636808,34.5683,-5.45745e+07
724160
ratio: 0.000000
Gen:13
0.0831547,0.185472,0.0945659,0.636808,34.5683,-5.45745e+07
789790
ratio: 0.000000
Gen:14
0.0789442,0.175872,0.0987244,0.646459,33.1308,-5.44076e+07
915543
Gen:15
0.0789442,0.175872,0.0987244,0.646459,33.1308,-5.44076e+07
809718
ratio: 0.000000
Gen:16
0.0789442,0.175872,0.0987244,0.646459,33.1308,-5.44076e+07
1.0469e+06
ratio: 0.000000
Gen:17
0.0828328,0.185404,0.0945348,0.637228,33.4713,-5.42053e+07
530625
Gen:18
0.0828328,0.185404,0.0945348,0.637228,33.4713,-5.42053e+07
1.07662e+06
ratio: 0.000000
Gen:19
0.0828328,0.185404,0.0945348,0.637228,33.4713,-5.42053e+07
690164
ratio: 0.000000
Gen:20
0.0828328,0.185404,0.0945348,0.637228,33.4713,-5.42053e+07
840731
ratio: 0.000000
Gen:21
0.0828328,0.185404,0.0945348,0.637228,33.4713,-5.42053e+07
947565
ratio: 0.000000
Gen:22
0.0828328,0.185404,0.0945348,0.637228,33.4713,-5.42053e+07
598809
ratio: 0.000000
Gen:23
0.0828328,0.185404,0.0945348,0.637228,33.4713,-5.42053e+07
919109
ratio: 0.000000
Gen:24
0.0828328,0.185404,0.0945348,0.637228,33.4713,-5.42053e+07
793760
ratio: 0.000000
Gen:25
0.0828328,0.185404,0.0945348,0.637228,33.4713,-5.42053e+07
928917
ratio: 0.000000
Gen:26
0.0828328,0.185404,0.0945348,0.637228,33.4713,-5.42053e+07
1.09567e+06
ratio: 0.000000
Gen:27
0.0828328,0.185404,0.0945348,0.637228,33.4713,-5.42053e+07
900631
ratio: 0.000000
Gen:28
0.0828328,0.185404,0.0945348,0.637228,33.4713,-5.42053e+07
1.07724e+06
ratio: 0.000000
Gen:29
0.0828328,0.185404,0.0945348,0.637228,33.4713,-5.42053e+07
910972
ratio: 0.000000
Gen:30
0.0828328,0.185404,0.0945348,0.637228,33.4713,-5.42053e+07
633942
ratio: 0.000000
Gen:31
0.0828328,0.185404,0.0945348,0.637228,33.4713,-5.42053e+07
1.08079e+06
ratio: 0.000000
Gen:32
0.0828328,0.185404,0.0945348,0.637228,33.4713,-5.42053e+07
1.09722e+06
ratio: 0.000000
Gen:33
0.0840528,0.184381,0.0939429,0.637623,32.761,-5.3971e+07
859239
Gen:34
0.0840528,0.184381,0.0939429,0.637623,32.761,-5.3971e+07
747126
ratio: 0.000000
Gen:35
0.0840528,0.184381,0.0939429,0.637623,32.761,-5.3971e+07
444851
ratio: 0.000000
Gen:36
0.0840528,0.184381,0.0939429,0.637623,32.761,-5.3971e+07
999872
ratio: 0.000000
Gen:37
0.0840528,0.184381,0.0939429,0.637623,32.761,-5.3971e+07
897436
ratio: 0.000000
Gen:38
0.0840528,0.184381,0.0939429,0.637623,32.761,-5.3971e+07
1.04629e+06
ratio: 0.000000
Gen:39
0.0840528,0.184381,0.0939429,0.637623,32.761,-5.3971e+07
1.21203e+06
ratio: 0.000000
Gen:40
0.0840528,0.184381,0.0939429,0.637623,32.761,-5.3971e+07
1.22222e+06
ratio: 0.000000
Gen:41
0.0828016,0.195928,0.0998873,0.621383,33.5785,-5.36981e+07
875834
Gen:42
0.0831027,0.192434,0.0894729,0.634991,31.3583,-5.33853e+07
889628
Gen:43
0.0831027,0.192434,0.0894729,0.634991,31.3583,-5.33853e+07
592056
ratio: 0.000000
Gen:44
0.0827134,0.190212,0.0902205,0.636854,31.1323,-5.33743e+07
1.2407e+06
Gen:45
0.0827134,0.190212,0.0902205,0.636854,31.1323,-5.33743e+07
681702
ratio: 0.000000
Gen:46
0.0847589,0.204764,0.091129,0.619348,32.6205,-5.32769e+07
741305
Gen:47
0.0847589,0.204764,0.091129,0.619348,32.6205,-5.32769e+07
1.01215e+06
ratio: 0.000000
Gen:48
0.0847589,0.204764,0.091129,0.619348,32.6205,-5.32769e+07
670106
ratio: 0.000000
Gen:49
0.0847589,0.204764,0.091129,0.619348,32.6205,-5.32769e+07
900944
ratio: 0.000000
Gen:50
0.0847589,0.204764,0.091129,0.619348,32.6205,-5.32769e+07
723844
ratio: 0.000000
Gen:51
0.0847589,0.204764,0.091129,0.619348,32.6205,-5.32769e+07
1.06667e+06
ratio: 0.000000
Gen:52
0.0847589,0.204764,0.091129,0.619348,32.6205,-5.32769e+07
898040
ratio: 0.000000
Gen:53
0.0847589,0.204764,0.091129,0.619348,32.6205,-5.32769e+07
1.0224e+06
ratio: 0.000000
Gen:54
0.0847589,0.204764,0.091129,0.619348,32.6205,-5.32769e+07
862933
ratio: 0.000000
Gen:55
0.0847589,0.204764,0.091129,0.619348,32.6205,-5.32769e+07
389406
ratio: 0.000000
Gen:56
0.0847589,0.204764,0.091129,0.619348,32.6205,-5.32769e+07
582984
ratio: 0.000000
Gen:57
0.0847589,0.204764,0.091129,0.619348,32.6205,-5.32769e+07
1.30021e+06
ratio: 0.000000
Gen:58
0.0847589,0.204764,0.091129,0.619348,32.6205,-5.32769e+07
797011
ratio: 0.000000
Gen:59
0.0847589,0.204764,0.091129,0.619348,32.6205,-5.32769e+07
642836
ratio: 0.000000
Gen:60
0.0847589,0.204764,0.091129,0.619348,32.6205,-5.32769e+07
1.22836e+06
ratio: 0.000000
Gen:61
0.0847589,0.204764,0.091129,0.619348,32.6205,-5.32769e+07
639505
ratio: 0.000000
Gen:62
0.0847589,0.204764,0.091129,0.619348,32.6205,-5.32769e+07
773302
ratio: 0.000000
Gen:63
0.0847589,0.204764,0.091129,0.619348,32.6205,-5.32769e+07
1.00359e+06
ratio: 0.000000
Gen:64
0.0847589,0.204764,0.091129,0.619348,32.6205,-5.32769e+07
1.04854e+06
ratio: 0.000000
Gen:65
0.0847589,0.204764,0.091129,0.619348,32.6205,-5.32769e+07
805377
ratio: 0.000000
Gen:66
0.0847589,0.204764,0.091129,0.619348,32.6205,-5.32769e+07
917303
ratio: 0.000000
Gen:67
0.0847589,0.204764,0.091129,0.619348,32.6205,-5.32769e+07
877929
ratio: 0.000000
Gen:68
0.0847589,0.204764,0.091129,0.619348,32.6205,-5.32769e+07
1.01732e+06
ratio: 0.000000
Gen:69
0.0847589,0.204764,0.091129,0.619348,32.6205,-5.32769e+07
789158
ratio: 0.000000
Gen:70
0.0847589,0.204764,0.091129,0.619348,32.6205,-5.32769e+07
1.10649e+06
ratio: 0.000000
Gen:71
0.0847589,0.204764,0.091129,0.619348,32.6205,-5.32769e+07
829866
ratio: 0.000000
Gen:72
0.0847589,0.204764,0.091129,0.619348,32.6205,-5.32769e+07
1.08526e+06
ratio: 0.000000
Gen:73
0.0847589,0.204764,0.091129,0.619348,32.6205,-5.32769e+07
1.06112e+06
ratio: 0.000000
Gen:74
0.0847589,0.204764,0.091129,0.619348,32.6205,-5.32769e+07
911044
ratio: 0.000000
Gen:75
0.0847589,0.204764,0.091129,0.619348,32.6205,-5.32769e+07
1.23467e+06
ratio: 0.000000
Gen:76
0.0847589,0.204764,0.091129,0.619348,32.6205,-5.32769e+07
1.10962e+06
ratio: 0.000000
Gen:77
0.0847589,0.204764,0.091129,0.619348,32.6205,-5.32769e+07
359567
ratio: 0.000000
Gen:78
0.0847589,0.204764,0.091129,0.619348,32.6205,-5.32769e+07
977850
ratio: 0.000000
Gen:79
0.0847589,0.204764,0.091129,0.619348,32.6205,-5.32769e+07
1.21729e+06
ratio: 0.000000
Gen:80
0.0847589,0.204764,0.091129,0.619348,32.6205,-5.32769e+07
804648
ratio: 0.000000
Gen:81
0.0847589,0.204764,0.091129,0.619348,32.6205,-5.32769e+07
544833
ratio: 0.000000
Gen:82
0.0847589,0.204764,0.091129,0.619348,32.6205,-5.32769e+07
949723
ratio: 0.000000
Gen:83
0.0847589,0.204764,0.091129,0.619348,32.6205,-5.32769e+07
696644
ratio: 0.000000
Gen:84
0.0847589,0.204764,0.091129,0.619348,32.6205,-5.32769e+07
1.02267e+06
ratio: 0.000000
Gen:85
0.0875312,0.191375,0.0852936,0.635801,29.6466,-5.28145e+07
1.22397e+06
Gen:86
0.0875312,0.191375,0.0852936,0.635801,29.6466,-5.28145e+07
707959
ratio: 0.000000
Gen:87
0.0875312,0.191375,0.0852936,0.635801,29.6466,-5.28145e+07
1.17291e+06
ratio: 0.000000
Gen:88
0.0875312,0.191375,0.0852936,0.635801,29.6466,-5.28145e+07
879198
ratio: 0.000000
Gen:89
0.0875312,0.191375,0.0852936,0.635801,29.6466,-5.28145e+07
873850
ratio: 0.000000
Gen:90
0.0875312,0.191375,0.0852936,0.635801,29.6466,-5.28145e+07
888810
ratio: 0.000000
Gen:91
0.0875312,0.191375,0.0852936,0.635801,29.6466,-5.28145e+07
1.27864e+06
ratio: 0.000000
Gen:92
0.0875312,0.191375,0.0852936,0.635801,29.6466,-5.28145e+07
894933
ratio: 0.000000
Gen:93
0.0875312,0.191375,0.0852936,0.635801,29.6466,-5.28145e+07
1.17033e+06
ratio: 0.000000
Gen:94
0.0879569,0.191806,0.0861139,0.634124,29.7137,-5.27742e+07
1.12373e+06
Gen:95
0.0879569,0.191806,0.0861139,0.634124,29.7137,-5.27742e+07
376349
ratio: 0.000000
Gen:96
0.0879569,0.191806,0.0861139,0.634124,29.7137,-5.27742e+07
871994
ratio: 0.000000
Gen:97
0.0879569,0.191806,0.0861139,0.634124,29.7137,-5.27742e+07
959038
ratio: 0.000000
Gen:98
0.0879569,0.191806,0.0861139,0.634124,29.7137,-5.27742e+07
1.17702e+06
ratio: 0.000000
Gen:99
0.0879569,0.191806,0.0861139,0.634124,29.7137,-5.27742e+07
1.15644e+06
ratio: 0.000000
Gen:100
0.0879569,0.191806,0.0861139,0.634124,29.7137,-5.27742e+07
1.02809e+06
ratio: 0.000000
Gen:101
0.0879569,0.191806,0.0861139,0.634124,29.7137,-5.27742e+07
892570
ratio: 0.000000
Gen:102
0.0879569,0.191806,0.0861139,0.634124,29.7137,-5.27742e+07
1.03111e+06
ratio: 0.000000
Gen:103
0.0879569,0.191806,0.0861139,0.634124,29.7137,-5.27742e+07
1.2017e+06
ratio: 0.000000
Gen:104
0.0879569,0.191806,0.0861139,0.634124,29.7137,-5.27742e+07
852107
ratio: 0.000000
Gen:105
0.0879569,0.191806,0.0861139,0.634124,29.7137,-5.27742e+07
962694
ratio: 0.000000
Gen:106
0.0879569,0.191806,0.0861139,0.634124,29.7137,-5.27742e+07
977925
ratio: 0.000000
Gen:107
0.0879569,0.191806,0.0861139,0.634124,29.7137,-5.27742e+07
828730
ratio: 0.000000
Gen:108
0.0879569,0.191806,0.0861139,0.634124,29.7137,-5.27742e+07
973002
ratio: 0.000000
Gen:109
0.0879569,0.191806,0.0861139,0.634124,29.7137,-5.27742e+07
501206
ratio: 0.000000
Gen:110
0.0879569,0.191806,0.0861139,0.634124,29.7137,-5.27742e+07
839984
ratio: 0.000000
Gen:111
0.0879569,0.191806,0.0861139,0.634124,29.7137,-5.27742e+07
809997
ratio: 0.000000
Gen:112
0.0879569,0.191806,0.0861139,0.634124,29.7137,-5.27742e+07
905984
ratio: 0.000000
Gen:113
0.0879569,0.191806,0.0861139,0.634124,29.7137,-5.27742e+07
769288
ratio: 0.000000
Gen:114
0.0882736,0.195948,0.096736,0.619042,30.7628,-5.25845e+07
647063
Gen:115
0.0882736,0.195948,0.096736,0.619042,30.7628,-5.25845e+07
586232
ratio: 0.000000
Gen:116
0.0882736,0.195948,0.096736,0.619042,30.7628,-5.25845e+07
718605
ratio: 0.000000
Gen:117
0.0882736,0.195948,0.096736,0.619042,30.7628,-5.25845e+07
1.17978e+06
ratio: 0.000000
Gen:118
0.0882736,0.195948,0.096736,0.619042,30.7628,-5.25845e+07
850166
ratio: 0.000000
Gen:119
0.0882736,0.195948,0.096736,0.619042,30.7628,-5.25845e+07
1.08463e+06
ratio: 0.000000
Gen:120
0.0882736,0.195948,0.096736,0.619042,30.7628,-5.25845e+07
914705
ratio: 0.000000
Gen:121
0.0882736,0.195948,0.096736,0.619042,30.7628,-5.25845e+07
1.10679e+06
ratio: 0.000000
Gen:122
0.0882736,0.195948,0.096736,0.619042,30.7628,-5.25845e+07
1.01988e+06
ratio: 0.000000
Gen:123
0.0882736,0.195948,0.096736,0.619042,30.7628,-5.25845e+07
1.1369e+06
ratio: 0.000000
Gen:124
0.0882736,0.195948,0.096736,0.619042,30.7628,-5.25845e+07
1.00776e+06
ratio: 0.000000
Gen:125
0.0882736,0.195948,0.096736,0.619042,30.7628,-5.25845e+07
863794
ratio: 0.000000
Gen:126
0.0882736,0.195948,0.096736,0.619042,30.7628,-5.25845e+07
914859
ratio: 0.000000
Gen:127
0.0882736,0.195948,0.096736,0.619042,30.7628,-5.25845e+07
611498
ratio: 0.000000
Gen:128
0.0882736,0.195948,0.096736,0.619042,30.7628,-5.25845e+07
1.00243e+06
ratio: 0.000000
Gen:129
0.0882736,0.195948,0.096736,0.619042,30.7628,-5.25845e+07
930137
ratio: 0.000000
Gen:130
0.0882736,0.195948,0.096736,0.619042,30.7628,-5.25845e+07
1.2596e+06
ratio: 0.000000
Gen:131
0.0882736,0.195948,0.096736,0.619042,30.7628,-5.25845e+07
600411
ratio: 0.000000
Gen:132
0.0882736,0.195948,0.096736,0.619042,30.7628,-5.25845e+07
1.35562e+06
ratio: 0.000000
Gen:133
0.0882736,0.195948,0.096736,0.619042,30.7628,-5.25845e+07
958024
ratio: 0.000000
Gen:134
0.0882736,0.195948,0.096736,0.619042,30.7628,-5.25845e+07
775667
ratio: 0.000000
Gen:135
0.0882736,0.195948,0.096736,0.619042,30.7628,-5.25845e+07
1.19963e+06
ratio: 0.000000
Gen:136
0.0882736,0.195948,0.096736,0.619042,30.7628,-5.25845e+07
1.16038e+06
ratio: 0.000000
Gen:137
0.0882736,0.195948,0.096736,0.619042,30.7628,-5.25845e+07
764163
ratio: 0.000000
Gen:138
0.0882736,0.195948,0.096736,0.619042,30.7628,-5.25845e+07
1.03248e+06
ratio: 0.000000
Gen:139
0.0882736,0.195948,0.096736,0.619042,30.7628,-5.25845e+07
849924
ratio: 0.000000
Gen:140
0.0882736,0.195948,0.096736,0.619042,30.7628,-5.25845e+07
1.36636e+06
ratio: 0.000000
Gen:141
0.0882736,0.195948,0.096736,0.619042,30.7628,-5.25845e+07
871143
ratio: 0.000000
Gen:142
0.0882736,0.195948,0.096736,0.619042,30.7628,-5.25845e+07
908902
ratio: 0.000000
Gen:143
0.0882736,0.195948,0.096736,0.619042,30.7628,-5.25845e+07
982132
ratio: 0.000000
Gen:144
0.0882736,0.195948,0.096736,0.619042,30.7628,-5.25845e+07
1.05408e+06
ratio: 0.000000
Gen:145
0.0890264,0.195429,0.0974628,0.618081,30.7608,-5.25482e+07
870509
Gen:146
0.0890264,0.195429,0.0974628,0.618081,30.7608,-5.25482e+07
940661
ratio: 0.000000
Gen:147
0.0890264,0.195429,0.0974628,0.618081,30.7608,-5.25482e+07
538802
ratio: 0.000000
Gen:148
0.0890264,0.195429,0.0974628,0.618081,30.7608,-5.25482e+07
975146
ratio: 0.000000
Gen:149
0.0890264,0.195429,0.0974628,0.618081,30.7608,-5.25482e+07
646505
ratio: 0.000000
Gen:150
0.0890264,0.195429,0.0974628,0.618081,30.7608,-5.25482e+07
238069
ratio: 0.000000
Gen:151
0.0890264,0.195429,0.0974628,0.618081,30.7608,-5.25482e+07
874930
ratio: 0.000000
Gen:152
0.0890264,0.195429,0.0974628,0.618081,30.7608,-5.25482e+07
935943
ratio: 0.000000
Gen:153
0.0890264,0.195429,0.0974628,0.618081,30.7608,-5.25482e+07
1.28218e+06
ratio: 0.000000
Gen:154
0.0890264,0.195429,0.0974628,0.618081,30.7608,-5.25482e+07
1.21725e+06
ratio: 0.000000
Gen:155
0.0890264,0.195429,0.0974628,0.618081,30.7608,-5.25482e+07
1.15964e+06
ratio: 0.000000
Gen:156
0.0890264,0.195429,0.0974628,0.618081,30.7608,-5.25482e+07
1.13287e+06
ratio: 0.000000
Gen:157
0.0890264,0.195429,0.0974628,0.618081,30.7608,-5.25482e+07
875301
ratio: 0.000000
Gen:158
0.0890264,0.195429,0.0974628,0.618081,30.7608,-5.25482e+07
578111
ratio: 0.000000
Gen:159
0.0890264,0.195429,0.0974628,0.618081,30.7608,-5.25482e+07
1.18305e+06
ratio: 0.000000
Gen:160
0.0890264,0.195429,0.0974628,0.618081,30.7608,-5.25482e+07
1.19084e+06
ratio: 0.000000
Gen:161
0.0890264,0.195429,0.0974628,0.618081,30.7608,-5.25482e+07
674971
ratio: 0.000000
Gen:162
0.0890264,0.195429,0.0974628,0.618081,30.7608,-5.25482e+07
1.04756e+06
ratio: 0.000000
Gen:163
0.0890264,0.195429,0.0974628,0.618081,30.7608,-5.25482e+07
810253
ratio: 0.000000
Gen:164
0.0890264,0.195429,0.0974628,0.618081,30.7608,-5.25482e+07
758559
ratio: 0.000000
Gen:165
0.0890264,0.195429,0.0974628,0.618081,30.7608,-5.25482e+07
783088
ratio: 0.000000
Gen:166
0.0890264,0.195429,0.0974628,0.618081,30.7608,-5.25482e+07
861906
ratio: 0.000000
Gen:167
0.0901167,0.19464,0.0974836,0.61776,30.6899,-5.25101e+07
947082
Gen:168
0.0901167,0.19464,0.0974836,0.61776,30.6899,-5.25101e+07
873094
ratio: 0.000000
Gen:169
0.0901167,0.19464,0.0974836,0.61776,30.6899,-5.25101e+07
844335
ratio: 0.000000
Gen:170
0.0901167,0.19464,0.0974836,0.61776,30.6899,-5.25101e+07
1.12338e+06
ratio: 0.000000
Gen:171
0.0901167,0.19464,0.0974836,0.61776,30.6899,-5.25101e+07
600942
ratio: 0.000000
Gen:172
0.0901167,0.19464,0.0974836,0.61776,30.6899,-5.25101e+07
803945
ratio: 0.000000
Gen:173
0.0901167,0.19464,0.0974836,0.61776,30.6899,-5.25101e+07
1.09318e+06
ratio: 0.000000
Gen:174
0.0901167,0.19464,0.0974836,0.61776,30.6899,-5.25101e+07
1.11572e+06
ratio: 0.000000
Gen:175
0.0901167,0.19464,0.0974836,0.61776,30.6899,-5.25101e+07
836629
ratio: 0.000000
Gen:176
0.0901167,0.19464,0.0974836,0.61776,30.6899,-5.25101e+07
693048
ratio: 0.000000
Gen:177
0.0905943,0.197205,0.0970683,0.615133,30.732,-5.24281e+07
614685
Gen:178
0.0905943,0.197205,0.0970683,0.615133,30.732,-5.24281e+07
893381
ratio: 0.000000
Gen:179
0.0905943,0.197205,0.0970683,0.615133,30.732,-5.24281e+07
1.36698e+06
ratio: 0.000000
Gen:180
0.0905943,0.197205,0.0970683,0.615133,30.732,-5.24281e+07
1.07617e+06
ratio: 0.000000
Gen:181
0.0905943,0.197205,0.0970683,0.615133,30.732,-5.24281e+07
947272
ratio: 0.000000
Gen:182
0.0905943,0.197205,0.0970683,0.615133,30.732,-5.24281e+07
991045
ratio: 0.000000
Gen:183
0.0905943,0.197205,0.0970683,0.615133,30.732,-5.24281e+07
888120
ratio: 0.000000
Gen:184
0.0905943,0.197205,0.0970683,0.615133,30.732,-5.24281e+07
958205
ratio: 0.000000
Gen:185
0.0905943,0.197205,0.0970683,0.615133,30.732,-5.24281e+07
1.19643e+06
ratio: 0.000000
Gen:186
0.0905943,0.197205,0.0970683,0.615133,30.732,-5.24281e+07
722159
ratio: 0.000000
Gen:187
0.0905943,0.197205,0.0970683,0.615133,30.732,-5.24281e+07
430906
ratio: 0.000000
Gen:188
0.0905943,0.197205,0.0970683,0.615133,30.732,-5.24281e+07
1.11295e+06
ratio: 0.000000
Gen:189
0.0905943,0.197205,0.0970683,0.615133,30.732,-5.24281e+07
845459
ratio: 0.000000
Gen:190
0.0905943,0.197205,0.0970683,0.615133,30.732,-5.24281e+07
957663
ratio: 0.000000
Gen:191
0.0901115,0.1968,0.0978003,0.615288,30.2624,-5.22599e+07
1.21678e+06
Gen:192
0.0901115,0.1968,0.0978003,0.615288,30.2624,-5.22599e+07
469446
ratio: 0.000000
Gen:193
0.0901115,0.1968,0.0978003,0.615288,30.2624,-5.22599e+07
1.00286e+06
ratio: 0.000000
Gen:194
0.0901115,0.1968,0.0978003,0.615288,30.2624,-5.22599e+07
926777
ratio: 0.000000
Gen:195
0.0901115,0.1968,0.0978003,0.615288,30.2624,-5.22599e+07
965892
ratio: 0.000000
Gen:196
0.0901115,0.1968,0.0978003,0.615288,30.2624,-5.22599e+07
690790
ratio: 0.000000
Gen:197
0.0901115,0.1968,0.0978003,0.615288,30.2624,-5.22599e+07
303450
ratio: 0.000000
Gen:198
0.0901115,0.1968,0.0978003,0.615288,30.2624,-5.22599e+07
1.17727e+06
ratio: 0.000000
Gen:199
0.0901115,0.1968,0.0978003,0.615288,30.2624,-5.22599e+07
1.00866e+06
ratio: 0.000000
Gen:200
0.0901115,0.1968,0.0978003,0.615288,30.2624,-5.22599e+07
803863
ratio: 0.000000
Gen:201
0.0901115,0.1968,0.0978003,0.615288,30.2624,-5.22599e+07
982781
ratio: 0.000000
Gen:202
0.0901115,0.1968,0.0978003,0.615288,30.2624,-5.22599e+07
1.06222e+06
ratio: 0.000000
Gen:203
0.0901115,0.1968,0.0978003,0.615288,30.2624,-5.22599e+07
816883
ratio: 0.000000
Gen:204
0.0901115,0.1968,0.0978003,0.615288,30.2624,-5.22599e+07
1.38432e+06
ratio: 0.000000
Gen:205
0.0901115,0.1968,0.0978003,0.615288,30.2624,-5.22599e+07
1.03558e+06
ratio: 0.000000
Gen:206
0.0901115,0.1968,0.0978003,0.615288,30.2624,-5.22599e+07
1.04569e+06
ratio: 0.000000
Gen:207
0.0901115,0.1968,0.0978003,0.615288,30.2624,-5.22599e+07
777521
ratio: 0.000000
Gen:208
0.0901115,0.1968,0.0978003,0.615288,30.2624,-5.22599e+07
873741
ratio: 0.000000
Gen:209
0.0901115,0.1968,0.0978003,0.615288,30.2624,-5.22599e+07
321685
ratio: 0.000000
Gen:210
0.0901115,0.1968,0.0978003,0.615288,30.2624,-5.22599e+07
917808
ratio: 0.000000
Gen:211
0.0901115,0.1968,0.0978003,0.615288,30.2624,-5.22599e+07
1.06169e+06
ratio: 0.000000
Gen:212
0.0901115,0.1968,0.0978003,0.615288,30.2624,-5.22599e+07
1.02027e+06
ratio: 0.000000
Gen:213
0.0901115,0.1968,0.0978003,0.615288,30.2624,-5.22599e+07
605517
ratio: 0.000000
Gen:214
0.0901115,0.1968,0.0978003,0.615288,30.2624,-5.22599e+07
1.14255e+06
ratio: 0.000000
Gen:215
0.0901115,0.1968,0.0978003,0.615288,30.2624,-5.22599e+07
1.0156e+06
ratio: 0.000000
Gen:216
0.0901115,0.1968,0.0978003,0.615288,30.2624,-5.22599e+07
716484
ratio: 0.000000
Gen:217
0.0906929,0.19871,0.100936,0.609661,30.5275,-5.21482e+07
728525
Gen:218
0.0906929,0.19871,0.100936,0.609661,30.5275,-5.21482e+07
1.14827e+06
ratio: 0.000000
Gen:219
0.0906929,0.19871,0.100936,0.609661,30.5275,-5.21482e+07
753698
ratio: 0.000000
Gen:220
0.0906929,0.19871,0.100936,0.609661,30.5275,-5.21482e+07
1.08658e+06
ratio: 0.000000
Gen:221
0.0906929,0.19871,0.100936,0.609661,30.5275,-5.21482e+07
1.17859e+06
ratio: 0.000000
Gen:222
0.0906929,0.19871,0.100936,0.609661,30.5275,-5.21482e+07
771169
ratio: 0.000000
Gen:223
0.0906929,0.19871,0.100936,0.609661,30.5275,-5.21482e+07
874999
ratio: 0.000000
Gen:224
0.0906929,0.19871,0.100936,0.609661,30.5275,-5.21482e+07
829546
ratio: 0.000000
Gen:225
0.0906929,0.19871,0.100936,0.609661,30.5275,-5.21482e+07
1.00419e+06
ratio: 0.000000
Gen:226
0.0906929,0.19871,0.100936,0.609661,30.5275,-5.21482e+07
925504
ratio: 0.000000
Gen:227
0.0906929,0.19871,0.100936,0.609661,30.5275,-5.21482e+07
599267
ratio: 0.000000
Gen:228
0.0906929,0.19871,0.100936,0.609661,30.5275,-5.21482e+07
1.18349e+06
ratio: 0.000000
Gen:229
0.0906929,0.19871,0.100936,0.609661,30.5275,-5.21482e+07
951871
ratio: 0.000000
Gen:230
0.0906929,0.19871,0.100936,0.609661,30.5275,-5.21482e+07
1.06607e+06
ratio: 0.000000
Gen:231
0.0906929,0.19871,0.100936,0.609661,30.5275,-5.21482e+07
746551
ratio: 0.000000
Gen:232
0.0906929,0.19871,0.100936,0.609661,30.5275,-5.21482e+07
1.30644e+06
ratio: 0.000000
Gen:233
0.0906929,0.19871,0.100936,0.609661,30.5275,-5.21482e+07
1.24786e+06
ratio: 0.000000
Gen:234
0.0906929,0.19871,0.100936,0.609661,30.5275,-5.21482e+07
670325
ratio: 0.000000
Gen:235
0.0906929,0.19871,0.100936,0.609661,30.5275,-5.21482e+07
589294
ratio: 0.000000
Gen:236
0.0906929,0.19871,0.100936,0.609661,30.5275,-5.21482e+07
820866
ratio: 0.000000
Gen:237
0.0925775,0.200138,0.101658,0.605627,30.8932,-5.21366e+07
701198
Gen:238
0.0925775,0.200138,0.101658,0.605627,30.8932,-5.21366e+07
1.24186e+06
ratio: 0.000000
Gen:239
0.0925775,0.200138,0.101658,0.605627,30.8932,-5.21366e+07
544739
ratio: 0.000000
Gen:240
0.0925775,0.200138,0.101658,0.605627,30.8932,-5.21366e+07
930740
ratio: 0.000000
Gen:241
0.0925775,0.200138,0.101658,0.605627,30.8932,-5.21366e+07
851529
ratio: 0.000000
Gen:242
0.0920376,0.202734,0.10212,0.603109,30.9083,-5.20493e+07
1.11489e+06
Gen:243
0.0920376,0.202734,0.10212,0.603109,30.9083,-5.20493e+07
914265
ratio: 0.000000
Gen:244
0.0920376,0.202734,0.10212,0.603109,30.9083,-5.20493e+07
1.14721e+06
ratio: 0.000000
Gen:245
0.0920376,0.202734,0.10212,0.603109,30.9083,-5.20493e+07
1.17164e+06
ratio: 0.000000
Gen:246
0.0920376,0.202734,0.10212,0.603109,30.9083,-5.20493e+07
590662
ratio: 0.000000
Gen:247
0.0920376,0.202734,0.10212,0.603109,30.9083,-5.20493e+07
528020
ratio: 0.000000
Gen:248
0.0920376,0.202734,0.10212,0.603109,30.9083,-5.20493e+07
935702
ratio: 0.000000
Gen:249
0.0920376,0.202734,0.10212,0.603109,30.9083,-5.20493e+07
1.053e+06
ratio: 0.000000
Gen:250
0.0920376,0.202734,0.10212,0.603109,30.9083,-5.20493e+07
873850
ratio: 0.000000
Gen:251
0.0920376,0.202734,0.10212,0.603109,30.9083,-5.20493e+07
1.15727e+06
ratio: 0.000000
Gen:252
0.0920376,0.202734,0.10212,0.603109,30.9083,-5.20493e+07
802269
ratio: 0.000000
Gen:253
0.0920376,0.202734,0.10212,0.603109,30.9083,-5.20493e+07
945926
ratio: 0.000000
Gen:254
0.0920376,0.202734,0.10212,0.603109,30.9083,-5.20493e+07
711388
ratio: 0.000000
Gen:255
0.0920376,0.202734,0.10212,0.603109,30.9083,-5.20493e+07
735215
ratio: 0.000000
Gen:256
0.0920376,0.202734,0.10212,0.603109,30.9083,-5.20493e+07
482761
ratio: 0.000000
Gen:257
0.0920376,0.202734,0.10212,0.603109,30.9083,-5.20493e+07
1.1999e+06
ratio: 0.000000
Gen:258
0.0920376,0.202734,0.10212,0.603109,30.9083,-5.20493e+07
778451
ratio: 0.000000
Gen:259
0.0920376,0.202734,0.10212,0.603109,30.9083,-5.20493e+07
407994
ratio: 0.000000
Gen:260
0.0920376,0.202734,0.10212,0.603109,30.9083,-5.20493e+07
912926
ratio: 0.000000
Gen:261
0.0920376,0.202734,0.10212,0.603109,30.9083,-5.20493e+07
1.25078e+06
ratio: 0.000000
Gen:262
0.0920376,0.202734,0.10212,0.603109,30.9083,-5.20493e+07
756675
ratio: 0.000000
Gen:263
0.0920376,0.202734,0.10212,0.603109,30.9083,-5.20493e+07
700413
ratio: 0.000000
Gen:264
0.0920376,0.202734,0.10212,0.603109,30.9083,-5.20493e+07
1.13227e+06
ratio: 0.000000
Gen:265
0.0920376,0.202734,0.10212,0.603109,30.9083,-5.20493e+07
1.13063e+06
ratio: 0.000000
Gen:266
0.0920376,0.202734,0.10212,0.603109,30.9083,-5.20493e+07
1.27437e+06
ratio: 0.000000
Gen:267
0.0920947,0.20413,0.100983,0.602792,30.8099,-5.19999e+07
843411
Gen:268
0.0920947,0.20413,0.100983,0.602792,30.8099,-5.19999e+07
1.55657e+06
ratio: 0.000000
Gen:269
0.0920947,0.20413,0.100983,0.602792,30.8099,-5.19999e+07
1.09663e+06
ratio: 0.000000
Gen:270
0.0920947,0.20413,0.100983,0.602792,30.8099,-5.19999e+07
911244
ratio: 0.000000
Gen:271
0.0920947,0.20413,0.100983,0.602792,30.8099,-5.19999e+07
809372
ratio: 0.000000
Gen:272
0.0920947,0.20413,0.100983,0.602792,30.8099,-5.19999e+07
868912
ratio: 0.000000
Gen:273
0.0920947,0.20413,0.100983,0.602792,30.8099,-5.19999e+07
1.2203e+06
ratio: 0.000000
Gen:274
0.0920947,0.20413,0.100983,0.602792,30.8099,-5.19999e+07
1.15387e+06
ratio: 0.000000
Gen:275
0.0920947,0.20413,0.100983,0.602792,30.8099,-5.19999e+07
1.07593e+06
ratio: 0.000000
Gen:276
0.0920947,0.20413,0.100983,0.602792,30.8099,-5.19999e+07
1.06715e+06
ratio: 0.000000
Gen:277
0.0920947,0.20413,0.100983,0.602792,30.8099,-5.19999e+07
623775
ratio: 0.000000
Gen:278
0.0920947,0.20413,0.100983,0.602792,30.8099,-5.19999e+07
1.08506e+06
ratio: 0.000000
Gen:279
0.0920947,0.20413,0.100983,0.602792,30.8099,-5.19999e+07
488546
ratio: 0.000000
Gen:280
0.0920947,0.20413,0.100983,0.602792,30.8099,-5.19999e+07
908546
ratio: 0.000000
Gen:281
0.0920947,0.20413,0.100983,0.602792,30.8099,-5.19999e+07
874854
ratio: 0.000000
Gen:282
0.0920947,0.20413,0.100983,0.602792,30.8099,-5.19999e+07
981847
ratio: 0.000000
Gen:283
0.0920947,0.20413,0.100983,0.602792,30.8099,-5.19999e+07
826959
ratio: 0.000000
Gen:284
0.0920947,0.20413,0.100983,0.602792,30.8099,-5.19999e+07
812039
ratio: 0.000000
Gen:285
0.0920947,0.20413,0.100983,0.602792,30.8099,-5.19999e+07
1.15977e+06
ratio: 0.000000
Gen:286
0.0920947,0.20413,0.100983,0.602792,30.8099,-5.19999e+07
782841
ratio: 0.000000
Gen:287
0.0920947,0.20413,0.100983,0.602792,30.8099,-5.19999e+07
1.21615e+06
ratio: 0.000000
Gen:288
0.0920947,0.20413,0.100983,0.602792,30.8099,-5.19999e+07
1.01714e+06
ratio: 0.000000
Gen:289
0.0920947,0.20413,0.100983,0.602792,30.8099,-5.19999e+07
1.07259e+06
ratio: 0.000000
Gen:290
0.0920947,0.20413,0.100983,0.602792,30.8099,-5.19999e+07
1.21246e+06
ratio: 0.000000
Gen:291
0.0920947,0.20413,0.100983,0.602792,30.8099,-5.19999e+07
975856
ratio: 0.000000
Gen:292
0.0920947,0.20413,0.100983,0.602792,30.8099,-5.19999e+07
810987
ratio: 0.000000
Gen:293
0.0920947,0.20413,0.100983,0.602792,30.8099,-5.19999e+07
985829
ratio: 0.000000
Gen:294
0.0920947,0.20413,0.100983,0.602792,30.8099,-5.19999e+07
1.15727e+06
ratio: 0.000000
Gen:295
0.0920947,0.20413,0.100983,0.602792,30.8099,-5.19999e+07
1.21214e+06
ratio: 0.000000
Gen:296
0.0920947,0.20413,0.100983,0.602792,30.8099,-5.19999e+07
885834
ratio: 0.000000
Gen:297
0.0920947,0.20413,0.100983,0.602792,30.8099,-5.19999e+07
1.17092e+06
ratio: 0.000000
Gen:298
0.0920947,0.20413,0.100983,0.602792,30.8099,-5.19999e+07
1.02834e+06
ratio: 0.000000
Gen:299
0.0920947,0.20413,0.100983,0.602792,30.8099,-5.19999e+07
1.12014e+06
ratio: 0.000000
Gen:300
0.0920947,0.20413,0.100983,0.602792,30.8099,-5.19999e+07
822588
ratio: 0.000000
Gen:301
0.0920947,0.20413,0.100983,0.602792,30.8099,-5.19999e+07
1.25901e+06
ratio: 0.000000
Gen:302
0.0920947,0.20413,0.100983,0.602792,30.8099,-5.19999e+07
338729
ratio: 0.000000
Gen:303
0.0920947,0.20413,0.100983,0.602792,30.8099,-5.19999e+07
1.06567e+06
ratio: 0.000000
Gen:304
0.0920947,0.20413,0.100983,0.602792,30.8099,-5.19999e+07
922402
ratio: 0.000000
Gen:305
0.0920947,0.20413,0.100983,0.602792,30.8099,-5.19999e+07
1.4592e+06
ratio: 0.000000
Gen:306
0.0920947,0.20413,0.100983,0.602792,30.8099,-5.19999e+07
693357
ratio: 0.000000
Gen:307
0.0920947,0.20413,0.100983,0.602792,30.8099,-5.19999e+07
1.08869e+06
ratio: 0.000000
FINAL Population size
18
Best : -5.19999e+07   9:1-26-8-51-41-36-54-18-38- ,  9:68-9-11-49-26-30-63-6-56- ,  9:25-27-67-18-69-0-23-29-48- ,  9:0-2-50-17-10-16-26-30-62- ,  9:59-10-52-64-58-41-27-12-4- ,  9:36-22-33-43-61-60-17-55-20- , 

0.0920947
0.20413
0.100983
0.602792
30.8099
-5.19999e+07
Initial : -5.81814e+07
0.0649839
0.11013
0.0312797
0.793606
26.3513

-----------------------------------------
Iteration:0 started

Gen:0
0.068047,0.127284,0.113074,0.691595,38.9236,-5.76991e+07
824620
Gen:1
0.0711827,0.134505,0.119771,0.674541,39.0499,-5.72403e+07
899090
Gen:2
0.0753516,0.151882,0.0920168,0.68075,36.0058,-5.6485e+07
816103
Gen:3
0.0779942,0.15928,0.0962272,0.666499,36.7515,-5.6268e+07
646312
Gen:4
0.0737059,0.144198,0.0723301,0.709766,29.2106,-5.55152e+07
841892
Gen:5
0.0766547,0.154561,0.0742146,0.69457,29.699,-5.50726e+07
730621
Gen:6
0.0803096,0.165172,0.0770389,0.677479,30.4384,-5.46509e+07
386836
Gen:7
0.0831962,0.168947,0.0709491,0.676908,29.6944,-5.43981e+07
642500
Gen:8
0.0853767,0.178406,0.0732334,0.662984,29.9927,-5.39642e+07
1.0248e+06
Gen:9
0.0874845,0.176298,0.0732334,0.662984,29.9834,-5.39612e+07
821075
Gen:10
0.0885747,0.184355,0.0824694,0.6446,30.71,-5.35143e+07
833136
Gen:11
0.0885747,0.184355,0.0824694,0.6446,30.71,-5.35143e+07
574599
ratio: 0.000000
Gen:12
0.0885747,0.184355,0.0824694,0.6446,30.71,-5.35143e+07
1.02728e+06
ratio: 0.000000
Gen:13
0.0875727,0.194412,0.0913834,0.626632,31.5908,-5.31637e+07
837948
Gen:14
0.0875727,0.194412,0.0913834,0.626632,31.5908,-5.31637e+07
873229
ratio: 0.000000
Gen:15
0.0875727,0.194412,0.0913834,0.626632,31.5908,-5.31637e+07
673752
ratio: 0.000000
Gen:16
0.0875727,0.194412,0.0913834,0.626632,31.5908,-5.31637e+07
1.01815e+06
ratio: 0.000000
Gen:17
0.0879985,0.202775,0.0792038,0.630022,30.8595,-5.30262e+07
673274
Gen:18
0.0879985,0.202775,0.0792038,0.630022,30.8595,-5.30262e+07
1.00216e+06
ratio: 0.000000
Gen:19
0.0876454,0.204047,0.081675,0.626632,31.0436,-5.2967e+07
1.14532e+06
Gen:20
0.0876454,0.204047,0.081675,0.626632,31.0436,-5.2967e+07
752153
ratio: 0.000000
Gen:21
0.0876454,0.204047,0.081675,0.626632,31.0436,-5.2967e+07
831695
ratio: 0.000000
Gen:22
0.0891199,0.203424,0.0840892,0.623367,30.6734,-5.27125e+07
1.0529e+06
Gen:23
0.0891199,0.203424,0.0840892,0.623367,30.6734,-5.27125e+07
1.00241e+06
ratio: 0.000000
Gen:24
0.0891199,0.203424,0.0840892,0.623367,30.6734,-5.27125e+07
854945
ratio: 0.000000
Gen:25
0.0891199,0.203424,0.0840892,0.623367,30.6734,-5.27125e+07
778251
ratio: 0.000000
Gen:26
0.0891199,0.203424,0.0840892,0.623367,30.6734,-5.27125e+07
928842
ratio: 0.000000
Gen:27
0.0891199,0.203424,0.0840892,0.623367,30.6734,-5.27125e+07
870516
ratio: 0.000000
Gen:28
0.0891199,0.203424,0.0840892,0.623367,30.6734,-5.27125e+07
1.02446e+06
ratio: 0.000000
Gen:29
0.0891199,0.203424,0.0840892,0.623367,30.6734,-5.27125e+07
582616
ratio: 0.000000
Gen:30
0.089504,0.204463,0.101419,0.604614,31.6077,-5.23712e+07
870109
Gen:31
0.089504,0.204463,0.101419,0.604614,31.6077,-5.23712e+07
869312
ratio: 0.000000
Gen:32
0.089504,0.204463,0.101419,0.604614,31.6077,-5.23712e+07
1.0501e+06
ratio: 0.000000
Gen:33
0.089504,0.204463,0.101419,0.604614,31.6077,-5.23712e+07
1.0363e+06
ratio: 0.000000
Gen:34
0.089504,0.204463,0.101419,0.604614,31.6077,-5.23712e+07
911301
ratio: 0.000000
Gen:35
0.089504,0.204463,0.101419,0.604614,31.6077,-5.23712e+07
838455
ratio: 0.000000
Gen:36
0.089504,0.204463,0.101419,0.604614,31.6077,-5.23712e+07
1.00139e+06
ratio: 0.000000
Gen:37
0.089504,0.204463,0.101419,0.604614,31.6077,-5.23712e+07
543464
ratio: 0.000000
Gen:38
0.089504,0.204463,0.101419,0.604614,31.6077,-5.23712e+07
951307
ratio: 0.000000
Gen:39
0.089504,0.204463,0.101419,0.604614,31.6077,-5.23712e+07
1.20856e+06
ratio: 0.000000
Gen:40
0.089504,0.204463,0.101419,0.604614,31.6077,-5.23712e+07
920307
ratio: 0.000000
Gen:41
0.089504,0.204463,0.101419,0.604614,31.6077,-5.23712e+07
912300
ratio: 0.000000
Gen:42
0.089504,0.204463,0.101419,0.604614,31.6077,-5.23712e+07
1.18103e+06
ratio: 0.000000
Gen:43
0.089504,0.204463,0.101419,0.604614,31.6077,-5.23712e+07
634199
ratio: 0.000000
Gen:44
0.089504,0.204463,0.101419,0.604614,31.6077,-5.23712e+07
572309
ratio: 0.000000
Gen:45
0.089504,0.204463,0.101419,0.604614,31.6077,-5.23712e+07
998861
ratio: 0.000000
Gen:46
0.089504,0.204463,0.101419,0.604614,31.6077,-5.23712e+07
1.11514e+06
ratio: 0.000000
Gen:47
0.089504,0.204463,0.101419,0.604614,31.6077,-5.23712e+07
1.15804e+06
ratio: 0.000000
Gen:48
0.089504,0.204463,0.101419,0.604614,31.6077,-5.23712e+07
983662
ratio: 0.000000
Gen:49
0.089504,0.204463,0.101419,0.604614,31.6077,-5.23712e+07
1.21225e+06
ratio: 0.000000
Gen:50
0.089504,0.204463,0.101419,0.604614,31.6077,-5.23712e+07
928191
ratio: 0.000000
Gen:51
0.089504,0.204463,0.101419,0.604614,31.6077,-5.23712e+07
1.02525e+06
ratio: 0.000000
Gen:52
0.089504,0.204463,0.101419,0.604614,31.6077,-5.23712e+07
1.06781e+06
ratio: 0.000000
Gen:53
0.089504,0.204463,0.101419,0.604614,31.6077,-5.23712e+07
1.0809e+06
ratio: 0.000000
Gen:54
0.089504,0.204463,0.101419,0.604614,31.6077,-5.23712e+07
1.16242e+06
ratio: 0.000000
Gen:55
0.089504,0.204463,0.101419,0.604614,31.6077,-5.23712e+07
1.16444e+06
ratio: 0.000000
Gen:56
0.089504,0.204463,0.101419,0.604614,31.6077,-5.23712e+07
1.12179e+06
ratio: 0.000000
Gen:57
0.089504,0.204463,0.101419,0.604614,31.6077,-5.23712e+07
1.05797e+06
ratio: 0.000000
Gen:58
0.089504,0.204463,0.101419,0.604614,31.6077,-5.23712e+07
980769
ratio: 0.000000
Gen:59
0.089504,0.204463,0.101419,0.604614,31.6077,-5.23712e+07
954862
ratio: 0.000000
Gen:60
0.089504,0.204463,0.101419,0.604614,31.6077,-5.23712e+07
947366
ratio: 0.000000
Gen:61
0.089504,0.204463,0.101419,0.604614,31.6077,-5.23712e+07
1.30071e+06
ratio: 0.000000
Gen:62
0.089504,0.204463,0.101419,0.604614,31.6077,-5.23712e+07
1.04237e+06
ratio: 0.000000
Gen:63
0.089504,0.204463,0.101419,0.604614,31.6077,-5.23712e+07
1.03479e+06
ratio: 0.000000
Gen:64
0.089504,0.204463,0.101419,0.604614,31.6077,-5.23712e+07
1.06012e+06
ratio: 0.000000
Gen:65
0.089504,0.204463,0.101419,0.604614,31.6077,-5.23712e+07
977220
ratio: 0.000000
Gen:66
0.089504,0.204463,0.101419,0.604614,31.6077,-5.23712e+07
640434
ratio: 0.000000
Gen:67
0.089504,0.204463,0.101419,0.604614,31.6077,-5.23712e+07
960762
ratio: 0.000000
Gen:68
0.089504,0.204463,0.101419,0.604614,31.6077,-5.23712e+07
580202
ratio: 0.000000
Gen:69
0.089504,0.204463,0.101419,0.604614,31.6077,-5.23712e+07
661471
ratio: 0.000000
Gen:70
0.089504,0.204463,0.101419,0.604614,31.6077,-5.23712e+07
836707
ratio: 0.000000
FINAL Population size
18
Best : -5.23712e+07   9:67-27-12-41-58-33-43-61-44- ,  9:21-62-49-9-68-11-31-1-59- ,  9:13-22-33-20-10-16-26-49-42- ,  9:1-26-8-51-41-36-54-18-66- ,  9:11-15-30-63-6-47-7-4-40- ,  9:0-69-38-36-41-35-6-21-24- , 

0.089504
0.204463
0.101419
0.604614
31.6077
-5.23712e+07
Initial : -5.68138e+07
0.0679483
0.119709
0.0936158
0.718727
32.7283

-----------------------------------------
Iteration:0 started

Gen:0
0.0724235,0.108713,0.0793596,0.739504,29.5597,-5.67501e+07
869339
Gen:1
0.0755125,0.11527,0.0857972,0.72342,30.4292,-5.63665e+07
747264
Gen:2
0.0792505,0.121142,0.0928734,0.706734,30.781,-5.58418e+07
419704
Gen:3
0.0814778,0.129843,0.0947165,0.693963,31.2249,-5.54992e+07
1.00819e+06
Gen:4
0.083056,0.137854,0.101507,0.677583,31.4996,-5.49843e+07
1.01863e+06
Gen:5
0.0829729,0.136156,0.108396,0.672474,31.8539,-5.49102e+07
1.06518e+06
Gen:6
0.0867784,0.145766,0.0900232,0.677432,30.6997,-5.47303e+07
625045
Gen:7
0.0837777,0.138487,0.134609,0.643126,33.5464,-5.44344e+07
861437
Gen:8
0.0867421,0.142957,0.120467,0.649834,32.4703,-5.43023e+07
900189
Gen:9
0.0855584,0.152012,0.119304,0.643126,32.4985,-5.40742e+07
965461
Gen:10
0.0937352,0.150573,0.124729,0.630962,32.8725,-5.37764e+07
1.55712e+06
Gen:11
0.0931382,0.163132,0.100028,0.643702,31.5703,-5.37762e+07
1.13849e+06
ratio: 0.000004
Gen:12
0.0970527,0.170099,0.102992,0.629856,31.6861,-5.33147e+07
809087
Gen:13
0.0970527,0.170099,0.102992,0.629856,31.6861,-5.33147e+07
858842
ratio: 0.000000
Gen:14
0.0970527,0.170099,0.102992,0.629856,31.6861,-5.33147e+07
641732
ratio: 0.000000
Gen:15
0.0970527,0.170099,0.102992,0.629856,31.6861,-5.33147e+07
974031
ratio: 0.000000
Gen:16
0.0970527,0.170099,0.102992,0.629856,31.6861,-5.33147e+07
910047
ratio: 0.000000
Gen:17
0.0970527,0.170099,0.102992,0.629856,31.6861,-5.33147e+07
644488
ratio: 0.000000
Gen:18
0.0970527,0.170099,0.102992,0.629856,31.6861,-5.33147e+07
653338
ratio: 0.000000
Gen:19
0.0970527,0.170099,0.102992,0.629856,31.6861,-5.33147e+07
888115
ratio: 0.000000
Gen:20
0.0970527,0.170099,0.102992,0.629856,31.6861,-5.33147e+07
784667
ratio: 0.000000
Gen:21
0.0970527,0.170099,0.102992,0.629856,31.6861,-5.33147e+07
1.15117e+06
ratio: 0.000000
Gen:22
0.0970527,0.170099,0.102992,0.629856,31.6861,-5.33147e+07
823688
ratio: 0.000000
Gen:23
0.0970527,0.170099,0.102992,0.629856,31.6861,-5.33147e+07
698243
ratio: 0.000000
Gen:24
0.0970527,0.170099,0.102992,0.629856,31.6861,-5.33147e+07
976496
ratio: 0.000000
Gen:25
0.0977484,0.168744,0.102063,0.631445,31.5088,-5.33093e+07
953221
Gen:26
0.0977484,0.168744,0.102063,0.631445,31.5088,-5.33093e+07
1.24752e+06
ratio: 0.000000
Gen:27
0.0977484,0.168744,0.102063,0.631445,31.5088,-5.33093e+07
1.72493e+06
ratio: 0.000000
Gen:28
0.0977484,0.168744,0.102063,0.631445,31.5088,-5.33093e+07
994677
ratio: 0.000000
Gen:29
0.0990723,0.163729,0.11986,0.617339,32.8691,-5.32976e+07
587600
Gen:30
0.0990723,0.163729,0.11986,0.617339,32.8691,-5.32976e+07
802289
ratio: 0.000000
Gen:31
0.0990723,0.163729,0.11986,0.617339,32.8691,-5.32976e+07
816043
ratio: 0.000000
Gen:32
0.0990723,0.163729,0.11986,0.617339,32.8691,-5.32976e+07
1.05202e+06
ratio: 0.000000
Gen:33
0.0990723,0.163729,0.11986,0.617339,32.8691,-5.32976e+07
876710
ratio: 0.000000
Gen:34
0.0990723,0.163729,0.11986,0.617339,32.8691,-5.32976e+07
731438
ratio: 0.000000
Gen:35
0.0990723,0.163729,0.11986,0.617339,32.8691,-5.32976e+07
881585
ratio: 0.000000
Gen:36
0.0990723,0.163729,0.11986,0.617339,32.8691,-5.32976e+07
810648
ratio: 0.000000
Gen:37
0.0990723,0.163729,0.11986,0.617339,32.8691,-5.32976e+07
1.17307e+06
ratio: 0.000000
Gen:38
0.0990723,0.163729,0.11986,0.617339,32.8691,-5.32976e+07
1.01543e+06
ratio: 0.000000
Gen:39
0.0990723,0.163729,0.11986,0.617339,32.8691,-5.32976e+07
1.49083e+06
ratio: 0.000000
Gen:40
0.0990723,0.163729,0.11986,0.617339,32.8691,-5.32976e+07
775388
ratio: 0.000000
Gen:41
0.0990723,0.163729,0.11986,0.617339,32.8691,-5.32976e+07
949230
ratio: 0.000000
Gen:42
0.0990723,0.163729,0.11986,0.617339,32.8691,-5.32976e+07
1.01326e+06
ratio: 0.000000
Gen:43
0.0990723,0.163729,0.11986,0.617339,32.8691,-5.32976e+07
1.4657e+06
ratio: 0.000000
Gen:44
0.0990723,0.163729,0.11986,0.617339,32.8691,-5.32976e+07
869520
ratio: 0.000000
Gen:45
0.0990723,0.163729,0.11986,0.617339,32.8691,-5.32976e+07
759715
ratio: 0.000000
Gen:46
0.100334,0.172576,0.0886682,0.638422,30.5956,-5.3245e+07
607782
Gen:47
0.100334,0.172576,0.0886682,0.638422,30.5956,-5.3245e+07
786381
ratio: 0.000000
Gen:48
0.100334,0.172576,0.0886682,0.638422,30.5956,-5.3245e+07
1.65256e+06
ratio: 0.000000
Gen:49
0.100334,0.172576,0.0886682,0.638422,30.5956,-5.3245e+07
731059
ratio: 0.000000
Gen:50
0.100334,0.172576,0.0886682,0.638422,30.5956,-5.3245e+07
854422
ratio: 0.000000
Gen:51
0.100334,0.172576,0.0886682,0.638422,30.5956,-5.3245e+07
888609
ratio: 0.000000
Gen:52
0.100334,0.172576,0.0886682,0.638422,30.5956,-5.3245e+07
531512
ratio: 0.000000
Gen:53
0.100334,0.172576,0.0886682,0.638422,30.5956,-5.3245e+07
837644
ratio: 0.000000
Gen:54
0.100334,0.172576,0.0886682,0.638422,30.5956,-5.3245e+07
784125
ratio: 0.000000
Gen:55
0.100334,0.172576,0.0886682,0.638422,30.5956,-5.3245e+07
830036
ratio: 0.000000
Gen:56
0.100334,0.172576,0.0886682,0.638422,30.5956,-5.3245e+07
891235
ratio: 0.000000
Gen:57
0.100334,0.172576,0.0886682,0.638422,30.5956,-5.3245e+07
1.29904e+06
ratio: 0.000000
Gen:58
0.100334,0.172576,0.0886682,0.638422,30.5956,-5.3245e+07
843627
ratio: 0.000000
Gen:59
0.100334,0.172576,0.0886682,0.638422,30.5956,-5.3245e+07
615801
ratio: 0.000000
Gen:60
0.100334,0.172576,0.0886682,0.638422,30.5956,-5.3245e+07
650875
ratio: 0.000000
Gen:61
0.100334,0.172576,0.0886682,0.638422,30.5956,-5.3245e+07
798898
ratio: 0.000000
Gen:62
0.100334,0.172576,0.0886682,0.638422,30.5956,-5.3245e+07
765329
ratio: 0.000000
Gen:63
0.100334,0.172576,0.0886682,0.638422,30.5956,-5.3245e+07
742436
ratio: 0.000000
Gen:64
0.100334,0.172576,0.0886682,0.638422,30.5956,-5.3245e+07
919438
ratio: 0.000000
Gen:65
0.100334,0.172576,0.0886682,0.638422,30.5956,-5.3245e+07
791877
ratio: 0.000000
Gen:66
0.100334,0.172576,0.0886682,0.638422,30.5956,-5.3245e+07
684284
ratio: 0.000000
Gen:67
0.0983973,0.188213,0.0797905,0.633599,30.2801,-5.2954e+07
708091
Gen:68
0.0983973,0.188213,0.0797905,0.633599,30.2801,-5.2954e+07
1.05427e+06
ratio: 0.000000
Gen:69
0.0983973,0.188213,0.0797905,0.633599,30.2801,-5.2954e+07
1.27628e+06
ratio: 0.000000
Gen:70
0.0983973,0.188213,0.0797905,0.633599,30.2801,-5.2954e+07
782422
ratio: 0.000000
Gen:71
0.0938391,0.192112,0.0646464,0.649403,28.4975,-5.29456e+07
1.10479e+06
Gen:72
0.0938391,0.192112,0.0646464,0.649403,28.4975,-5.29456e+07
921255
ratio: 0.000000
Gen:73
0.0968658,0.196286,0.0574456,0.649403,28.2836,-5.28733e+07
1.13862e+06
Gen:74
0.0968658,0.196286,0.0574456,0.649403,28.2836,-5.28733e+07
760947
ratio: 0.000000
Gen:75
0.0927852,0.207277,0.0673201,0.632618,30.1451,-5.28694e+07
837076
Gen:76
0.097982,0.203149,0.0643868,0.634482,28.5687,-5.23847e+07
901368
Gen:77
0.097982,0.203149,0.0643868,0.634482,28.5687,-5.23847e+07
847001
ratio: 0.000000
Gen:78
0.097982,0.203149,0.0643868,0.634482,28.5687,-5.23847e+07
1.10232e+06
ratio: 0.000000
Gen:79
0.0968762,0.179309,0.0872041,0.63661,28.3247,-5.23828e+07
781574
Gen:80
0.0968762,0.179309,0.0872041,0.63661,28.3247,-5.23828e+07
716451
ratio: 0.000000
Gen:81
0.0968762,0.179309,0.0872041,0.63661,28.3247,-5.23828e+07
1.23706e+06
ratio: 0.000000
Gen:82
0.0968762,0.179309,0.0872041,0.63661,28.3247,-5.23828e+07
680854
ratio: 0.000000
Gen:83
0.0968762,0.179309,0.0872041,0.63661,28.3247,-5.23828e+07
700832
ratio: 0.000000
Gen:84
0.0968762,0.179309,0.0872041,0.63661,28.3247,-5.23828e+07
645123
ratio: 0.000000
Gen:85
0.0987452,0.18379,0.0843435,0.633122,28.187,-5.21966e+07
940606
Gen:86
0.0987452,0.18379,0.0843435,0.633122,28.187,-5.21966e+07
1.10829e+06
ratio: 0.000000
Gen:87
0.0987452,0.18379,0.0843435,0.633122,28.187,-5.21966e+07
741768
ratio: 0.000000
Gen:88
0.0992851,0.184911,0.0836375,0.632166,27.9463,-5.20735e+07
1.14886e+06
Gen:89
0.0992851,0.184911,0.0836375,0.632166,27.9463,-5.20735e+07
1.04395e+06
ratio: 0.000000
Gen:90
0.0992851,0.184911,0.0836375,0.632166,27.9463,-5.20735e+07
715696
ratio: 0.000000
Gen:91
0.0995603,0.187019,0.0839386,0.629482,28.1292,-5.20319e+07
769384
Gen:92
0.0995603,0.187019,0.0839386,0.629482,28.1292,-5.20319e+07
1.05762e+06
ratio: 0.000000
Gen:93
0.0995603,0.187019,0.0839386,0.629482,28.1292,-5.20319e+07
761662
ratio: 0.000000
Gen:94
0.0995603,0.187019,0.0839386,0.629482,28.1292,-5.20319e+07
935193
ratio: 0.000000
Gen:95
0.0995603,0.187019,0.0839386,0.629482,28.1292,-5.20319e+07
816079
ratio: 0.000000
Gen:96
0.0995603,0.187019,0.0839386,0.629482,28.1292,-5.20319e+07
790552
ratio: 0.000000
Gen:97
0.0995603,0.187019,0.0839386,0.629482,28.1292,-5.20319e+07
784720
ratio: 0.000000
Gen:98
0.0995603,0.187019,0.0839386,0.629482,28.1292,-5.20319e+07
599801
ratio: 0.000000
Gen:99
0.100936,0.186884,0.0873703,0.62481,28.0184,-5.18068e+07
745395
Gen:100
0.100936,0.186884,0.0873703,0.62481,28.0184,-5.18068e+07
316766
ratio: 0.000000
Gen:101
0.100936,0.186884,0.0873703,0.62481,28.0184,-5.18068e+07
1.05261e+06
ratio: 0.000000
Gen:102
0.100936,0.186884,0.0873703,0.62481,28.0184,-5.18068e+07
972898
ratio: 0.000000
Gen:103
0.100936,0.186884,0.0873703,0.62481,28.0184,-5.18068e+07
570590
ratio: 0.000000
Gen:104
0.100936,0.186884,0.0873703,0.62481,28.0184,-5.18068e+07
727907
ratio: 0.000000
Gen:105
0.100936,0.186884,0.0873703,0.62481,28.0184,-5.18068e+07
940533
ratio: 0.000000
Gen:106
0.100936,0.186884,0.0873703,0.62481,28.0184,-5.18068e+07
918973
ratio: 0.000000
Gen:107
0.100936,0.186884,0.0873703,0.62481,28.0184,-5.18068e+07
668889
ratio: 0.000000
Gen:108
0.100936,0.186884,0.0873703,0.62481,28.0184,-5.18068e+07
921095
ratio: 0.000000
Gen:109
0.100936,0.186884,0.0873703,0.62481,28.0184,-5.18068e+07
810864
ratio: 0.000000
Gen:110
0.100936,0.186884,0.0873703,0.62481,28.0184,-5.18068e+07
895074
ratio: 0.000000
Gen:111
0.100936,0.186884,0.0873703,0.62481,28.0184,-5.18068e+07
1.30815e+06
ratio: 0.000000
Gen:112
0.100936,0.186884,0.0873703,0.62481,28.0184,-5.18068e+07
467377
ratio: 0.000000
Gen:113
0.100936,0.186884,0.0873703,0.62481,28.0184,-5.18068e+07
960057
ratio: 0.000000
Gen:114
0.100936,0.186884,0.0873703,0.62481,28.0184,-5.18068e+07
1.09908e+06
ratio: 0.000000
Gen:115
0.100936,0.186884,0.0873703,0.62481,28.0184,-5.18068e+07
807613
ratio: 0.000000
Gen:116
0.100936,0.186884,0.0873703,0.62481,28.0184,-5.18068e+07
1.0904e+06
ratio: 0.000000
Gen:117
0.100936,0.186884,0.0873703,0.62481,28.0184,-5.18068e+07
716455
ratio: 0.000000
Gen:118
0.100936,0.186884,0.0873703,0.62481,28.0184,-5.18068e+07
1.02738e+06
ratio: 0.000000
Gen:119
0.100936,0.186884,0.0873703,0.62481,28.0184,-5.18068e+07
258740
ratio: 0.000000
Gen:120
0.100936,0.186884,0.0873703,0.62481,28.0184,-5.18068e+07
1.115e+06
ratio: 0.000000
Gen:121
0.100936,0.186884,0.0873703,0.62481,28.0184,-5.18068e+07
695236
ratio: 0.000000
Gen:122
0.100936,0.186884,0.0873703,0.62481,28.0184,-5.18068e+07
662686
ratio: 0.000000
Gen:123
0.100936,0.186884,0.0873703,0.62481,28.0184,-5.18068e+07
937062
ratio: 0.000000
Gen:124
0.100936,0.186884,0.0873703,0.62481,28.0184,-5.18068e+07
907874
ratio: 0.000000
Gen:125
0.100936,0.186884,0.0873703,0.62481,28.0184,-5.18068e+07
1.00502e+06
ratio: 0.000000
Gen:126
0.100936,0.186884,0.0873703,0.62481,28.0184,-5.18068e+07
805738
ratio: 0.000000
Gen:127
0.100936,0.186884,0.0873703,0.62481,28.0184,-5.18068e+07
1.05282e+06
ratio: 0.000000
Gen:128
0.100936,0.186884,0.0873703,0.62481,28.0184,-5.18068e+07
1.14533e+06
ratio: 0.000000
Gen:129
0.100936,0.186884,0.0873703,0.62481,28.0184,-5.18068e+07
619892
ratio: 0.000000
Gen:130
0.100936,0.186884,0.0873703,0.62481,28.0184,-5.18068e+07
860175
ratio: 0.000000
Gen:131
0.100936,0.186884,0.0873703,0.62481,28.0184,-5.18068e+07
1.05015e+06
ratio: 0.000000
Gen:132
0.100936,0.186884,0.0873703,0.62481,28.0184,-5.18068e+07
1.01445e+06
ratio: 0.000000
Gen:133
0.100936,0.186884,0.0873703,0.62481,28.0184,-5.18068e+07
1.04816e+06
ratio: 0.000000
Gen:134
0.100936,0.186884,0.0873703,0.62481,28.0184,-5.18068e+07
678279
ratio: 0.000000
Gen:135
0.100936,0.186884,0.0873703,0.62481,28.0184,-5.18068e+07
977759
ratio: 0.000000
Gen:136
0.100936,0.186884,0.0873703,0.62481,28.0184,-5.18068e+07
926744
ratio: 0.000000
Gen:137
0.100936,0.186884,0.0873703,0.62481,28.0184,-5.18068e+07
1.01646e+06
ratio: 0.000000
Gen:138
0.100936,0.186884,0.0873703,0.62481,28.0184,-5.18068e+07
781839
ratio: 0.000000
Gen:139
0.100936,0.186884,0.0873703,0.62481,28.0184,-5.18068e+07
618555
ratio: 0.000000
FINAL Population size
18
Best : -5.18068e+07   9:57-25-34-35-64-52-55-16-1- ,  9:0-50-17-10-16-26-30-24-63- ,  9:23-2-50-33-58-34-25-4-7- ,  10:39-18-54-36-41-51-8-26-49-15- ,  9:40-7-47-6-56-8-10-17-60- ,  9:11-9-17-20-33-22-19-54-38- , 

0.100936
0.186884
0.0873703
0.62481
28.0184
-5.18068e+07
Initial : -5.97762e+07
0.0509768
0.094488
0.0475244
0.807011
31.9508

-----------------------------------------
Iteration:0 started

Gen:0
0.0676472,0.116802,0.0512623,0.764289,27.4652,-5.72224e+07
793588
Gen:1
0.0722626,0.122487,0.0561321,0.749119,27.9705,-5.67338e+07
869520
Gen:2
0.070025,0.126816,0.0702378,0.732921,29.0218,-5.63599e+07
752250
Gen:3
0.0739395,0.133716,0.0749934,0.717351,28.9899,-5.57477e+07
821599
Gen:4
0.0773504,0.13721,0.0813116,0.704128,29.2762,-5.53164e+07
557776
Gen:5
0.0773504,0.13721,0.0813116,0.704128,29.2762,-5.53164e+07
318988
ratio: 0.000000
Gen:6
0.0804394,0.14941,0.0821319,0.688018,29.3791,-5.47268e+07
777335
Gen:7
0.0824953,0.157265,0.0870017,0.673238,29.2745,-5.4126e+07
1.11141e+06
Gen:8
0.0840165,0.155744,0.0870017,0.673238,29.1332,-5.40815e+07
808969
Gen:9
0.0874637,0.165536,0.0912381,0.655762,29.1479,-5.34109e+07
1.23852e+06
Gen:10
0.0874637,0.165536,0.0912381,0.655762,29.1479,-5.34109e+07
1.16934e+06
ratio: 0.000000
Gen:11
0.0874637,0.165536,0.0912381,0.655762,29.1479,-5.34109e+07
1.00827e+06
ratio: 0.000000
Gen:12
0.0874637,0.165536,0.0912381,0.655762,29.1479,-5.34109e+07
626358
ratio: 0.000000
Gen:13
0.0874637,0.165536,0.0912381,0.655762,29.1479,-5.34109e+07
1.10319e+06
ratio: 0.000000
Gen:14
0.0874637,0.165536,0.0912381,0.655762,29.1479,-5.34109e+07
352055
ratio: 0.000000
Gen:15
0.0874637,0.165536,0.0912381,0.655762,29.1479,-5.34109e+07
667402
ratio: 0.000000
Gen:16
0.0865137,0.19247,0.0824538,0.638563,30.0851,-5.30725e+07
1.14324e+06
Gen:17
0.0865137,0.19247,0.0824538,0.638563,30.0851,-5.30725e+07
780858
ratio: 0.000000
Gen:18
0.0856882,0.193825,0.0815452,0.638942,29.8993,-5.30223e+07
1.16293e+06
Gen:19
0.0886318,0.202459,0.0859322,0.622977,30.7244,-5.27165e+07
758738
Gen:20
0.0895092,0.203995,0.0863371,0.620158,30.2794,-5.24491e+07
843818
Gen:21
0.0870588,0.205579,0.0871834,0.620179,30.0902,-5.23807e+07
944687
Gen:22
0.0870588,0.205579,0.0871834,0.620179,30.0902,-5.23807e+07
1.1786e+06
ratio: 0.000000
Gen:23
0.0870588,0.205579,0.0871834,0.620179,30.0902,-5.23807e+07
507624
ratio: 0.000000
Gen:24
0.0870588,0.205579,0.0871834,0.620179,30.0902,-5.23807e+07
988530
ratio: 0.000000
Gen:25
0.0870588,0.205579,0.0871834,0.620179,30.0902,-5.23807e+07
630382
ratio: 0.000000
Gen:26
0.0870588,0.205579,0.0871834,0.620179,30.0902,-5.23807e+07
941731
ratio: 0.000000
Gen:27
0.0870588,0.205579,0.0871834,0.620179,30.0902,-5.23807e+07
1.18627e+06
ratio: 0.000000
Gen:28
0.0870588,0.205579,0.0871834,0.620179,30.0902,-5.23807e+07
983208
ratio: 0.000000
Gen:29
0.0870588,0.205579,0.0871834,0.620179,30.0902,-5.23807e+07
1.26349e+06
ratio: 0.000000
Gen:30
0.0870588,0.205579,0.0871834,0.620179,30.0902,-5.23807e+07
1.17647e+06
ratio: 0.000000
Gen:31
0.0870588,0.205579,0.0871834,0.620179,30.0902,-5.23807e+07
1.20668e+06
ratio: 0.000000
Gen:32
0.0870588,0.205579,0.0871834,0.620179,30.0902,-5.23807e+07
802757
ratio: 0.000000
Gen:33
0.0874689,0.198897,0.106372,0.607262,31.2114,-5.23173e+07
731110
Gen:34
0.0901115,0.210054,0.0946853,0.605149,31.0827,-5.21909e+07
1.04133e+06
Gen:35
0.0898934,0.206384,0.115665,0.588058,31.843,-5.1864e+07
1.25761e+06
Gen:36
0.0898934,0.206384,0.115665,0.588058,31.843,-5.1864e+07
861352
ratio: 0.000000
Gen:37
0.0898934,0.206384,0.115665,0.588058,31.843,-5.1864e+07
1.20969e+06
ratio: 0.000000
Gen:38
0.0898934,0.206384,0.115665,0.588058,31.843,-5.1864e+07
1.50745e+06
ratio: 0.000000
Gen:39
0.0898934,0.206384,0.115665,0.588058,31.843,-5.1864e+07
1.30306e+06
ratio: 0.000000
Gen:40
0.0898934,0.206384,0.115665,0.588058,31.843,-5.1864e+07
1.10721e+06
ratio: 0.000000
Gen:41
0.0898934,0.206384,0.115665,0.588058,31.843,-5.1864e+07
1.10039e+06
ratio: 0.000000
Gen:42
0.0899038,0.206342,0.11567,0.588084,31.7756,-5.18382e+07
1.33235e+06
Gen:43
0.0899038,0.206342,0.11567,0.588084,31.7756,-5.18382e+07
1.36564e+06
ratio: 0.000000
Gen:44
0.0899038,0.206342,0.11567,0.588084,31.7756,-5.18382e+07
1.13296e+06
ratio: 0.000000
Gen:45
0.0899038,0.206342,0.11567,0.588084,31.7756,-5.18382e+07
1.17525e+06
ratio: 0.000000
Gen:46
0.0899038,0.206342,0.11567,0.588084,31.7756,-5.18382e+07
1.17659e+06
ratio: 0.000000
Gen:47
0.0899038,0.206342,0.11567,0.588084,31.7756,-5.18382e+07
964054
ratio: 0.000000
Gen:48
0.0891614,0.208382,0.117658,0.584798,31.5239,-5.16189e+07
1.26583e+06
Gen:49
0.0891614,0.208382,0.117658,0.584798,31.5239,-5.16189e+07
678120
ratio: 0.000000
Gen:50
0.0891614,0.208382,0.117658,0.584798,31.5239,-5.16189e+07
1.36143e+06
ratio: 0.000000
Gen:51
0.0891614,0.208382,0.117658,0.584798,31.5239,-5.16189e+07
1.27572e+06
ratio: 0.000000
Gen:52
0.0891614,0.208382,0.117658,0.584798,31.5239,-5.16189e+07
1.68365e+06
ratio: 0.000000
Gen:53
0.0901167,0.210999,0.117103,0.581781,31.601,-5.15403e+07
1.55894e+06
Gen:54
0.0901167,0.210999,0.117103,0.581781,31.601,-5.15403e+07
1.06269e+06
ratio: 0.000000
Gen:55
0.0923439,0.210527,0.13112,0.566009,32.3128,-5.12656e+07
1.28763e+06
Gen:56
0.0923439,0.210527,0.13112,0.566009,32.3128,-5.12656e+07
1.01866e+06
ratio: 0.000000
Gen:57
0.0923439,0.210527,0.13112,0.566009,32.3128,-5.12656e+07
1.26856e+06
ratio: 0.000000
Gen:58
0.0923439,0.210527,0.13112,0.566009,32.3128,-5.12656e+07
588388
ratio: 0.000000
Gen:59
0.0923439,0.210527,0.13112,0.566009,32.3128,-5.12656e+07
1.45667e+06
ratio: 0.000000
Gen:60
0.0923439,0.210527,0.13112,0.566009,32.3128,-5.12656e+07
1.20382e+06
ratio: 0.000000
Gen:61
0.0923439,0.210527,0.13112,0.566009,32.3128,-5.12656e+07
841116
ratio: 0.000000
Gen:62
0.0923439,0.210527,0.13112,0.566009,32.3128,-5.12656e+07
1.23391e+06
ratio: 0.000000
Gen:63
0.0923439,0.210527,0.13112,0.566009,32.3128,-5.12656e+07
1.40975e+06
ratio: 0.000000
Gen:64
0.0923439,0.210527,0.13112,0.566009,32.3128,-5.12656e+07
870170
ratio: 0.000000
Gen:65
0.0923439,0.210527,0.13112,0.566009,32.3128,-5.12656e+07
1.15944e+06
ratio: 0.000000
Gen:66
0.0923439,0.210527,0.13112,0.566009,32.3128,-5.12656e+07
1.30051e+06
ratio: 0.000000
Gen:67
0.0923439,0.210527,0.13112,0.566009,32.3128,-5.12656e+07
1.46956e+06
ratio: 0.000000
Gen:68
0.0923439,0.210527,0.13112,0.566009,32.3128,-5.12656e+07
1.19087e+06
ratio: 0.000000
Gen:69
0.0923439,0.210527,0.13112,0.566009,32.3128,-5.12656e+07
1.23379e+06
ratio: 0.000000
Gen:70
0.0923439,0.210527,0.13112,0.566009,32.3128,-5.12656e+07
1.22784e+06
ratio: 0.000000
Gen:71
0.0923439,0.210527,0.13112,0.566009,32.3128,-5.12656e+07
1.21855e+06
ratio: 0.000000
Gen:72
0.0914873,0.210407,0.132418,0.565687,32.2682,-5.12355e+07
969704
Gen:73
0.0914873,0.210407,0.132418,0.565687,32.2682,-5.12355e+07
1.38247e+06
ratio: 0.000000
Gen:74
0.0914873,0.210407,0.132418,0.565687,32.2682,-5.12355e+07
597483
ratio: 0.000000
Gen:75
0.0914873,0.210407,0.132418,0.565687,32.2682,-5.12355e+07
1.46954e+06
ratio: 0.000000
Gen:76
0.0923594,0.208928,0.135289,0.563424,32.4341,-5.12246e+07
1.19631e+06
Gen:77
0.0923594,0.208928,0.135289,0.563424,32.4341,-5.12246e+07
982234
ratio: 0.000000
Gen:78
0.0923594,0.208928,0.135289,0.563424,32.4341,-5.12246e+07
1.60479e+06
ratio: 0.000000
Gen:79
0.0923594,0.208928,0.135289,0.563424,32.4341,-5.12246e+07
1.2561e+06
ratio: 0.000000
Gen:80
0.0935535,0.210039,0.134261,0.562147,32.433,-5.11788e+07
1.18563e+06
Gen:81
0.0935535,0.210039,0.134261,0.562147,32.433,-5.11788e+07
1.38351e+06
ratio: 0.000000
Gen:82
0.0935535,0.210039,0.134261,0.562147,32.433,-5.11788e+07
1.49952e+06
ratio: 0.000000
Gen:83
0.0935535,0.210039,0.134261,0.562147,32.433,-5.11788e+07
1.18063e+06
ratio: 0.000000
Gen:84
0.0935535,0.210039,0.134261,0.562147,32.433,-5.11788e+07
840182
ratio: 0.000000
Gen:85
0.0935535,0.210039,0.134261,0.562147,32.433,-5.11788e+07
1.27702e+06
ratio: 0.000000
Gen:86
0.0935535,0.210039,0.134261,0.562147,32.433,-5.11788e+07
1.42964e+06
ratio: 0.000000
Gen:87
0.0935535,0.210039,0.134261,0.562147,32.433,-5.11788e+07
1.07292e+06
ratio: 0.000000
Gen:88
0.0935535,0.210039,0.134261,0.562147,32.433,-5.11788e+07
1.21033e+06
ratio: 0.000000
Gen:89
0.0935535,0.210039,0.134261,0.562147,32.433,-5.11788e+07
388967
ratio: 0.000000
Gen:90
0.0935535,0.210039,0.134261,0.562147,32.433,-5.11788e+07
1.33376e+06
ratio: 0.000000
Gen:91
0.0935535,0.210039,0.134261,0.562147,32.433,-5.11788e+07
1.37703e+06
ratio: 0.000000
Gen:92
0.0935535,0.210039,0.134261,0.562147,32.433,-5.11788e+07
1.38063e+06
ratio: 0.000000
Gen:93
0.0935535,0.210039,0.134261,0.562147,32.433,-5.11788e+07
1.36592e+06
ratio: 0.000000
Gen:94
0.0935535,0.210039,0.134261,0.562147,32.433,-5.11788e+07
1.11382e+06
ratio: 0.000000
Gen:95
0.0935535,0.210039,0.134261,0.562147,32.433,-5.11788e+07
1.19788e+06
ratio: 0.000000
Gen:96
0.0935535,0.210039,0.134261,0.562147,32.433,-5.11788e+07
1.28435e+06
ratio: 0.000000
Gen:97
0.0935535,0.210039,0.134261,0.562147,32.433,-5.11788e+07
1.46556e+06
ratio: 0.000000
Gen:98
0.0935535,0.210039,0.134261,0.562147,32.433,-5.11788e+07
626250
ratio: 0.000000
Gen:99
0.0935535,0.210039,0.134261,0.562147,32.433,-5.11788e+07
1.25947e+06
ratio: 0.000000
Gen:100
0.0935535,0.210039,0.134261,0.562147,32.433,-5.11788e+07
1.41315e+06
ratio: 0.000000
Gen:101
0.0935535,0.210039,0.134261,0.562147,32.433,-5.11788e+07
1.50424e+06
ratio: 0.000000
Gen:102
0.0935535,0.210039,0.134261,0.562147,32.433,-5.11788e+07
1.36939e+06
ratio: 0.000000
Gen:103
0.0935535,0.210039,0.134261,0.562147,32.433,-5.11788e+07
1.32593e+06
ratio: 0.000000
Gen:104
0.0935535,0.210039,0.134261,0.562147,32.433,-5.11788e+07
1.29543e+06
ratio: 0.000000
Gen:105
0.0935535,0.210039,0.134261,0.562147,32.433,-5.11788e+07
1.32057e+06
ratio: 0.000000
Gen:106
0.0935535,0.210039,0.134261,0.562147,32.433,-5.11788e+07
1.46793e+06
ratio: 0.000000
Gen:107
0.0935535,0.210039,0.134261,0.562147,32.433,-5.11788e+07
1.31148e+06
ratio: 0.000000
Gen:108
0.0935535,0.210039,0.134261,0.562147,32.433,-5.11788e+07
1.37388e+06
ratio: 0.000000
Gen:109
0.0935535,0.210039,0.134261,0.562147,32.433,-5.11788e+07
1.01506e+06
ratio: 0.000000
Gen:110
0.0935535,0.210039,0.134261,0.562147,32.433,-5.11788e+07
1.29318e+06
ratio: 0.000000
Gen:111
0.0935535,0.210039,0.134261,0.562147,32.433,-5.11788e+07
1.4446e+06
ratio: 0.000000
Gen:112
0.0935535,0.210039,0.134261,0.562147,32.433,-5.11788e+07
825038
ratio: 0.000000
Gen:113
0.0935535,0.210039,0.134261,0.562147,32.433,-5.11788e+07
1.09365e+06
ratio: 0.000000
Gen:114
0.0935535,0.210039,0.134261,0.562147,32.433,-5.11788e+07
1.24755e+06
ratio: 0.000000
Gen:115
0.0935535,0.210039,0.134261,0.562147,32.433,-5.11788e+07
1.49658e+06
ratio: 0.000000
Gen:116
0.0935535,0.210039,0.134261,0.562147,32.433,-5.11788e+07
1.25419e+06
ratio: 0.000000
Gen:117
0.0935535,0.210039,0.134261,0.562147,32.433,-5.11788e+07
1.04417e+06
ratio: 0.000000
Gen:118
0.0935535,0.210039,0.134261,0.562147,32.433,-5.11788e+07
643484
ratio: 0.000000
Gen:119
0.0935535,0.210039,0.134261,0.562147,32.433,-5.11788e+07
827583
ratio: 0.000000
Gen:120
0.0935535,0.210039,0.134261,0.562147,32.433,-5.11788e+07
1.38644e+06
ratio: 0.000000
FINAL Population size
18
Best : -5.11788e+07   9:68-1-16-10-28-56-6-47-40- ,  9:2-23-50-17-59-1-49-15-62- ,  9:30-24-63-6-35-41-27-67-5- ,  9:38-54-36-41-51-8-26-49-42- ,  9:34-25-12-41-58-33-43-61-44- ,  9:11-9-17-20-33-22-19-18-37- , 

0.0935535
0.210039
0.134261
0.562147
32.433
-5.11788e+07
Initial : -5.77247e+07
0.0609811
0.127953
0.0740225
0.737043
33.7797

-----------------------------------------
Iteration:0 started

Gen:0
0.0731452,0.110925,0.104414,0.711516,34.7657,-5.71261e+07
1.09962e+06
Gen:1
0.072465,0.106735,0.096492,0.724308,32.6426,-5.69874e+07
955259
Gen:2
0.06962,0.12651,0.0802577,0.723612,29.5695,-5.61449e+07
1.09508e+06
Gen:3
0.0726208,0.132828,0.0866902,0.707861,29.8105,-5.56105e+07
1.00824e+06
Gen:4
0.075959,0.135658,0.092375,0.696008,30.166,-5.52641e+07
660619
Gen:5
0.0768053,0.1471,0.0936781,0.682416,30.773,-5.49379e+07
821181
Gen:6
0.0786275,0.151575,0.0873807,0.682416,30.3739,-5.48158e+07
607995
Gen:7
0.0791779,0.1479,0.0929824,0.67994,30.0259,-5.46158e+07
974230
Gen:8
0.0791779,0.1479,0.0929824,0.67994,30.0259,-5.46158e+07
791320
ratio: 0.000000
Gen:9
0.0837517,0.144411,0.125389,0.646449,33.4447,-5.45141e+07
450361
Gen:10
0.0837517,0.144411,0.125389,0.646449,33.4447,-5.45141e+07
989719
ratio: 0.000000
Gen:11
0.0837517,0.144411,0.125389,0.646449,33.4447,-5.45141e+07
1.2707e+06
ratio: 0.000000
Gen:12
0.0853507,0.157722,0.129765,0.627162,34.4478,-5.42088e+07
886021
Gen:13
0.0853507,0.157722,0.129765,0.627162,34.4478,-5.42088e+07
600535
ratio: 0.000000
Gen:14
0.0851482,0.163563,0.0841722,0.667117,29.4878,-5.39586e+07
855102
Gen:15
0.0851482,0.163563,0.0841722,0.667117,29.4878,-5.39586e+07
1.13035e+06
ratio: 0.000000
Gen:16
0.0845045,0.16091,0.131411,0.623174,33.667,-5.37918e+07
1.25326e+06
Gen:17
0.0845045,0.16091,0.131411,0.623174,33.667,-5.37918e+07
1.19557e+06
ratio: 0.000000
Gen:18
0.0845045,0.16091,0.131411,0.623174,33.667,-5.37918e+07
1.38011e+06
ratio: 0.000000
Gen:19
0.0845045,0.16091,0.131411,0.623174,33.667,-5.37918e+07
972690
ratio: 0.000000
Gen:20
0.0845045,0.16091,0.131411,0.623174,33.667,-5.37918e+07
1.2294e+06
ratio: 0.000000
Gen:21
0.0840995,0.162057,0.13287,0.620973,33.8299,-5.37757e+07
1.10073e+06
Gen:22
0.0833935,0.162763,0.13287,0.620973,33.7892,-5.37609e+07
1.1294e+06
Gen:23
0.0833935,0.162763,0.13287,0.620973,33.7892,-5.37609e+07
924436
ratio: 0.000000
Gen:24
0.0833935,0.162763,0.13287,0.620973,33.7892,-5.37609e+07
1.14101e+06
ratio: 0.000000
Gen:25
0.0893846,0.208569,0.0919649,0.610081,33.8339,-5.34055e+07
1.61662e+06
Gen:26
0.0893846,0.208569,0.0919649,0.610081,33.8339,-5.34055e+07
1.29958e+06
ratio: 0.000000
Gen:27
0.0893846,0.208569,0.0919649,0.610081,33.8339,-5.34055e+07
930729
ratio: 0.000000
Gen:28
0.0893846,0.208569,0.0919649,0.610081,33.8339,-5.34055e+07
1.33748e+06
ratio: 0.000000
Gen:29
0.091425,0.206539,0.0919545,0.610081,33.7427,-5.33712e+07
1.48286e+06
Gen:30
0.0938339,0.219612,0.0949916,0.591563,34.0236,-5.28481e+07
757324
Gen:31
0.0938339,0.219612,0.0949916,0.591563,34.0236,-5.28481e+07
1.12829e+06
ratio: 0.000000
Gen:32
0.0938339,0.219612,0.0949916,0.591563,34.0236,-5.28481e+07
1.20374e+06
ratio: 0.000000
Gen:33
0.0938339,0.219612,0.0949916,0.591563,34.0236,-5.28481e+07
1.21338e+06
ratio: 0.000000
Gen:34
0.0938339,0.219612,0.0949916,0.591563,34.0236,-5.28481e+07
687047
ratio: 0.000000
Gen:35
0.0938339,0.219612,0.0949916,0.591563,34.0236,-5.28481e+07
1.70647e+06
ratio: 0.000000
Gen:36
0.0938339,0.219612,0.0949916,0.591563,34.0236,-5.28481e+07
1.10973e+06
ratio: 0.000000
Gen:37
0.0957288,0.213133,0.0810209,0.610117,30.9826,-5.23361e+07
797768
Gen:38
0.0957288,0.213133,0.0810209,0.610117,30.9826,-5.23361e+07
1.20582e+06
ratio: 0.000000
Gen:39
0.0957288,0.213133,0.0810209,0.610117,30.9826,-5.23361e+07
544036
ratio: 0.000000
Gen:40
0.0957288,0.213133,0.0810209,0.610117,30.9826,-5.23361e+07
1.00162e+06
ratio: 0.000000
Gen:41
0.0957288,0.213133,0.0810209,0.610117,30.9826,-5.23361e+07
977406
ratio: 0.000000
Gen:42
0.0957288,0.213133,0.0810209,0.610117,30.9826,-5.23361e+07
960520
ratio: 0.000000
Gen:43
0.0957288,0.213133,0.0810209,0.610117,30.9826,-5.23361e+07
785692
ratio: 0.000000
Gen:44
0.0950383,0.225525,0.0737007,0.605736,30.9908,-5.21776e+07
1.12454e+06
Gen:45
0.0950383,0.225525,0.0737007,0.605736,30.9908,-5.21776e+07
441143
ratio: 0.000000
Gen:46
0.0950383,0.225525,0.0737007,0.605736,30.9908,-5.21776e+07
1.08056e+06
ratio: 0.000000
Gen:47
0.0950383,0.225525,0.0737007,0.605736,30.9908,-5.21776e+07
1.10603e+06
ratio: 0.000000
Gen:48
0.0932628,0.215261,0.0974161,0.59406,31.4725,-5.19355e+07
1.18952e+06
Gen:49
0.0932628,0.215261,0.0974161,0.59406,31.4725,-5.19355e+07
936618
ratio: 0.000000
Gen:50
0.0956769,0.223251,0.104165,0.576907,31.8042,-5.14463e+07
1.18238e+06
Gen:51
0.0956769,0.223251,0.104165,0.576907,31.8042,-5.14463e+07
1.02973e+06
ratio: 0.000000
Gen:52
0.0929928,0.201872,0.129288,0.575847,31.3447,-5.12203e+07
1.40302e+06
Gen:53
0.0929928,0.201872,0.129288,0.575847,31.3447,-5.12203e+07
820871
ratio: 0.000000
Gen:54
0.0929928,0.201872,0.129288,0.575847,31.3447,-5.12203e+07
1.14708e+06
ratio: 0.000000
Gen:55
0.0929928,0.201872,0.129288,0.575847,31.3447,-5.12203e+07
1.11766e+06
ratio: 0.000000
Gen:56
0.0929928,0.201872,0.129288,0.575847,31.3447,-5.12203e+07
1.09292e+06
ratio: 0.000000
Gen:57
0.0929928,0.201872,0.129288,0.575847,31.3447,-5.12203e+07
586717
ratio: 0.000000
Gen:58
0.0929928,0.201872,0.129288,0.575847,31.3447,-5.12203e+07
973792
ratio: 0.000000
Gen:59
0.0929928,0.201872,0.129288,0.575847,31.3447,-5.12203e+07
688979
ratio: 0.000000
Gen:60
0.0929928,0.201872,0.129288,0.575847,31.3447,-5.12203e+07
1.31797e+06
ratio: 0.000000
Gen:61
0.0929928,0.201872,0.129288,0.575847,31.3447,-5.12203e+07
1.11094e+06
ratio: 0.000000
Gen:62
0.0929928,0.201872,0.129288,0.575847,31.3447,-5.12203e+07
1.1143e+06
ratio: 0.000000
Gen:63
0.0929928,0.201872,0.129288,0.575847,31.3447,-5.12203e+07
1.13363e+06
ratio: 0.000000
Gen:64
0.0929928,0.201872,0.129288,0.575847,31.3447,-5.12203e+07
1.24802e+06
ratio: 0.000000
Gen:65
0.0929928,0.201872,0.129288,0.575847,31.3447,-5.12203e+07
964691
ratio: 0.000000
Gen:66
0.0940935,0.205807,0.128753,0.571346,31.5385,-5.1136e+07
1.04938e+06
Gen:67
0.0940935,0.205807,0.128753,0.571346,31.5385,-5.1136e+07
699970
ratio: 0.000000
Gen:68
0.0940935,0.205807,0.128753,0.571346,31.5385,-5.1136e+07
1.12027e+06
ratio: 0.000000
Gen:69
0.0940935,0.205807,0.128753,0.571346,31.5385,-5.1136e+07
821862
ratio: 0.000000
Gen:70
0.0940935,0.205807,0.128753,0.571346,31.5385,-5.1136e+07
921506
ratio: 0.000000
Gen:71
0.0940935,0.205807,0.128753,0.571346,31.5385,-5.1136e+07
1.39805e+06
ratio: 0.000000
Gen:72
0.0940935,0.205807,0.128753,0.571346,31.5385,-5.1136e+07
1.06089e+06
ratio: 0.000000
Gen:73
0.0940935,0.205807,0.128753,0.571346,31.5385,-5.1136e+07
1.30053e+06
ratio: 0.000000
Gen:74
0.0940935,0.205807,0.128753,0.571346,31.5385,-5.1136e+07
1.37181e+06
ratio: 0.000000
Gen:75
0.0940935,0.205807,0.128753,0.571346,31.5385,-5.1136e+07
640006
ratio: 0.000000
Gen:76
0.0940935,0.205807,0.128753,0.571346,31.5385,-5.1136e+07
1.24717e+06
ratio: 0.000000
Gen:77
0.0940935,0.205807,0.128753,0.571346,31.5385,-5.1136e+07
231777
ratio: 0.000000
Gen:78
0.0940935,0.205807,0.128753,0.571346,31.5385,-5.1136e+07
697401
ratio: 0.000000
Gen:79
0.0940935,0.205807,0.128753,0.571346,31.5385,-5.1136e+07
1.00871e+06
ratio: 0.000000
Gen:80
0.0940935,0.205807,0.128753,0.571346,31.5385,-5.1136e+07
1.53647e+06
ratio: 0.000000
Gen:81
0.0940935,0.205807,0.128753,0.571346,31.5385,-5.1136e+07
891645
ratio: 0.000000
Gen:82
0.0940935,0.205807,0.128753,0.571346,31.5385,-5.1136e+07
1.01801e+06
ratio: 0.000000
Gen:83
0.0940935,0.205807,0.128753,0.571346,31.5385,-5.1136e+07
1.13492e+06
ratio: 0.000000
Gen:84
0.0940935,0.205807,0.128753,0.571346,31.5385,-5.1136e+07
597785
ratio: 0.000000
Gen:85
0.0940935,0.205807,0.128753,0.571346,31.5385,-5.1136e+07
677071
ratio: 0.000000
Gen:86
0.0940935,0.205807,0.128753,0.571346,31.5385,-5.1136e+07
1.30926e+06
ratio: 0.000000
Gen:87
0.0940935,0.205807,0.128753,0.571346,31.5385,-5.1136e+07
788382
ratio: 0.000000
Gen:88
0.0940935,0.205807,0.128753,0.571346,31.5385,-5.1136e+07
1.15935e+06
ratio: 0.000000
Gen:89
0.0940935,0.205807,0.128753,0.571346,31.5385,-5.1136e+07
929017
ratio: 0.000000
Gen:90
0.0940935,0.205807,0.128753,0.571346,31.5385,-5.1136e+07
982195
ratio: 0.000000
Gen:91
0.0940935,0.205807,0.128753,0.571346,31.5385,-5.1136e+07
1.02975e+06
ratio: 0.000000
Gen:92
0.0940935,0.205807,0.128753,0.571346,31.5385,-5.1136e+07
1.13662e+06
ratio: 0.000000
Gen:93
0.0963051,0.22878,0.107073,0.567842,30.6878,-5.06545e+07
1.14775e+06
Gen:94
0.0963051,0.22878,0.107073,0.567842,30.6878,-5.06545e+07
1.33293e+06
ratio: 0.000000
Gen:95
0.0963051,0.22878,0.107073,0.567842,30.6878,-5.06545e+07
746547
ratio: 0.000000
Gen:96
0.0963051,0.22878,0.107073,0.567842,30.6878,-5.06545e+07
1.23248e+06
ratio: 0.000000
Gen:97
0.0963051,0.22878,0.107073,0.567842,30.6878,-5.06545e+07
703148
ratio: 0.000000
Gen:98
0.0963051,0.22878,0.107073,0.567842,30.6878,-5.06545e+07
1.37057e+06
ratio: 0.000000
Gen:99
0.0963051,0.22878,0.107073,0.567842,30.6878,-5.06545e+07
1.08522e+06
ratio: 0.000000
Gen:100
0.0963051,0.22878,0.107073,0.567842,30.6878,-5.06545e+07
614892
ratio: 0.000000
Gen:101
0.0963051,0.22878,0.107073,0.567842,30.6878,-5.06545e+07
829221
ratio: 0.000000
Gen:102
0.0963051,0.22878,0.107073,0.567842,30.6878,-5.06545e+07
1.00834e+06
ratio: 0.000000
Gen:103
0.0963051,0.22878,0.107073,0.567842,30.6878,-5.06545e+07
1.12405e+06
ratio: 0.000000
Gen:104
0.0963051,0.22878,0.107073,0.567842,30.6878,-5.06545e+07
813992
ratio: 0.000000
Gen:105
0.0963051,0.22878,0.107073,0.567842,30.6878,-5.06545e+07
661469
ratio: 0.000000
Gen:106
0.0963051,0.22878,0.107073,0.567842,30.6878,-5.06545e+07
859975
ratio: 0.000000
Gen:107
0.0963051,0.22878,0.107073,0.567842,30.6878,-5.06545e+07
1.31014e+06
ratio: 0.000000
Gen:108
0.0963051,0.22878,0.107073,0.567842,30.6878,-5.06545e+07
860512
ratio: 0.000000
Gen:109
0.0963051,0.22878,0.107073,0.567842,30.6878,-5.06545e+07
900843
ratio: 0.000000
Gen:110
0.0963051,0.22878,0.107073,0.567842,30.6878,-5.06545e+07
1.21772e+06
ratio: 0.000000
Gen:111
0.0963051,0.22878,0.107073,0.567842,30.6878,-5.06545e+07
1.11939e+06
ratio: 0.000000
Gen:112
0.0959209,0.23026,0.106356,0.567463,30.3634,-5.05053e+07
826879
Gen:113
0.0959209,0.23026,0.106356,0.567463,30.3634,-5.05053e+07
547550
ratio: 0.000000
Gen:114
0.0959209,0.23026,0.106356,0.567463,30.3634,-5.05053e+07
1.41977e+06
ratio: 0.000000
Gen:115
0.0959209,0.23026,0.106356,0.567463,30.3634,-5.05053e+07
725636
ratio: 0.000000
Gen:116
0.0959209,0.23026,0.106356,0.567463,30.3634,-5.05053e+07
899570
ratio: 0.000000
Gen:117
0.0959209,0.23026,0.106356,0.567463,30.3634,-5.05053e+07
1.13672e+06
ratio: 0.000000
Gen:118
0.0959209,0.23026,0.106356,0.567463,30.3634,-5.05053e+07
675198
ratio: 0.000000
Gen:119
0.0959209,0.23026,0.106356,0.567463,30.3634,-5.05053e+07
1.02538e+06
ratio: 0.000000
Gen:120
0.0959209,0.23026,0.106356,0.567463,30.3634,-5.05053e+07
1.40611e+06
ratio: 0.000000
Gen:121
0.0959209,0.23026,0.106356,0.567463,30.3634,-5.05053e+07
1.0192e+06
ratio: 0.000000
Gen:122
0.0959209,0.23026,0.106356,0.567463,30.3634,-5.05053e+07
901098
ratio: 0.000000
Gen:123
0.0959209,0.23026,0.106356,0.567463,30.3634,-5.05053e+07
1.0643e+06
ratio: 0.000000
Gen:124
0.0959209,0.23026,0.106356,0.567463,30.3634,-5.05053e+07
837582
ratio: 0.000000
Gen:125
0.0959209,0.23026,0.106356,0.567463,30.3634,-5.05053e+07
1.0475e+06
ratio: 0.000000
Gen:126
0.0959209,0.23026,0.106356,0.567463,30.3634,-5.05053e+07
815260
ratio: 0.000000
Gen:127
0.0975667,0.231579,0.104046,0.566809,30.2646,-5.04396e+07
1.22028e+06
Gen:128
0.0975667,0.231579,0.104046,0.566809,30.2646,-5.04396e+07
941284
ratio: 0.000000
Gen:129
0.0975667,0.231579,0.104046,0.566809,30.2646,-5.04396e+07
1.30215e+06
ratio: 0.000000
Gen:130
0.0975667,0.231579,0.104046,0.566809,30.2646,-5.04396e+07
1.12646e+06
ratio: 0.000000
Gen:131
0.0975667,0.231579,0.104046,0.566809,30.2646,-5.04396e+07
680492
ratio: 0.000000
Gen:132
0.0975667,0.231579,0.104046,0.566809,30.2646,-5.04396e+07
1.15338e+06
ratio: 0.000000
Gen:133
0.0975667,0.231579,0.104046,0.566809,30.2646,-5.04396e+07
959678
ratio: 0.000000
Gen:134
0.0975667,0.231579,0.104046,0.566809,30.2646,-5.04396e+07
924873
ratio: 0.000000
Gen:135
0.0975667,0.231579,0.104046,0.566809,30.2646,-5.04396e+07
876154
ratio: 0.000000
Gen:136
0.0975667,0.231579,0.104046,0.566809,30.2646,-5.04396e+07
1.19609e+06
ratio: 0.000000
Gen:137
0.0975667,0.231579,0.104046,0.566809,30.2646,-5.04396e+07
1.00878e+06
ratio: 0.000000
Gen:138
0.0976809,0.231792,0.102924,0.567603,30.0169,-5.03663e+07
1.14835e+06
Gen:139
0.0976809,0.231792,0.102924,0.567603,30.0169,-5.03663e+07
809211
ratio: 0.000000
Gen:140
0.0976809,0.231792,0.102924,0.567603,30.0169,-5.03663e+07
705715
ratio: 0.000000
Gen:141
0.0976809,0.231792,0.102924,0.567603,30.0169,-5.03663e+07
1.14257e+06
ratio: 0.000000
Gen:142
0.0976809,0.231792,0.102924,0.567603,30.0169,-5.03663e+07
1.25184e+06
ratio: 0.000000
Gen:143
0.0976809,0.231792,0.102924,0.567603,30.0169,-5.03663e+07
915232
ratio: 0.000000
Gen:144
0.0976809,0.231792,0.102924,0.567603,30.0169,-5.03663e+07
811685
ratio: 0.000000
Gen:145
0.0976809,0.231792,0.102924,0.567603,30.0169,-5.03663e+07
963822
ratio: 0.000000
Gen:146
0.0976809,0.231792,0.102924,0.567603,30.0169,-5.03663e+07
1.25821e+06
ratio: 0.000000
Gen:147
0.0976809,0.231792,0.102924,0.567603,30.0169,-5.03663e+07
1.28336e+06
ratio: 0.000000
Gen:148
0.0976809,0.231792,0.102924,0.567603,30.0169,-5.03663e+07
1.12343e+06
ratio: 0.000000
Gen:149
0.0976809,0.231792,0.102924,0.567603,30.0169,-5.03663e+07
1.01072e+06
ratio: 0.000000
Gen:150
0.0976809,0.231792,0.102924,0.567603,30.0169,-5.03663e+07
801824
ratio: 0.000000
Gen:151
0.0976809,0.231792,0.102924,0.567603,30.0169,-5.03663e+07
1.16942e+06
ratio: 0.000000
Gen:152
0.0976809,0.231792,0.102924,0.567603,30.0169,-5.03663e+07
1.15823e+06
ratio: 0.000000
Gen:153
0.0976809,0.231792,0.102924,0.567603,30.0169,-5.03663e+07
686720
ratio: 0.000000
Gen:154
0.0976809,0.231792,0.102924,0.567603,30.0169,-5.03663e+07
1.29293e+06
ratio: 0.000000
Gen:155
0.0976809,0.231792,0.102924,0.567603,30.0169,-5.03663e+07
749171
ratio: 0.000000
Gen:156
0.0976809,0.231792,0.102924,0.567603,30.0169,-5.03663e+07
1.12633e+06
ratio: 0.000000
Gen:157
0.0976809,0.231792,0.102924,0.567603,30.0169,-5.03663e+07
1.15812e+06
ratio: 0.000000
Gen:158
0.0964609,0.234829,0.103444,0.565267,30.0188,-5.02787e+07
1.17503e+06
Gen:159
0.0964609,0.234829,0.103444,0.565267,30.0188,-5.02787e+07
889990
ratio: 0.000000
Gen:160
0.0964609,0.234829,0.103444,0.565267,30.0188,-5.02787e+07
1.07412e+06
ratio: 0.000000
Gen:161
0.0964609,0.234829,0.103444,0.565267,30.0188,-5.02787e+07
914762
ratio: 0.000000
Gen:162
0.0964609,0.234829,0.103444,0.565267,30.0188,-5.02787e+07
863058
ratio: 0.000000
Gen:163
0.0964609,0.234829,0.103444,0.565267,30.0188,-5.02787e+07
881020
ratio: 0.000000
Gen:164
0.0964609,0.234829,0.103444,0.565267,30.0188,-5.02787e+07
1.61226e+06
ratio: 0.000000
Gen:165
0.0964609,0.234829,0.103444,0.565267,30.0188,-5.02787e+07
1.16589e+06
ratio: 0.000000
Gen:166
0.0964609,0.234829,0.103444,0.565267,30.0188,-5.02787e+07
1.17364e+06
ratio: 0.000000
Gen:167
0.0964609,0.234829,0.103444,0.565267,30.0188,-5.02787e+07
738819
ratio: 0.000000
Gen:168
0.0964609,0.234829,0.103444,0.565267,30.0188,-5.02787e+07
917607
ratio: 0.000000
Gen:169
0.0964609,0.234829,0.103444,0.565267,30.0188,-5.02787e+07
921248
ratio: 0.000000
Gen:170
0.0964609,0.234829,0.103444,0.565267,30.0188,-5.02787e+07
1.2541e+06
ratio: 0.000000
Gen:171
0.0964609,0.234829,0.103444,0.565267,30.0188,-5.02787e+07
990346
ratio: 0.000000
Gen:172
0.0964609,0.234829,0.103444,0.565267,30.0188,-5.02787e+07
1.39156e+06
ratio: 0.000000
Gen:173
0.0964609,0.234829,0.103444,0.565267,30.0188,-5.02787e+07
1.02792e+06
ratio: 0.000000
Gen:174
0.0964609,0.234829,0.103444,0.565267,30.0188,-5.02787e+07
865321
ratio: 0.000000
Gen:175
0.0964609,0.234829,0.103444,0.565267,30.0188,-5.02787e+07
968074
ratio: 0.000000
Gen:176
0.0964609,0.234829,0.103444,0.565267,30.0188,-5.02787e+07
1.2587e+06
ratio: 0.000000
Gen:177
0.0964609,0.234829,0.103444,0.565267,30.0188,-5.02787e+07
746319
ratio: 0.000000
Gen:178
0.0964609,0.234829,0.103444,0.565267,30.0188,-5.02787e+07
1.28354e+06
ratio: 0.000000
Gen:179
0.0964609,0.234829,0.103444,0.565267,30.0188,-5.02787e+07
500135
ratio: 0.000000
Gen:180
0.0964609,0.234829,0.103444,0.565267,30.0188,-5.02787e+07
1.16346e+06
ratio: 0.000000
Gen:181
0.0964609,0.234829,0.103444,0.565267,30.0188,-5.02787e+07
1.01049e+06
ratio: 0.000000
Gen:182
0.0964609,0.234829,0.103444,0.565267,30.0188,-5.02787e+07
862700
ratio: 0.000000
Gen:183
0.0964609,0.234829,0.103444,0.565267,30.0188,-5.02787e+07
1.10276e+06
ratio: 0.000000
Gen:184
0.0964609,0.234829,0.103444,0.565267,30.0188,-5.02787e+07
776402
ratio: 0.000000
Gen:185
0.0964609,0.234829,0.103444,0.565267,30.0188,-5.02787e+07
1.18905e+06
ratio: 0.000000
Gen:186
0.0964609,0.234829,0.103444,0.565267,30.0188,-5.02787e+07
686650
ratio: 0.000000
Gen:187
0.0964609,0.234829,0.103444,0.565267,30.0188,-5.02787e+07
1.03058e+06
ratio: 0.000000
Gen:188
0.0964609,0.234829,0.103444,0.565267,30.0188,-5.02787e+07
1.14646e+06
ratio: 0.000000
Gen:189
0.0964609,0.234829,0.103444,0.565267,30.0188,-5.02787e+07
881104
ratio: 0.000000
Gen:190
0.0964609,0.234829,0.103444,0.565267,30.0188,-5.02787e+07
496711
ratio: 0.000000
Gen:191
0.0964609,0.234829,0.103444,0.565267,30.0188,-5.02787e+07
642680
ratio: 0.000000
Gen:192
0.0964609,0.234829,0.103444,0.565267,30.0188,-5.02787e+07
1.00121e+06
ratio: 0.000000
Gen:193
0.0964609,0.234829,0.103444,0.565267,30.0188,-5.02787e+07
638156
ratio: 0.000000
Gen:194
0.0964609,0.234829,0.103444,0.565267,30.0188,-5.02787e+07
1.12141e+06
ratio: 0.000000
Gen:195
0.0964609,0.234829,0.103444,0.565267,30.0188,-5.02787e+07
892814
ratio: 0.000000
Gen:196
0.0964609,0.234829,0.103444,0.565267,30.0188,-5.02787e+07
1.05209e+06
ratio: 0.000000
Gen:197
0.0964609,0.234829,0.103444,0.565267,30.0188,-5.02787e+07
1.19225e+06
ratio: 0.000000
Gen:198
0.0964609,0.234829,0.103444,0.565267,30.0188,-5.02787e+07
1.12968e+06
ratio: 0.000000
FINAL Population size
18
Best : -5.02787e+07   9:31-9-17-50-23-3-48-39-65- ,  9:47-6-56-8-26-1-9-11-15- ,  9:60-14-2-50-33-58-34-25-4- ,  9:8-52-64-58-45-36-54-5-37- ,  10:66-19-22-33-20-10-16-26-49-42- ,  9:27-12-41-36-38-66-48-69-29- , 

0.0964609
0.234829
0.103444
0.565267
30.0188
-5.02787e+07
All Run Best : -5.02787e+07   9:31-9-17-50-23-3-48-39-65- ,  9:47-6-56-8-26-1-9-11-15- ,  9:60-14-2-50-33-58-34-25-4- ,  9:8-52-64-58-45-36-54-5-37- ,  10:66-19-22-33-20-10-16-26-49-42- ,  9:27-12-41-36-38-66-48-69-29- , 

0.0964609
0.234829
0.103444
0.565267
30.0188
-5.02787e+07
