routeSetSize:6,pSwap:0.06667,popSize:18,elite:2,pSm:0.7,pDelete:0.4,tFit:10,maxGen:200,maxIter:1,beta:0.8,run:5,stableCount:20,e:0.7,minGen:10,minFitnessRatio:1e-05,minRouteLength:2,maxRouteLength:8,maxRouteLength:8, OpATT19.2695
Initial : -5.8071e+07
0.0642726
0.126022
0.0250601
0.784645
27.6051

-----------------------------------------
Iteration:0 started

Gen:0
0.0634731,0.134106,0.0768883,0.725533,35.2045,-5.77079e+07
883644
Gen:1
0.0719978,0.156232,0.0484641,0.723306,32.4961,-5.69131e+07
559049
Gen:2
0.0699731,0.153008,0.103143,0.673876,34.8852,-5.59128e+07
681436
Gen:3
0.0741627,0.161834,0.088881,0.675122,33.1045,-5.53969e+07
1.0702e+06
Gen:4
0.0771271,0.173328,0.091996,0.657548,33.4751,-5.49071e+07
573652
Gen:5
0.0814829,0.182616,0.0958275,0.640073,33.9834,-5.44809e+07
856538
Gen:6
0.0847641,0.185581,0.0903347,0.639321,33.7847,-5.43863e+07
1.05996e+06
Gen:7
0.0870847,0.183572,0.0912069,0.638137,33.2967,-5.41757e+07
1.09137e+06
Gen:8
0.0809534,0.154426,0.106865,0.657756,31.0735,-5.41226e+07
874124
Gen:9
0.0850444,0.165961,0.109866,0.639128,31.2407,-5.34955e+07
1.00154e+06
Gen:10
0.0850444,0.165961,0.109866,0.639128,31.2407,-5.34955e+07
1.23037e+06
ratio: 0.000000
Gen:11
0.0850444,0.165961,0.109866,0.639128,31.2407,-5.34955e+07
1.48361e+06
ratio: 0.000000
Gen:12
0.0850444,0.165961,0.109866,0.639128,31.2407,-5.34955e+07
1.39226e+06
ratio: 0.000000
Gen:13
0.0850444,0.165961,0.109866,0.639128,31.2407,-5.34955e+07
1.24006e+06
ratio: 0.000000
Gen:14
0.0850444,0.165961,0.109866,0.639128,31.2407,-5.34955e+07
898806
ratio: 0.000000
Gen:15
0.0850444,0.165961,0.109866,0.639128,31.2407,-5.34955e+07
872747
ratio: 0.000000
Gen:16
0.0850444,0.165961,0.109866,0.639128,31.2407,-5.34955e+07
879706
ratio: 0.000000
Gen:17
0.0850444,0.165961,0.109866,0.639128,31.2407,-5.34955e+07
802769
ratio: 0.000000
Gen:18
0.0850444,0.165961,0.109866,0.639128,31.2407,-5.34955e+07
883020
ratio: 0.000000
Gen:19
0.0892548,0.175727,0.098361,0.636657,31.3576,-5.34459e+07
898224
Gen:20
0.0892548,0.175727,0.098361,0.636657,31.3576,-5.34459e+07
1.06682e+06
ratio: 0.000000
Gen:21
0.0892548,0.175727,0.098361,0.636657,31.3576,-5.34459e+07
747807
ratio: 0.000000
Gen:22
0.0892548,0.175727,0.098361,0.636657,31.3576,-5.34459e+07
645415
ratio: 0.000000
Gen:23
0.0892548,0.175727,0.098361,0.636657,31.3576,-5.34459e+07
996216
ratio: 0.000000
Gen:24
0.0891562,0.178063,0.0970735,0.635707,31.3397,-5.34049e+07
395863
Gen:25
0.0891562,0.178063,0.0970735,0.635707,31.3397,-5.34049e+07
1.0364e+06
ratio: 0.000000
Gen:26
0.0891562,0.178063,0.0970735,0.635707,31.3397,-5.34049e+07
969705
ratio: 0.000000
Gen:27
0.0891562,0.178063,0.0970735,0.635707,31.3397,-5.34049e+07
958728
ratio: 0.000000
Gen:28
0.0891562,0.178063,0.0970735,0.635707,31.3397,-5.34049e+07
625250
ratio: 0.000000
Gen:29
0.0891562,0.178063,0.0970735,0.635707,31.3397,-5.34049e+07
830777
ratio: 0.000000
Gen:30
0.0891562,0.178063,0.0970735,0.635707,31.3397,-5.34049e+07
973024
ratio: 0.000000
Gen:31
0.0891562,0.178063,0.0970735,0.635707,31.3397,-5.34049e+07
464961
ratio: 0.000000
Gen:32
0.0919857,0.229217,0.0832429,0.595555,32.4968,-5.23889e+07
503216
Gen:33
0.0919857,0.229217,0.0832429,0.595555,32.4968,-5.23889e+07
904359
ratio: 0.000000
Gen:34
0.0919857,0.229217,0.0832429,0.595555,32.4968,-5.23889e+07
1.22202e+06
ratio: 0.000000
Gen:35
0.0925723,0.228713,0.0831598,0.595555,32.4023,-5.23521e+07
1.02342e+06
Gen:36
0.0925723,0.228713,0.0831598,0.595555,32.4023,-5.23521e+07
1.3738e+06
ratio: 0.000000
Gen:37
0.0925723,0.228713,0.0831598,0.595555,32.4023,-5.23521e+07
1.21557e+06
ratio: 0.000000
Gen:38
0.0925723,0.228713,0.0831598,0.595555,32.4023,-5.23521e+07
1.33354e+06
ratio: 0.000000
Gen:39
0.0903191,0.221704,0.0924217,0.595555,31.7114,-5.2083e+07
703260
Gen:40
0.0903191,0.221704,0.0924217,0.595555,31.7114,-5.2083e+07
887213
ratio: 0.000000
Gen:41
0.0903191,0.221704,0.0924217,0.595555,31.7114,-5.2083e+07
1.00747e+06
ratio: 0.000000
Gen:42
0.0903191,0.221704,0.0924217,0.595555,31.7114,-5.2083e+07
1.16262e+06
ratio: 0.000000
Gen:43
0.0903191,0.221704,0.0924217,0.595555,31.7114,-5.2083e+07
1.32723e+06
ratio: 0.000000
Gen:44
0.0903191,0.221704,0.0924217,0.595555,31.7114,-5.2083e+07
1.20381e+06
ratio: 0.000000
Gen:45
0.0903191,0.221704,0.0924217,0.595555,31.7114,-5.2083e+07
658087
ratio: 0.000000
Gen:46
0.0903191,0.221704,0.0924217,0.595555,31.7114,-5.2083e+07
988758
ratio: 0.000000
Gen:47
0.0903191,0.221704,0.0924217,0.595555,31.7114,-5.2083e+07
1.52678e+06
ratio: 0.000000
Gen:48
0.0903191,0.221704,0.0924217,0.595555,31.7114,-5.2083e+07
687080
ratio: 0.000000
Gen:49
0.0903191,0.221704,0.0924217,0.595555,31.7114,-5.2083e+07
977980
ratio: 0.000000
Gen:50
0.0903191,0.221704,0.0924217,0.595555,31.7114,-5.2083e+07
993757
ratio: 0.000000
Gen:51
0.0903191,0.221704,0.0924217,0.595555,31.7114,-5.2083e+07
848792
ratio: 0.000000
Gen:52
0.0903191,0.221704,0.0924217,0.595555,31.7114,-5.2083e+07
711978
ratio: 0.000000
Gen:53
0.0898778,0.225333,0.108339,0.57645,32.8081,-5.18393e+07
918078
Gen:54
0.0898778,0.225333,0.108339,0.57645,32.8081,-5.18393e+07
1.08434e+06
ratio: 0.000000
Gen:55
0.0898778,0.225333,0.108339,0.57645,32.8081,-5.18393e+07
1.09817e+06
ratio: 0.000000
Gen:56
0.0898778,0.225333,0.108339,0.57645,32.8081,-5.18393e+07
936405
ratio: 0.000000
Gen:57
0.0898778,0.225333,0.108339,0.57645,32.8081,-5.18393e+07
1.17176e+06
ratio: 0.000000
Gen:58
0.0898778,0.225333,0.108339,0.57645,32.8081,-5.18393e+07
527696
ratio: 0.000000
Gen:59
0.0902516,0.223739,0.109559,0.57645,32.6816,-5.17877e+07
1.42474e+06
Gen:60
0.0902516,0.223739,0.109559,0.57645,32.6816,-5.17877e+07
1.24849e+06
ratio: 0.000000
Gen:61
0.0888136,0.224856,0.109528,0.576803,32.154,-5.15851e+07
990105
Gen:62
0.0888136,0.224856,0.109528,0.576803,32.154,-5.15851e+07
1.27955e+06
ratio: 0.000000
Gen:63
0.0888136,0.224856,0.109528,0.576803,32.154,-5.15851e+07
788078
ratio: 0.000000
Gen:64
0.0888136,0.224856,0.109528,0.576803,32.154,-5.15851e+07
799246
ratio: 0.000000
Gen:65
0.0888136,0.224856,0.109528,0.576803,32.154,-5.15851e+07
1.11539e+06
ratio: 0.000000
Gen:66
0.0888136,0.224856,0.109528,0.576803,32.154,-5.15851e+07
1.31637e+06
ratio: 0.000000
Gen:67
0.0888136,0.224856,0.109528,0.576803,32.154,-5.15851e+07
688585
ratio: 0.000000
Gen:68
0.0888136,0.224856,0.109528,0.576803,32.154,-5.15851e+07
973146
ratio: 0.000000
Gen:69
0.0888136,0.224856,0.109528,0.576803,32.154,-5.15851e+07
780181
ratio: 0.000000
Gen:70
0.0888136,0.224856,0.109528,0.576803,32.154,-5.15851e+07
822827
ratio: 0.000000
Gen:71
0.0888136,0.224856,0.109528,0.576803,32.154,-5.15851e+07
1.13949e+06
ratio: 0.000000
Gen:72
0.0888136,0.224856,0.109528,0.576803,32.154,-5.15851e+07
841168
ratio: 0.000000
Gen:73
0.0888136,0.224856,0.109528,0.576803,32.154,-5.15851e+07
1.02527e+06
ratio: 0.000000
Gen:74
0.0906722,0.219441,0.110795,0.579092,31.8112,-5.15279e+07
864740
Gen:75
0.0906722,0.219441,0.110795,0.579092,31.8112,-5.15279e+07
1.01029e+06
ratio: 0.000000
Gen:76
0.0906722,0.219441,0.110795,0.579092,31.8112,-5.15279e+07
881771
ratio: 0.000000
Gen:77
0.0906722,0.219441,0.110795,0.579092,31.8112,-5.15279e+07
701473
ratio: 0.000000
Gen:78
0.0901686,0.219446,0.112664,0.577722,31.7784,-5.14652e+07
914145
Gen:79
0.0901686,0.219446,0.112664,0.577722,31.7784,-5.14652e+07
820424
ratio: 0.000000
Gen:80
0.0901686,0.219446,0.112664,0.577722,31.7784,-5.14652e+07
1.05103e+06
ratio: 0.000000
Gen:81
0.0901686,0.219446,0.112664,0.577722,31.7784,-5.14652e+07
1.04774e+06
ratio: 0.000000
Gen:82
0.0901686,0.219446,0.112664,0.577722,31.7784,-5.14652e+07
1.0296e+06
ratio: 0.000000
Gen:83
0.0901686,0.219446,0.112664,0.577722,31.7784,-5.14652e+07
1.26544e+06
ratio: 0.000000
Gen:84
0.0901686,0.219446,0.112664,0.577722,31.7784,-5.14652e+07
955928
ratio: 0.000000
Gen:85
0.0901686,0.219446,0.112664,0.577722,31.7784,-5.14652e+07
800599
ratio: 0.000000
Gen:86
0.0901686,0.219446,0.112664,0.577722,31.7784,-5.14652e+07
1.50165e+06
ratio: 0.000000
Gen:87
0.0901686,0.219446,0.112664,0.577722,31.7784,-5.14652e+07
1.03741e+06
ratio: 0.000000
Gen:88
0.0901686,0.219446,0.112664,0.577722,31.7784,-5.14652e+07
523759
ratio: 0.000000
Gen:89
0.0901686,0.219446,0.112664,0.577722,31.7784,-5.14652e+07
780283
ratio: 0.000000
Gen:90
0.0901686,0.219446,0.112664,0.577722,31.7784,-5.14652e+07
1.34609e+06
ratio: 0.000000
Gen:91
0.0901686,0.219446,0.112664,0.577722,31.7784,-5.14652e+07
1.14531e+06
ratio: 0.000000
Gen:92
0.0901686,0.219446,0.112664,0.577722,31.7784,-5.14652e+07
1.03491e+06
ratio: 0.000000
Gen:93
0.0901686,0.219446,0.112664,0.577722,31.7784,-5.14652e+07
1.26431e+06
ratio: 0.000000
Gen:94
0.0901686,0.219446,0.112664,0.577722,31.7784,-5.14652e+07
1.08351e+06
ratio: 0.000000
Gen:95
0.0901686,0.219446,0.112664,0.577722,31.7784,-5.14652e+07
554417
ratio: 0.000000
Gen:96
0.0901686,0.219446,0.112664,0.577722,31.7784,-5.14652e+07
1.00111e+06
ratio: 0.000000
Gen:97
0.0901686,0.219446,0.112664,0.577722,31.7784,-5.14652e+07
1.11837e+06
ratio: 0.000000
Gen:98
0.0901686,0.219446,0.112664,0.577722,31.7784,-5.14652e+07
1.1388e+06
ratio: 0.000000
FINAL Population size
18
Best : -5.14652e+07   9:3-23-69-38-36-41-35-6-63- ,  9:54-66-18-67-27-25-4-53-40- ,  10:31-1-16-10-20-33-22-19-18-32- ,  9:13-50-0-69-18-65-39-48-29- ,  9:9-68-59-10-52-64-58-41-27- ,  9:8-28-10-17-44-61-43-13-33- , 

0.0901686
0.219446
0.112664
0.577722
31.7784
-5.14652e+07
Initial : -5.7285e+07
0.0665673
0.113578
0.0578921
0.761963
28.1466

-----------------------------------------
Iteration:0 started

Gen:0
0.0674291,0.119252,0.090044,0.723275,32.9742,-5.70394e+07
906059
Gen:1
0.0757929,0.135881,0.0811766,0.707149,34.6377,-5.69449e+07
819656
Gen:2
0.07436,0.124667,0.0868926,0.71408,31.8885,-5.6419e+07
609150
Gen:3
0.0767066,0.127278,0.0846447,0.71137,32.0312,-5.63611e+07
933199
Gen:4
0.0796139,0.134064,0.0887357,0.697586,32.6314,-5.60416e+07
1.24996e+06
Gen:5
0.0830301,0.138871,0.0954018,0.682697,32.938,-5.56099e+07
673937
Gen:6
0.0865863,0.151716,0.0974317,0.664266,32.565,-5.48444e+07
879216
Gen:7
0.0865863,0.151716,0.0974317,0.664266,32.565,-5.48444e+07
879148
ratio: 0.000000
Gen:8
0.0876973,0.15469,0.0977588,0.659853,32.5104,-5.46705e+07
647444
Gen:9
0.0902413,0.157862,0.0902309,0.661665,32.0606,-5.45881e+07
905548
Gen:10
0.0890212,0.16295,0.106751,0.641278,33.4962,-5.43535e+07
1.06064e+06
Gen:11
0.0890212,0.16295,0.106751,0.641278,33.4962,-5.43535e+07
994318
ratio: 0.000000
Gen:12
0.0890212,0.16295,0.106751,0.641278,33.4962,-5.43535e+07
880552
ratio: 0.000000
Gen:13
0.0890212,0.16295,0.106751,0.641278,33.4962,-5.43535e+07
783214
ratio: 0.000000
Gen:14
0.0890212,0.16295,0.106751,0.641278,33.4962,-5.43535e+07
892859
ratio: 0.000000
Gen:15
0.0865708,0.155947,0.102841,0.654641,31.491,-5.41469e+07
519235
Gen:16
0.0866694,0.160313,0.0983766,0.654641,31.3734,-5.41078e+07
846263
Gen:17
0.0866694,0.160313,0.0983766,0.654641,31.3734,-5.41078e+07
1.06905e+06
ratio: 0.000000
Gen:18
0.0859581,0.172425,0.0858439,0.655773,30.2905,-5.37901e+07
636119
Gen:19
0.0859581,0.172425,0.0858439,0.655773,30.2905,-5.37901e+07
539687
ratio: 0.000000
Gen:20
0.0861762,0.172856,0.0879881,0.65298,30.4225,-5.37294e+07
521746
Gen:21
0.0861762,0.172856,0.0879881,0.65298,30.4225,-5.37294e+07
725979
ratio: 0.000000
Gen:22
0.084681,0.178536,0.0874533,0.64933,30.6178,-5.36588e+07
855069
Gen:23
0.0876766,0.177871,0.0861191,0.648333,29.6918,-5.33081e+07
796672
Gen:24
0.0874897,0.18677,0.0939325,0.631808,30.869,-5.30956e+07
1.08756e+06
Gen:25
0.0874897,0.18677,0.0939325,0.631808,30.869,-5.30956e+07
605075
ratio: 0.000000
Gen:26
0.0874897,0.18677,0.0939325,0.631808,30.869,-5.30956e+07
242257
ratio: 0.000000
Gen:27
0.0874897,0.18677,0.0939325,0.631808,30.869,-5.30956e+07
959138
ratio: 0.000000
Gen:28
0.0874897,0.18677,0.0939325,0.631808,30.869,-5.30956e+07
739204
ratio: 0.000000
Gen:29
0.0874897,0.18677,0.0939325,0.631808,30.869,-5.30956e+07
762987
ratio: 0.000000
Gen:30
0.0874897,0.18677,0.0939325,0.631808,30.869,-5.30956e+07
968790
ratio: 0.000000
Gen:31
0.0874897,0.18677,0.0939325,0.631808,30.869,-5.30956e+07
1.09377e+06
ratio: 0.000000
Gen:32
0.0892756,0.185903,0.0937249,0.631097,30.9026,-5.30812e+07
1.09828e+06
Gen:33
0.0896546,0.204136,0.0761615,0.630048,30.3335,-5.28397e+07
933694
Gen:34
0.0896546,0.204136,0.0761615,0.630048,30.3335,-5.28397e+07
815575
ratio: 0.000000
Gen:35
0.0896546,0.204136,0.0761615,0.630048,30.3335,-5.28397e+07
1.2009e+06
ratio: 0.000000
Gen:36
0.0896546,0.204136,0.0761615,0.630048,30.3335,-5.28397e+07
1.09897e+06
ratio: 0.000000
Gen:37
0.0906462,0.206093,0.0741523,0.629109,30.3692,-5.28172e+07
679960
Gen:38
0.0906462,0.206093,0.0741523,0.629109,30.3692,-5.28172e+07
679842
ratio: 0.000000
Gen:39
0.0906462,0.206093,0.0741523,0.629109,30.3692,-5.28172e+07
784718
ratio: 0.000000
Gen:40
0.0906462,0.206093,0.0741523,0.629109,30.3692,-5.28172e+07
332994
ratio: 0.000000
Gen:41
0.0906462,0.206093,0.0741523,0.629109,30.3692,-5.28172e+07
804061
ratio: 0.000000
Gen:42
0.0906462,0.206093,0.0741523,0.629109,30.3692,-5.28172e+07
818462
ratio: 0.000000
Gen:43
0.0911809,0.206098,0.0730829,0.629638,30.172,-5.27667e+07
982585
Gen:44
0.0911809,0.206098,0.0730829,0.629638,30.172,-5.27667e+07
1.04118e+06
ratio: 0.000000
Gen:45
0.0911809,0.206098,0.0730829,0.629638,30.172,-5.27667e+07
1.14846e+06
ratio: 0.000000
Gen:46
0.0911809,0.206098,0.0730829,0.629638,30.172,-5.27667e+07
939072
ratio: 0.000000
Gen:47
0.0911809,0.206098,0.0730829,0.629638,30.172,-5.27667e+07
907680
ratio: 0.000000
Gen:48
0.0911809,0.206098,0.0730829,0.629638,30.172,-5.27667e+07
676816
ratio: 0.000000
Gen:49
0.0911809,0.206098,0.0730829,0.629638,30.172,-5.27667e+07
951793
ratio: 0.000000
Gen:50
0.0911809,0.206098,0.0730829,0.629638,30.172,-5.27667e+07
763082
ratio: 0.000000
Gen:51
0.0911809,0.206098,0.0730829,0.629638,30.172,-5.27667e+07
863280
ratio: 0.000000
Gen:52
0.0911809,0.206098,0.0730829,0.629638,30.172,-5.27667e+07
837574
ratio: 0.000000
Gen:53
0.0911809,0.206098,0.0730829,0.629638,30.172,-5.27667e+07
1.10464e+06
ratio: 0.000000
Gen:54
0.0911809,0.206098,0.0730829,0.629638,30.172,-5.27667e+07
988176
ratio: 0.000000
Gen:55
0.0911809,0.206098,0.0730829,0.629638,30.172,-5.27667e+07
735499
ratio: 0.000000
Gen:56
0.0911809,0.206098,0.0730829,0.629638,30.172,-5.27667e+07
191009
ratio: 0.000000
Gen:57
0.0911809,0.206098,0.0730829,0.629638,30.172,-5.27667e+07
752979
ratio: 0.000000
Gen:58
0.094161,0.193976,0.0918351,0.620028,29.9081,-5.23083e+07
903380
Gen:59
0.094161,0.193976,0.0918351,0.620028,29.9081,-5.23083e+07
632158
ratio: 0.000000
Gen:60
0.094161,0.193976,0.0918351,0.620028,29.9081,-5.23083e+07
1.11517e+06
ratio: 0.000000
Gen:61
0.094161,0.193976,0.0918351,0.620028,29.9081,-5.23083e+07
713020
ratio: 0.000000
Gen:62
0.094161,0.193976,0.0918351,0.620028,29.9081,-5.23083e+07
1.05203e+06
ratio: 0.000000
Gen:63
0.094161,0.193976,0.0918351,0.620028,29.9081,-5.23083e+07
820119
ratio: 0.000000
Gen:64
0.094161,0.193976,0.0918351,0.620028,29.9081,-5.23083e+07
724189
ratio: 0.000000
Gen:65
0.094161,0.193976,0.0918351,0.620028,29.9081,-5.23083e+07
919603
ratio: 0.000000
Gen:66
0.094161,0.193976,0.0918351,0.620028,29.9081,-5.23083e+07
528416
ratio: 0.000000
Gen:67
0.094161,0.193976,0.0918351,0.620028,29.9081,-5.23083e+07
414041
ratio: 0.000000
Gen:68
0.094161,0.193976,0.0918351,0.620028,29.9081,-5.23083e+07
666854
ratio: 0.000000
Gen:69
0.094161,0.193976,0.0918351,0.620028,29.9081,-5.23083e+07
736423
ratio: 0.000000
Gen:70
0.094161,0.193976,0.0918351,0.620028,29.9081,-5.23083e+07
470768
ratio: 0.000000
Gen:71
0.094161,0.193976,0.0918351,0.620028,29.9081,-5.23083e+07
1.18573e+06
ratio: 0.000000
Gen:72
0.094161,0.193976,0.0918351,0.620028,29.9081,-5.23083e+07
1.31591e+06
ratio: 0.000000
Gen:73
0.094161,0.193976,0.0918351,0.620028,29.9081,-5.23083e+07
795539
ratio: 0.000000
Gen:74
0.094161,0.193976,0.0918351,0.620028,29.9081,-5.23083e+07
551871
ratio: 0.000000
Gen:75
0.094161,0.193976,0.0918351,0.620028,29.9081,-5.23083e+07
1.19259e+06
ratio: 0.000000
Gen:76
0.094161,0.193976,0.0918351,0.620028,29.9081,-5.23083e+07
939475
ratio: 0.000000
Gen:77
0.094161,0.193976,0.0918351,0.620028,29.9081,-5.23083e+07
958078
ratio: 0.000000
Gen:78
0.094161,0.193976,0.0918351,0.620028,29.9081,-5.23083e+07
825171
ratio: 0.000000
FINAL Population size
18
Best : -5.23083e+07   10:15-49-26-8-51-41-36-54-18-39- ,  9:9-31-11-15-30-63-6-47-7- ,  9:5-54-19-22-33-20-17-9-68- ,  9:7-4-25-34-58-33-50-2-0- ,  9:48-3-23-50-17-59-1-49-42- ,  9:45-36-22-13-43-61-60-17-44- , 

0.094161
0.193976
0.0918351
0.620028
29.9081
-5.23083e+07
Initial : -5.77247e+07
0.0609811
0.127953
0.0740225
0.737043
33.7797

-----------------------------------------
Iteration:0 started

Gen:0
0.0650618,0.12596,0.0729115,0.736067,31.924,-5.72196e+07
994042
Gen:1
0.0679691,0.133706,0.0739239,0.724401,32.1471,-5.68592e+07
767471
Gen:2
0.0714942,0.133721,0.0678133,0.726971,31.008,-5.66516e+07
917619
Gen:3
0.0746455,0.141156,0.0709231,0.713276,31.7203,-5.63436e+07
842239
Gen:4
0.0778124,0.157504,0.0557999,0.708883,30.236,-5.57686e+07
530883
Gen:5
0.0812597,0.162795,0.07734,0.678606,32.7381,-5.54049e+07
795558
Gen:6
0.0812597,0.162795,0.07734,0.678606,32.7381,-5.54049e+07
623322
ratio: 0.000000
Gen:7
0.0845408,0.169211,0.0844785,0.661769,34.0369,-5.52356e+07
326718
Gen:8
0.0817321,0.162582,0.0642467,0.691439,30.5094,-5.51941e+07
652312
Gen:9
0.0817321,0.162582,0.0642467,0.691439,30.5094,-5.51941e+07
425791
ratio: 0.000000
Gen:10
0.0813272,0.16064,0.0642778,0.693755,30.1027,-5.51606e+07
597137
Gen:11
0.0846395,0.170608,0.0661572,0.678595,30.7811,-5.47987e+07
784579
Gen:12
0.0846395,0.170608,0.0661572,0.678595,30.7811,-5.47987e+07
962047
ratio: 0.000000
Gen:13
0.0846395,0.170608,0.0661572,0.678595,30.7811,-5.47987e+07
764388
ratio: 0.000000
Gen:14
0.0843903,0.165951,0.0708453,0.678813,30.5972,-5.47499e+07
568941
Gen:15
0.0843903,0.165951,0.0708453,0.678813,30.5972,-5.47499e+07
618953
ratio: 0.000000
Gen:16
0.0843903,0.165951,0.0708453,0.678813,30.5972,-5.47499e+07
750702
ratio: 0.000000
Gen:17
0.0843903,0.165951,0.0708453,0.678813,30.5972,-5.47499e+07
469457
ratio: 0.000000
Gen:18
0.0843903,0.165951,0.0708453,0.678813,30.5972,-5.47499e+07
840887
ratio: 0.000000
Gen:19
0.0843903,0.165951,0.0708453,0.678813,30.5972,-5.47499e+07
858539
ratio: 0.000000
Gen:20
0.0843903,0.165951,0.0708453,0.678813,30.5972,-5.47499e+07
1.06762e+06
ratio: 0.000000
Gen:21
0.0843903,0.165951,0.0708453,0.678813,30.5972,-5.47499e+07
540699
ratio: 0.000000
Gen:22
0.0843903,0.165951,0.0708453,0.678813,30.5972,-5.47499e+07
910849
ratio: 0.000000
Gen:23
0.0843903,0.165951,0.0708453,0.678813,30.5972,-5.47499e+07
538327
ratio: 0.000000
Gen:24
0.0843903,0.165951,0.0708453,0.678813,30.5972,-5.47499e+07
660984
ratio: 0.000000
Gen:25
0.0843903,0.165951,0.0708453,0.678813,30.5972,-5.47499e+07
635269
ratio: 0.000000
Gen:26
0.0851327,0.170317,0.0820073,0.662543,32.1865,-5.46605e+07
725055
Gen:27
0.0851327,0.170317,0.0820073,0.662543,32.1865,-5.46605e+07
689221
ratio: 0.000000
Gen:28
0.0851327,0.170317,0.0820073,0.662543,32.1865,-5.46605e+07
625012
ratio: 0.000000
Gen:29
0.0851327,0.170317,0.0820073,0.662543,32.1865,-5.46605e+07
859297
ratio: 0.000000
Gen:30
0.0851327,0.170317,0.0820073,0.662543,32.1865,-5.46605e+07
487244
ratio: 0.000000
Gen:31
0.0851327,0.170317,0.0820073,0.662543,32.1865,-5.46605e+07
717035
ratio: 0.000000
Gen:32
0.0851327,0.170317,0.0820073,0.662543,32.1865,-5.46605e+07
693420
ratio: 0.000000
Gen:33
0.0852884,0.171132,0.0847173,0.658862,31.8851,-5.443e+07
741552
Gen:34
0.0852884,0.171132,0.0847173,0.658862,31.8851,-5.443e+07
703273
ratio: 0.000000
Gen:35
0.0852884,0.171132,0.0847173,0.658862,31.8851,-5.443e+07
632811
ratio: 0.000000
Gen:36
0.0852884,0.171132,0.0847173,0.658862,31.8851,-5.443e+07
719758
ratio: 0.000000
Gen:37
0.0852884,0.171132,0.0847173,0.658862,31.8851,-5.443e+07
373311
ratio: 0.000000
Gen:38
0.0852884,0.171132,0.0847173,0.658862,31.8851,-5.443e+07
527971
ratio: 0.000000
Gen:39
0.0852884,0.171132,0.0847173,0.658862,31.8851,-5.443e+07
770666
ratio: 0.000000
Gen:40
0.0852884,0.171132,0.0847173,0.658862,31.8851,-5.443e+07
1.04909e+06
ratio: 0.000000
Gen:41
0.0852884,0.171132,0.0847173,0.658862,31.8851,-5.443e+07
971457
ratio: 0.000000
Gen:42
0.0852884,0.171132,0.0847173,0.658862,31.8851,-5.443e+07
167767
ratio: 0.000000
Gen:43
0.0852884,0.171132,0.0847173,0.658862,31.8851,-5.443e+07
1.0637e+06
ratio: 0.000000
Gen:44
0.0852884,0.171132,0.0847173,0.658862,31.8851,-5.443e+07
724795
ratio: 0.000000
Gen:45
0.0852884,0.171132,0.0847173,0.658862,31.8851,-5.443e+07
616877
ratio: 0.000000
Gen:46
0.0852884,0.171132,0.0847173,0.658862,31.8851,-5.443e+07
84701.4
ratio: 0.000000
Gen:47
0.0852884,0.171132,0.0847173,0.658862,31.8851,-5.443e+07
793776
ratio: 0.000000
Gen:48
0.0859945,0.170785,0.0857141,0.657507,31.4619,-5.42416e+07
738645
Gen:49
0.0859945,0.170785,0.0857141,0.657507,31.4619,-5.42416e+07
935388
ratio: 0.000000
Gen:50
0.0859945,0.170785,0.0857141,0.657507,31.4619,-5.42416e+07
820442
ratio: 0.000000
Gen:51
0.0859945,0.170785,0.0857141,0.657507,31.4619,-5.42416e+07
312306
ratio: 0.000000
Gen:52
0.0859945,0.170785,0.0857141,0.657507,31.4619,-5.42416e+07
947951
ratio: 0.000000
Gen:53
0.0859945,0.170785,0.0857141,0.657507,31.4619,-5.42416e+07
744944
ratio: 0.000000
Gen:54
0.0859945,0.170785,0.0857141,0.657507,31.4619,-5.42416e+07
455738
ratio: 0.000000
Gen:55
0.0859945,0.170785,0.0857141,0.657507,31.4619,-5.42416e+07
886221
ratio: 0.000000
Gen:56
0.0906306,0.175898,0.0939014,0.63957,32.2964,-5.38782e+07
761309
Gen:57
0.0906306,0.175898,0.0939014,0.63957,32.2964,-5.38782e+07
981613
ratio: 0.000000
Gen:58
0.0906306,0.175898,0.0939014,0.63957,32.2964,-5.38782e+07
855389
ratio: 0.000000
Gen:59
0.0906306,0.175898,0.0939014,0.63957,32.2964,-5.38782e+07
695933
ratio: 0.000000
Gen:60
0.0906306,0.175898,0.0939014,0.63957,32.2964,-5.38782e+07
882373
ratio: 0.000000
Gen:61
0.0906306,0.175898,0.0939014,0.63957,32.2964,-5.38782e+07
1.12626e+06
ratio: 0.000000
Gen:62
0.0906306,0.175898,0.0939014,0.63957,32.2964,-5.38782e+07
729243
ratio: 0.000000
Gen:63
0.0906306,0.175898,0.0939014,0.63957,32.2964,-5.38782e+07
572421
ratio: 0.000000
Gen:64
0.0906306,0.175898,0.0939014,0.63957,32.2964,-5.38782e+07
1.01151e+06
ratio: 0.000000
Gen:65
0.0906306,0.175898,0.0939014,0.63957,32.2964,-5.38782e+07
918885
ratio: 0.000000
Gen:66
0.0906306,0.175898,0.0939014,0.63957,32.2964,-5.38782e+07
444789
ratio: 0.000000
Gen:67
0.0886682,0.166636,0.0878375,0.656858,30.2902,-5.38308e+07
1.20978e+06
Gen:68
0.0886682,0.166636,0.0878375,0.656858,30.2902,-5.38308e+07
901795
ratio: 0.000000
Gen:69
0.0886682,0.166636,0.0878375,0.656858,30.2902,-5.38308e+07
672241
ratio: 0.000000
Gen:70
0.0886682,0.166636,0.0878375,0.656858,30.2902,-5.38308e+07
966967
ratio: 0.000000
Gen:71
0.0886682,0.166636,0.0878375,0.656858,30.2902,-5.38308e+07
618774
ratio: 0.000000
Gen:72
0.0886682,0.166636,0.0878375,0.656858,30.2902,-5.38308e+07
858030
ratio: 0.000000
Gen:73
0.0886682,0.166636,0.0878375,0.656858,30.2902,-5.38308e+07
902171
ratio: 0.000000
Gen:74
0.0886682,0.166636,0.0878375,0.656858,30.2902,-5.38308e+07
878177
ratio: 0.000000
Gen:75
0.0886682,0.166636,0.0878375,0.656858,30.2902,-5.38308e+07
996523
ratio: 0.000000
Gen:76
0.0886682,0.166636,0.0878375,0.656858,30.2902,-5.38308e+07
571717
ratio: 0.000000
Gen:77
0.0886682,0.166636,0.0878375,0.656858,30.2902,-5.38308e+07
718320
ratio: 0.000000
Gen:78
0.0886682,0.166636,0.0878375,0.656858,30.2902,-5.38308e+07
598027
ratio: 0.000000
Gen:79
0.0886682,0.166636,0.0878375,0.656858,30.2902,-5.38308e+07
687385
ratio: 0.000000
Gen:80
0.0886682,0.166636,0.0878375,0.656858,30.2902,-5.38308e+07
1.01563e+06
ratio: 0.000000
Gen:81
0.0886682,0.166636,0.0878375,0.656858,30.2902,-5.38308e+07
1.1294e+06
ratio: 0.000000
Gen:82
0.0886682,0.166636,0.0878375,0.656858,30.2902,-5.38308e+07
584995
ratio: 0.000000
Gen:83
0.0811507,0.174891,0.123416,0.620542,33.9676,-5.38114e+07
534248
Gen:84
0.084437,0.179444,0.112228,0.623891,32.8485,-5.35199e+07
798310
Gen:85
0.084437,0.179444,0.112228,0.623891,32.8485,-5.35199e+07
475143
ratio: 0.000000
Gen:86
0.0848835,0.178333,0.114725,0.622058,32.8198,-5.34451e+07
809914
Gen:87
0.0864929,0.198544,0.110177,0.604786,32.8806,-5.28619e+07
1.03238e+06
Gen:88
0.0864929,0.198544,0.110177,0.604786,32.8806,-5.28619e+07
1.04591e+06
ratio: 0.000000
Gen:89
0.0864929,0.198544,0.110177,0.604786,32.8806,-5.28619e+07
1.1427e+06
ratio: 0.000000
Gen:90
0.0912588,0.208668,0.115592,0.584481,33.4245,-5.2368e+07
854356
Gen:91
0.0912588,0.208668,0.115592,0.584481,33.4245,-5.2368e+07
1.0722e+06
ratio: 0.000000
Gen:92
0.0912588,0.208668,0.115592,0.584481,33.4245,-5.2368e+07
652816
ratio: 0.000000
Gen:93
0.0912588,0.208668,0.115592,0.584481,33.4245,-5.2368e+07
578910
ratio: 0.000000
Gen:94
0.0912588,0.208668,0.115592,0.584481,33.4245,-5.2368e+07
1.03403e+06
ratio: 0.000000
Gen:95
0.0870899,0.205205,0.099742,0.607963,31.2262,-5.23486e+07
638720
Gen:96
0.0870899,0.205205,0.099742,0.607963,31.2262,-5.23486e+07
914871
ratio: 0.000000
Gen:97
0.0870899,0.205205,0.099742,0.607963,31.2262,-5.23486e+07
915046
ratio: 0.000000
Gen:98
0.0870899,0.205205,0.099742,0.607963,31.2262,-5.23486e+07
1.09242e+06
ratio: 0.000000
Gen:99
0.0870899,0.205205,0.099742,0.607963,31.2262,-5.23486e+07
944702
ratio: 0.000000
Gen:100
0.0870899,0.205205,0.099742,0.607963,31.2262,-5.23486e+07
1.05399e+06
ratio: 0.000000
Gen:101
0.0907241,0.217089,0.0881438,0.604043,30.3019,-5.18525e+07
1.17533e+06
Gen:102
0.0907241,0.217089,0.0881438,0.604043,30.3019,-5.18525e+07
1.11529e+06
ratio: 0.000000
Gen:103
0.090397,0.220993,0.0860724,0.602538,29.9635,-5.16665e+07
933713
Gen:104
0.090397,0.220993,0.0860724,0.602538,29.9635,-5.16665e+07
882272
ratio: 0.000000
Gen:105
0.090397,0.220993,0.0860724,0.602538,29.9635,-5.16665e+07
802273
ratio: 0.000000
Gen:106
0.090397,0.220993,0.0860724,0.602538,29.9635,-5.16665e+07
357527
ratio: 0.000000
Gen:107
0.090397,0.220993,0.0860724,0.602538,29.9635,-5.16665e+07
977220
ratio: 0.000000
Gen:108
0.090397,0.220993,0.0860724,0.602538,29.9635,-5.16665e+07
1.26676e+06
ratio: 0.000000
Gen:109
0.090397,0.220993,0.0860724,0.602538,29.9635,-5.16665e+07
1.04251e+06
ratio: 0.000000
Gen:110
0.090397,0.220993,0.0860724,0.602538,29.9635,-5.16665e+07
611048
ratio: 0.000000
Gen:111
0.0904282,0.221886,0.0848523,0.602834,29.902,-5.16542e+07
874097
Gen:112
0.0904282,0.221886,0.0848523,0.602834,29.902,-5.16542e+07
803414
ratio: 0.000000
Gen:113
0.0904282,0.221886,0.0848523,0.602834,29.902,-5.16542e+07
749631
ratio: 0.000000
Gen:114
0.0904282,0.221886,0.0848523,0.602834,29.902,-5.16542e+07
1.00528e+06
ratio: 0.000000
Gen:115
0.0904282,0.221886,0.0848523,0.602834,29.902,-5.16542e+07
1.25371e+06
ratio: 0.000000
Gen:116
0.0904282,0.221886,0.0848523,0.602834,29.902,-5.16542e+07
961455
ratio: 0.000000
Gen:117
0.0904282,0.221886,0.0848523,0.602834,29.902,-5.16542e+07
667563
ratio: 0.000000
Gen:118
0.0904282,0.221886,0.0848523,0.602834,29.902,-5.16542e+07
605820
ratio: 0.000000
Gen:119
0.0904282,0.221886,0.0848523,0.602834,29.902,-5.16542e+07
947730
ratio: 0.000000
Gen:120
0.0904282,0.221886,0.0848523,0.602834,29.902,-5.16542e+07
963592
ratio: 0.000000
Gen:121
0.0904282,0.221886,0.0848523,0.602834,29.902,-5.16542e+07
1.09818e+06
ratio: 0.000000
Gen:122
0.0904282,0.221886,0.0848523,0.602834,29.902,-5.16542e+07
1.40395e+06
ratio: 0.000000
Gen:123
0.0904282,0.221886,0.0848523,0.602834,29.902,-5.16542e+07
853995
ratio: 0.000000
Gen:124
0.0904282,0.221886,0.0848523,0.602834,29.902,-5.16542e+07
647546
ratio: 0.000000
Gen:125
0.0904282,0.221886,0.0848523,0.602834,29.902,-5.16542e+07
1.04743e+06
ratio: 0.000000
Gen:126
0.0904282,0.221886,0.0848523,0.602834,29.902,-5.16542e+07
752982
ratio: 0.000000
Gen:127
0.0904282,0.221886,0.0848523,0.602834,29.902,-5.16542e+07
1.2547e+06
ratio: 0.000000
Gen:128
0.0904282,0.221886,0.0848523,0.602834,29.902,-5.16542e+07
740061
ratio: 0.000000
Gen:129
0.0904282,0.221886,0.0848523,0.602834,29.902,-5.16542e+07
821045
ratio: 0.000000
Gen:130
0.0904282,0.221886,0.0848523,0.602834,29.902,-5.16542e+07
1.12884e+06
ratio: 0.000000
Gen:131
0.0904282,0.221886,0.0848523,0.602834,29.902,-5.16542e+07
664273
ratio: 0.000000
FINAL Population size
18
Best : -5.16542e+07   9:1-26-8-51-41-36-54-18-37- ,  9:7-40-12-41-58-33-50-2-23- ,  10:15-49-26-16-10-20-33-22-19-66- ,  9:48-29-69-38-36-41-35-6-47- ,  9:0-3-66-18-67-27-25-4-12- ,  9:36-22-13-43-61-60-17-10-52- , 

0.0904282
0.221886
0.0848523
0.602834
29.902
-5.16542e+07
Initial : -5.6736e+07
0.0667335
0.139816
0.104456
0.688994
35.962

-----------------------------------------
Iteration:0 started

Gen:0
0.0667335,0.139816,0.104456,0.688994,35.962,-5.6736e+07
1.09384e+06
ratio: 0.000000
Gen:1
0.0673565,0.137631,0.106019,0.688994,35.8414,-5.66999e+07
844121
Gen:2
0.070243,0.140694,0.111932,0.677131,35.8827,-5.63308e+07
862275
Gen:3
0.0743704,0.148294,0.120026,0.65731,35.4715,-5.55577e+07
821843
Gen:4
0.0774542,0.151144,0.12976,0.641641,36.0095,-5.52334e+07
876366
Gen:5
0.082298,0.159913,0.135886,0.621903,35.768,-5.45132e+07
1.00749e+06
Gen:6
0.0826147,0.176329,0.104705,0.636351,33.4257,-5.4159e+07
662401
Gen:7
0.0826147,0.176329,0.104705,0.636351,33.4257,-5.4159e+07
705212
ratio: 0.000000
Gen:8
0.0826147,0.176329,0.104705,0.636351,33.4257,-5.4159e+07
985025
ratio: 0.000000
Gen:9
0.0826147,0.176329,0.104705,0.636351,33.4257,-5.4159e+07
901479
ratio: 0.000000
Gen:10
0.0826147,0.176329,0.104705,0.636351,33.4257,-5.4159e+07
932431
ratio: 0.000000
Gen:11
0.0826147,0.176329,0.104705,0.636351,33.4257,-5.4159e+07
892455
ratio: 0.000000
Gen:12
0.0826147,0.176329,0.104705,0.636351,33.4257,-5.4159e+07
998453
ratio: 0.000000
Gen:13
0.0826147,0.176329,0.104705,0.636351,33.4257,-5.4159e+07
870488
ratio: 0.000000
Gen:14
0.0826147,0.176329,0.104705,0.636351,33.4257,-5.4159e+07
958596
ratio: 0.000000
Gen:15
0.0826147,0.176329,0.104705,0.636351,33.4257,-5.4159e+07
695021
ratio: 0.000000
Gen:16
0.0796659,0.178011,0.107213,0.63511,32.7943,-5.38943e+07
914372
Gen:17
0.0856882,0.192927,0.103345,0.61804,33.405,-5.35193e+07
811981
Gen:18
0.0856882,0.192927,0.103345,0.61804,33.405,-5.35193e+07
902604
ratio: 0.000000
Gen:19
0.0864462,0.193098,0.122092,0.598364,34.2342,-5.31604e+07
950613
Gen:20
0.0864462,0.193098,0.122092,0.598364,34.2342,-5.31604e+07
873248
ratio: 0.000000
Gen:21
0.0882165,0.20032,0.0833156,0.628148,29.5146,-5.24752e+07
863990
Gen:22
0.0882165,0.20032,0.0833156,0.628148,29.5146,-5.24752e+07
690276
ratio: 0.000000
Gen:23
0.0914509,0.210059,0.0880608,0.610429,29.7318,-5.18783e+07
543779
Gen:24
0.0914509,0.210059,0.0880608,0.610429,29.7318,-5.18783e+07
1.10541e+06
ratio: 0.000000
Gen:25
0.0914509,0.210059,0.0880608,0.610429,29.7318,-5.18783e+07
1.21852e+06
ratio: 0.000000
Gen:26
0.0914509,0.210059,0.0880608,0.610429,29.7318,-5.18783e+07
911586
ratio: 0.000000
Gen:27
0.0914509,0.210059,0.0880608,0.610429,29.7318,-5.18783e+07
1.14462e+06
ratio: 0.000000
Gen:28
0.0914509,0.210059,0.0880608,0.610429,29.7318,-5.18783e+07
1.20927e+06
ratio: 0.000000
Gen:29
0.0914509,0.210059,0.0880608,0.610429,29.7318,-5.18783e+07
940010
ratio: 0.000000
Gen:30
0.0914509,0.210059,0.0880608,0.610429,29.7318,-5.18783e+07
1.17933e+06
ratio: 0.000000
Gen:31
0.0914509,0.210059,0.0880608,0.610429,29.7318,-5.18783e+07
886508
ratio: 0.000000
Gen:32
0.0914509,0.210059,0.0880608,0.610429,29.7318,-5.18783e+07
594394
ratio: 0.000000
Gen:33
0.0914509,0.210059,0.0880608,0.610429,29.7318,-5.18783e+07
659906
ratio: 0.000000
Gen:34
0.092863,0.204868,0.11146,0.59081,31.6218,-5.18761e+07
1.1939e+06
Gen:35
0.0934134,0.203471,0.110172,0.592944,31.3772,-5.18575e+07
847988
Gen:36
0.0934134,0.203471,0.110172,0.592944,31.3772,-5.18575e+07
1.1234e+06
ratio: 0.000000
Gen:37
0.0929357,0.203824,0.112342,0.590898,31.5511,-5.18514e+07
1.27595e+06
Gen:38
0.0929357,0.203824,0.112342,0.590898,31.5511,-5.18514e+07
950024
ratio: 0.000000
Gen:39
0.0947165,0.203985,0.113277,0.588022,31.338,-5.16624e+07
1.16976e+06
Gen:40
0.0947165,0.203985,0.113277,0.588022,31.338,-5.16624e+07
823622
ratio: 0.000000
Gen:41
0.0947165,0.203985,0.113277,0.588022,31.338,-5.16624e+07
1.09349e+06
ratio: 0.000000
Gen:42
0.0947165,0.203985,0.113277,0.588022,31.338,-5.16624e+07
1.35631e+06
ratio: 0.000000
Gen:43
0.0947165,0.203985,0.113277,0.588022,31.338,-5.16624e+07
1.22681e+06
ratio: 0.000000
Gen:44
0.0947165,0.203985,0.113277,0.588022,31.338,-5.16624e+07
793437
ratio: 0.000000
Gen:45
0.0947165,0.203985,0.113277,0.588022,31.338,-5.16624e+07
960715
ratio: 0.000000
Gen:46
0.0947165,0.203985,0.113277,0.588022,31.338,-5.16624e+07
840024
ratio: 0.000000
Gen:47
0.0947165,0.203985,0.113277,0.588022,31.338,-5.16624e+07
906950
ratio: 0.000000
Gen:48
0.0947165,0.203985,0.113277,0.588022,31.338,-5.16624e+07
993341
ratio: 0.000000
Gen:49
0.0954433,0.203788,0.112441,0.588328,31.2789,-5.16501e+07
941258
Gen:50
0.0954433,0.203788,0.112441,0.588328,31.2789,-5.16501e+07
759315
ratio: 0.000000
Gen:51
0.0954433,0.203788,0.112441,0.588328,31.2789,-5.16501e+07
948188
ratio: 0.000000
Gen:52
0.0954433,0.203788,0.112441,0.588328,31.2789,-5.16501e+07
981155
ratio: 0.000000
Gen:53
0.0954433,0.203788,0.112441,0.588328,31.2789,-5.16501e+07
736368
ratio: 0.000000
Gen:54
0.0954433,0.203788,0.112441,0.588328,31.2789,-5.16501e+07
1.25511e+06
ratio: 0.000000
Gen:55
0.0954433,0.203788,0.112441,0.588328,31.2789,-5.16501e+07
960525
ratio: 0.000000
Gen:56
0.0954433,0.203788,0.112441,0.588328,31.2789,-5.16501e+07
1.04495e+06
ratio: 0.000000
Gen:57
0.0954433,0.203788,0.112441,0.588328,31.2789,-5.16501e+07
1.07455e+06
ratio: 0.000000
Gen:58
0.0970579,0.203456,0.112747,0.586739,31.2811,-5.15929e+07
761229
Gen:59
0.0960871,0.205278,0.113785,0.58485,31.3763,-5.15618e+07
1.36961e+06
Gen:60
0.0960871,0.205278,0.113785,0.58485,31.3763,-5.15618e+07
846408
ratio: 0.000000
Gen:61
0.0960871,0.205278,0.113785,0.58485,31.3763,-5.15618e+07
1.0387e+06
ratio: 0.000000
Gen:62
0.0960871,0.205278,0.113785,0.58485,31.3763,-5.15618e+07
1.11466e+06
ratio: 0.000000
Gen:63
0.0960871,0.205278,0.113785,0.58485,31.3763,-5.15618e+07
947641
ratio: 0.000000
Gen:64
0.0960871,0.205278,0.113785,0.58485,31.3763,-5.15618e+07
866403
ratio: 0.000000
Gen:65
0.0960871,0.205278,0.113785,0.58485,31.3763,-5.15618e+07
1.08465e+06
ratio: 0.000000
Gen:66
0.0960871,0.205278,0.113785,0.58485,31.3763,-5.15618e+07
1.34811e+06
ratio: 0.000000
Gen:67
0.0960871,0.205278,0.113785,0.58485,31.3763,-5.15618e+07
999527
ratio: 0.000000
Gen:68
0.0960871,0.205278,0.113785,0.58485,31.3763,-5.15618e+07
991084
ratio: 0.000000
Gen:69
0.0960871,0.205278,0.113785,0.58485,31.3763,-5.15618e+07
838409
ratio: 0.000000
Gen:70
0.0960871,0.205278,0.113785,0.58485,31.3763,-5.15618e+07
972217
ratio: 0.000000
Gen:71
0.0960871,0.205278,0.113785,0.58485,31.3763,-5.15618e+07
846692
ratio: 0.000000
Gen:72
0.0960871,0.205278,0.113785,0.58485,31.3763,-5.15618e+07
1.26129e+06
ratio: 0.000000
Gen:73
0.0960871,0.205278,0.113785,0.58485,31.3763,-5.15618e+07
869715
ratio: 0.000000
Gen:74
0.0960871,0.205278,0.113785,0.58485,31.3763,-5.15618e+07
652795
ratio: 0.000000
Gen:75
0.0960871,0.205278,0.113785,0.58485,31.3763,-5.15618e+07
1.17766e+06
ratio: 0.000000
Gen:76
0.0960871,0.205278,0.113785,0.58485,31.3763,-5.15618e+07
1.18707e+06
ratio: 0.000000
Gen:77
0.0960871,0.205278,0.113785,0.58485,31.3763,-5.15618e+07
1.02041e+06
ratio: 0.000000
Gen:78
0.0960871,0.205278,0.113785,0.58485,31.3763,-5.15618e+07
1.16652e+06
ratio: 0.000000
Gen:79
0.0960871,0.205278,0.113785,0.58485,31.3763,-5.15618e+07
899674
ratio: 0.000000
FINAL Population size
18
Best : -5.15618e+07   9:1-26-8-51-41-36-54-18-65- ,  9:62-15-11-49-26-30-63-6-56- ,  9:0-50-17-10-16-26-30-24-42- ,  9:48-3-19-36-41-25-4-53-40- ,  9:68-59-10-52-64-58-41-27-12- ,  9:34-45-36-22-33-43-61-60-17- , 

0.0960871
0.205278
0.113785
0.58485
31.3763
-5.15618e+07
Initial : -5.90404e+07
0.0517919
0.136681
0.0870847
0.724443
40.3605

-----------------------------------------
Iteration:0 started

Gen:0
0.0714527,0.116002,0.0605917,0.751953,30.2552,-5.73923e+07
647470
Gen:1
0.0749778,0.111055,0.0553949,0.758573,28.0881,-5.71372e+07
692375
Gen:2
0.0727714,0.112487,0.0636133,0.751128,25.7959,-5.62925e+07
734608
Gen:3
0.0749518,0.118276,0.0690282,0.737744,26.3558,-5.58735e+07
609890
Gen:4
0.0783939,0.12015,0.0637119,0.737744,25.8603,-5.57484e+07
784443
Gen:5
0.0816647,0.126936,0.0709802,0.720419,26.5851,-5.52192e+07
417736
Gen:6
0.080346,0.127253,0.0724858,0.719916,26.2857,-5.51178e+07
947340
Gen:7
0.0843539,0.134858,0.0784354,0.702352,26.441,-5.44352e+07
730704
Gen:8
0.0874066,0.14588,0.0797645,0.686949,26.7222,-5.38846e+07
592672
Gen:9
0.0909733,0.157323,0.0817737,0.66993,26.9882,-5.32718e+07
853996
Gen:10
0.0909733,0.157323,0.0817737,0.66993,26.9882,-5.32718e+07
1.06431e+06
ratio: 0.000000
Gen:11
0.0933874,0.161793,0.0900959,0.654724,27.9112,-5.29595e+07
940747
Gen:12
0.0933874,0.161793,0.0900959,0.654724,27.9112,-5.29595e+07
1.00659e+06
ratio: 0.000000
Gen:13
0.0933874,0.161793,0.0900959,0.654724,27.9112,-5.29595e+07
575644
ratio: 0.000000
Gen:14
0.0933874,0.161793,0.0900959,0.654724,27.9112,-5.29595e+07
890409
ratio: 0.000000
Gen:15
0.0933874,0.161793,0.0900959,0.654724,27.9112,-5.29595e+07
801440
ratio: 0.000000
Gen:16
0.0933874,0.161793,0.0900959,0.654724,27.9112,-5.29595e+07
1.02234e+06
ratio: 0.000000
Gen:17
0.0933874,0.161793,0.0900959,0.654724,27.9112,-5.29595e+07
801410
ratio: 0.000000
Gen:18
0.0933874,0.161793,0.0900959,0.654724,27.9112,-5.29595e+07
721015
ratio: 0.000000
Gen:19
0.0933874,0.161793,0.0900959,0.654724,27.9112,-5.29595e+07
977967
ratio: 0.000000
Gen:20
0.0933874,0.161793,0.0900959,0.654724,27.9112,-5.29595e+07
691765
ratio: 0.000000
Gen:21
0.0933874,0.161793,0.0900959,0.654724,27.9112,-5.29595e+07
867792
ratio: 0.000000
Gen:22
0.0933874,0.161793,0.0900959,0.654724,27.9112,-5.29595e+07
831567
ratio: 0.000000
Gen:23
0.0933874,0.161793,0.0900959,0.654724,27.9112,-5.29595e+07
1.03739e+06
ratio: 0.000000
Gen:24
0.0933874,0.161793,0.0900959,0.654724,27.9112,-5.29595e+07
601451
ratio: 0.000000
Gen:25
0.0933874,0.161793,0.0900959,0.654724,27.9112,-5.29595e+07
656072
ratio: 0.000000
Gen:26
0.0933874,0.161793,0.0900959,0.654724,27.9112,-5.29595e+07
1.15696e+06
ratio: 0.000000
Gen:27
0.0956406,0.175909,0.0908123,0.637638,28.1142,-5.23499e+07
968012
Gen:28
0.0956406,0.175909,0.0908123,0.637638,28.1142,-5.23499e+07
950604
ratio: 0.000000
Gen:29
0.0956406,0.175909,0.0908123,0.637638,28.1142,-5.23499e+07
1.02411e+06
ratio: 0.000000
Gen:30
0.0955212,0.191972,0.0926138,0.619893,28.8517,-5.19165e+07
860598
Gen:31
0.0955212,0.191972,0.0926138,0.619893,28.8517,-5.19165e+07
823385
ratio: 0.000000
Gen:32
0.0955212,0.191972,0.0926138,0.619893,28.8517,-5.19165e+07
205506
ratio: 0.000000
Gen:33
0.0955212,0.191972,0.0926138,0.619893,28.8517,-5.19165e+07
585507
ratio: 0.000000
Gen:34
0.0955212,0.191972,0.0926138,0.619893,28.8517,-5.19165e+07
511227
ratio: 0.000000
Gen:35
0.0955212,0.191972,0.0926138,0.619893,28.8517,-5.19165e+07
983738
ratio: 0.000000
Gen:36
0.0955212,0.191972,0.0926138,0.619893,28.8517,-5.19165e+07
835670
ratio: 0.000000
Gen:37
0.093486,0.196244,0.10537,0.6049,30.3226,-5.18925e+07
1.04446e+06
Gen:38
0.093486,0.196244,0.10537,0.6049,30.3226,-5.18925e+07
728866
ratio: 0.000000
Gen:39
0.093486,0.196244,0.10537,0.6049,30.3226,-5.18925e+07
1.00288e+06
ratio: 0.000000
Gen:40
0.093486,0.196244,0.10537,0.6049,30.3226,-5.18925e+07
742652
ratio: 0.000000
Gen:41
0.093486,0.196244,0.10537,0.6049,30.3226,-5.18925e+07
1.2884e+06
ratio: 0.000000
Gen:42
0.093486,0.196244,0.10537,0.6049,30.3226,-5.18925e+07
860588
ratio: 0.000000
Gen:43
0.093486,0.196244,0.10537,0.6049,30.3226,-5.18925e+07
1.08363e+06
ratio: 0.000000
Gen:44
0.093486,0.196244,0.10537,0.6049,30.3226,-5.18925e+07
956015
ratio: 0.000000
Gen:45
0.0950747,0.194957,0.104913,0.605056,30.2898,-5.18859e+07
764874
Gen:46
0.0950747,0.194957,0.104913,0.605056,30.2898,-5.18859e+07
1.02485e+06
ratio: 0.000000
Gen:47
0.0950747,0.194957,0.104913,0.605056,30.2898,-5.18859e+07
901096
ratio: 0.000000
Gen:48
0.0950747,0.194957,0.104913,0.605056,30.2898,-5.18859e+07
861269
ratio: 0.000000
Gen:49
0.0950747,0.194957,0.104913,0.605056,30.2898,-5.18859e+07
778408
ratio: 0.000000
Gen:50
0.0950747,0.194957,0.104913,0.605056,30.2898,-5.18859e+07
1.13055e+06
ratio: 0.000000
Gen:51
0.0950747,0.194957,0.104913,0.605056,30.2898,-5.18859e+07
771093
ratio: 0.000000
Gen:52
0.0950747,0.194957,0.104913,0.605056,30.2898,-5.18859e+07
1.47133e+06
ratio: 0.000000
Gen:53
0.0950747,0.194957,0.104913,0.605056,30.2898,-5.18859e+07
796142
ratio: 0.000000
Gen:54
0.0950747,0.194957,0.104913,0.605056,30.2898,-5.18859e+07
185524
ratio: 0.000000
Gen:55
0.0950747,0.194957,0.104913,0.605056,30.2898,-5.18859e+07
775737
ratio: 0.000000
Gen:56
0.0950747,0.194957,0.104913,0.605056,30.2898,-5.18859e+07
1.05984e+06
ratio: 0.000000
Gen:57
0.0950747,0.194957,0.104913,0.605056,30.2898,-5.18859e+07
793846
ratio: 0.000000
Gen:58
0.0950747,0.194957,0.104913,0.605056,30.2898,-5.18859e+07
883638
ratio: 0.000000
Gen:59
0.0950747,0.194957,0.104913,0.605056,30.2898,-5.18859e+07
1.15746e+06
ratio: 0.000000
Gen:60
0.0950747,0.194957,0.104913,0.605056,30.2898,-5.18859e+07
1.11405e+06
ratio: 0.000000
Gen:61
0.0950747,0.194957,0.104913,0.605056,30.2898,-5.18859e+07
1.01267e+06
ratio: 0.000000
Gen:62
0.0950747,0.194957,0.104913,0.605056,30.2898,-5.18859e+07
861518
ratio: 0.000000
Gen:63
0.0946853,0.197423,0.105198,0.602693,30.4056,-5.18415e+07
944419
Gen:64
0.0946853,0.197423,0.105198,0.602693,30.4056,-5.18415e+07
1.24996e+06
ratio: 0.000000
Gen:65
0.0946853,0.197423,0.105198,0.602693,30.4056,-5.18415e+07
1.17205e+06
ratio: 0.000000
Gen:66
0.0946853,0.197423,0.105198,0.602693,30.4056,-5.18415e+07
920324
ratio: 0.000000
Gen:67
0.0946853,0.197423,0.105198,0.602693,30.4056,-5.18415e+07
1.35159e+06
ratio: 0.000000
Gen:68
0.0946853,0.197423,0.105198,0.602693,30.4056,-5.18415e+07
826784
ratio: 0.000000
Gen:69
0.0946853,0.197423,0.105198,0.602693,30.4056,-5.18415e+07
799657
ratio: 0.000000
Gen:70
0.0946853,0.197423,0.105198,0.602693,30.4056,-5.18415e+07
647430
ratio: 0.000000
Gen:71
0.0946853,0.197423,0.105198,0.602693,30.4056,-5.18415e+07
1.12998e+06
ratio: 0.000000
Gen:72
0.0946853,0.197423,0.105198,0.602693,30.4056,-5.18415e+07
1.07879e+06
ratio: 0.000000
Gen:73
0.0946853,0.197423,0.105198,0.602693,30.4056,-5.18415e+07
1.08181e+06
ratio: 0.000000
Gen:74
0.0946853,0.197423,0.105198,0.602693,30.4056,-5.18415e+07
894629
ratio: 0.000000
Gen:75
0.0946853,0.197423,0.105198,0.602693,30.4056,-5.18415e+07
504781
ratio: 0.000000
Gen:76
0.0946853,0.197423,0.105198,0.602693,30.4056,-5.18415e+07
738508
ratio: 0.000000
Gen:77
0.0946853,0.197423,0.105198,0.602693,30.4056,-5.18415e+07
1.19491e+06
ratio: 0.000000
Gen:78
0.0946853,0.197423,0.105198,0.602693,30.4056,-5.18415e+07
1.11204e+06
ratio: 0.000000
Gen:79
0.0946853,0.197423,0.105198,0.602693,30.4056,-5.18415e+07
581074
ratio: 0.000000
Gen:80
0.0946853,0.197423,0.105198,0.602693,30.4056,-5.18415e+07
907174
ratio: 0.000000
Gen:81
0.0954069,0.198316,0.10605,0.600227,30.472,-5.17748e+07
1.09058e+06
Gen:82
0.0954069,0.198316,0.10605,0.600227,30.472,-5.17748e+07
526900
ratio: 0.000000
Gen:83
0.0954069,0.198316,0.10605,0.600227,30.472,-5.17748e+07
816034
ratio: 0.000000
Gen:84
0.0954069,0.198316,0.10605,0.600227,30.472,-5.17748e+07
712798
ratio: 0.000000
Gen:85
0.0954069,0.198316,0.10605,0.600227,30.472,-5.17748e+07
760726
ratio: 0.000000
Gen:86
0.0954069,0.198316,0.10605,0.600227,30.472,-5.17748e+07
1.38662e+06
ratio: 0.000000
Gen:87
0.0954069,0.198316,0.10605,0.600227,30.472,-5.17748e+07
1.27353e+06
ratio: 0.000000
Gen:88
0.0954069,0.198316,0.10605,0.600227,30.472,-5.17748e+07
886789
ratio: 0.000000
Gen:89
0.0954069,0.198316,0.10605,0.600227,30.472,-5.17748e+07
910816
ratio: 0.000000
Gen:90
0.0954069,0.198316,0.10605,0.600227,30.472,-5.17748e+07
1.11129e+06
ratio: 0.000000
Gen:91
0.0954069,0.198316,0.10605,0.600227,30.472,-5.17748e+07
609503
ratio: 0.000000
Gen:92
0.0954069,0.198316,0.10605,0.600227,30.472,-5.17748e+07
1.07826e+06
ratio: 0.000000
Gen:93
0.0954069,0.198316,0.10605,0.600227,30.472,-5.17748e+07
1.20578e+06
ratio: 0.000000
Gen:94
0.0954069,0.198316,0.10605,0.600227,30.472,-5.17748e+07
682149
ratio: 0.000000
Gen:95
0.0954069,0.198316,0.10605,0.600227,30.472,-5.17748e+07
1.04771e+06
ratio: 0.000000
Gen:96
0.0954069,0.198316,0.10605,0.600227,30.472,-5.17748e+07
772408
ratio: 0.000000
Gen:97
0.0954069,0.198316,0.10605,0.600227,30.472,-5.17748e+07
1.21054e+06
ratio: 0.000000
Gen:98
0.0954069,0.198316,0.10605,0.600227,30.472,-5.17748e+07
1.31813e+06
ratio: 0.000000
Gen:99
0.0954069,0.198316,0.10605,0.600227,30.472,-5.17748e+07
1.23038e+06
ratio: 0.000000
Gen:100
0.0954069,0.198316,0.10605,0.600227,30.472,-5.17748e+07
1.02928e+06
ratio: 0.000000
Gen:101
0.0954069,0.198316,0.10605,0.600227,30.472,-5.17748e+07
830571
ratio: 0.000000
FINAL Population size
18
Best : -5.17748e+07   9:62-26-8-51-41-36-54-18-67- ,  9:31-11-15-30-63-6-47-7-40- ,  9:9-17-20-33-22-19-18-32-37- ,  9:38-36-45-58-64-52-55-16-1- ,  9:69-23-50-43-20-55-8-56-28- ,  9:24-21-30-26-16-10-17-60-44- , 

0.0954069
0.198316
0.10605
0.600227
30.472
-5.17748e+07
All Run Best : -5.14652e+07   9:3-23-69-38-36-41-35-6-63- ,  9:54-66-18-67-27-25-4-53-40- ,  10:31-1-16-10-20-33-22-19-18-32- ,  9:13-50-0-69-18-65-39-48-29- ,  9:9-68-59-10-52-64-58-41-27- ,  9:8-28-10-17-44-61-43-13-33- , 

0.0901686
0.219446
0.112664
0.577722
31.7784
-5.14652e+07
