routeSetSize:15,pSwap:0.0666667,popSize:25,elite:2,pSm:0.3,prcm:0.6,pDelete:0.4,tFit:10,maxGen:300,run:10,stableCount:20,e:0.7,minGen:1,minFitnessRatio:1e-05,minRouteLength:10,maxRouteLength:30,maxIter:1,beta:0.8,beta:0.8, OpATT19.2695
minRputeSize: 10 maxRouteSize: 30
Initial : -2.24321e+07
0.461797
0.491535
0.0461122
0.000555507
23.2664

-----------------------------------------
Iteration:0 started

Gen:0
0.471573,0.49085,0.0368348,0.000742406,23.0842,-2.22651e+07
445780
Time: 3.474785
Gen:1
0.471573,0.49085,0.0368348,0.000742406,23.0842,-2.22651e+07
277846
ratio: 0.000000 stable count: 0
Time: 3.508696
Gen:2
0.472258,0.490164,0.0368348,0.000742406,23.0808,-2.22618e+07
95769.5
Time: 3.975001
Gen:3
0.473022,0.489401,0.0368348,0.000742406,23.077,-2.22581e+07
73066.6
Time: 3.374433
Gen:4
0.474382,0.488908,0.0364558,0.000254391,23.0851,-2.22443e+07
39486.4
Time: 4.011959
Gen:5
0.475358,0.487932,0.0364558,0.000254391,23.0797,-2.2239e+07
77980.5
Time: 4.029321
Gen:6
0.479921,0.485881,0.0338703,0.000327074,23.0148,-2.21798e+07
24781.7
Time: 4.198725
Gen:7
0.477414,0.492381,0.0301323,7.26831e-05,23.0163,-2.21699e+07
226382
Time: 4.030138
Gen:8
0.476848,0.495574,0.0275054,7.26831e-05,22.9665,-2.21219e+07
66396.7
Time: 3.892443
Gen:9
0.477274,0.495148,0.0275054,7.26831e-05,22.9572,-2.21129e+07
29831.8
Time: 4.545184
Gen:10
0.487548,0.487595,0.0247849,7.26831e-05,22.8846,-2.20431e+07
50021.9
Time: 4.282881
Gen:11
0.488425,0.487127,0.0243748,7.26831e-05,22.8766,-2.20353e+07
59870.9
Time: 4.014192
Gen:12
0.489339,0.486214,0.0243748,7.26831e-05,22.8747,-2.20336e+07
77292.4
Time: 3.985054
Gen:13
0.495673,0.48123,0.023025,7.26831e-05,22.8387,-2.19989e+07
55134.9
Time: 3.921897
Gen:14
0.512416,0.463002,0.0245098,7.26831e-05,22.8053,-2.19667e+07
22180.8
Time: 4.345464
Gen:15
0.512416,0.463002,0.0245098,7.26831e-05,22.8053,-2.19667e+07
39364.3
ratio: 0.000000 stable count: -12
Time: 4.066046
Gen:16
0.512416,0.463002,0.0245098,7.26831e-05,22.8053,-2.19667e+07
85773.2
ratio: 0.000000 stable count: -11
Time: 4.629146
Gen:17
0.523573,0.457774,0.0185809,7.26831e-05,22.717,-2.18816e+07
27318.6
Time: 3.515084
Gen:18
0.520593,0.460754,0.0185809,7.26831e-05,22.7049,-2.187e+07
53261.4
Time: 4.093301
Gen:19
0.530986,0.450298,0.0186432,7.26831e-05,22.6754,-2.18416e+07
28008.1
Time: 4.596458
Gen:20
0.539667,0.44101,0.0192506,7.26831e-05,22.6639,-2.18305e+07
83014.1
Time: 3.864346
Gen:21
0.540352,0.440932,0.0186432,7.26831e-05,22.6582,-2.18251e+07
17575.9
Time: 4.914466
Gen:22
0.539703,0.440584,0.01964,7.26831e-05,22.6562,-2.18232e+07
19127.9
Time: 3.815621
Gen:23
0.553295,0.429401,0.0172311,7.26831e-05,22.6078,-2.17765e+07
17762.3
Time: 4.356841
Gen:24
0.549816,0.432002,0.01815,3.11499e-05,22.5706,-2.17388e+07
24581.6
Time: 4.298816
Gen:25
0.549816,0.432002,0.01815,3.11499e-05,22.5706,-2.17388e+07
43938.9
ratio: 0.000000 stable count: -18
Time: 3.828012
Gen:26
0.550481,0.431338,0.01815,3.11499e-05,22.5638,-2.17322e+07
20436.8
Time: 3.727030
Gen:27
0.550149,0.43275,0.0170701,3.11499e-05,22.5472,-2.17163e+07
48268.4
Time: 4.017187
Gen:28
0.557838,0.425419,0.0167119,3.11499e-05,22.5168,-2.1687e+07
45994.6
Time: 4.770623
Gen:29
0.558497,0.424879,0.0165925,3.11499e-05,22.5099,-2.16803e+07
32495.4
Time: 4.459639
Gen:30
0.558497,0.424879,0.0165925,3.11499e-05,22.5099,-2.16803e+07
31391.8
ratio: 0.000000 stable count: -21
Time: 3.765839
Gen:31
0.558523,0.424853,0.0165925,3.11499e-05,22.5098,-2.16802e+07
2297.63
ratio: 0.000003 stable count: -20
Time: 4.210589
Gen:32
0.577062,0.411854,0.0110842,0,22.4429,-2.16144e+07
10000.7
Time: 4.210128
Gen:33
0.584912,0.408609,0.00647918,0,22.3709,-2.15451e+07
45578.6
Time: 4.184029
Gen:34
0.584912,0.408609,0.00647918,0,22.3709,-2.15451e+07
46286.8
ratio: 0.000000 stable count: -21
Time: 3.937626
Gen:35
0.601053,0.390121,0.0088258,0,22.3357,-2.15112e+07
56713.4
Time: 3.923940
Gen:36
0.601053,0.390121,0.0088258,0,22.3357,-2.15112e+07
35640
ratio: 0.000000 stable count: -21
Time: 4.589477
Gen:37
0.602174,0.389,0.0088258,0,22.3321,-2.15077e+07
26310.3
Time: 4.600391
Gen:38
0.600908,0.390267,0.0088258,0,22.3229,-2.14988e+07
277496
Time: 4.172382
Gen:39
0.603971,0.389093,0.00693604,0,22.2933,-2.14703e+07
22368.4
Time: 3.954080
Gen:40
0.613269,0.380553,0.00617806,0,22.2508,-2.14294e+07
34162.9
Time: 3.310617
Gen:41
0.613269,0.380553,0.00617806,0,22.2508,-2.14294e+07
28087.3
ratio: 0.000000 stable count: -24
Time: 3.999707
Gen:42
0.614878,0.377864,0.00725793,0,22.2168,-2.13966e+07
22973.1
Time: 4.005290
Gen:43
0.612391,0.383964,0.00364454,0,22.1753,-2.13567e+07
23189.6
Time: 3.578083
Gen:44
0.612589,0.383767,0.00364454,0,22.1751,-2.13565e+07
77789
ratio: 0.000009 stable count: -25
Time: 4.465004
Gen:45
0.613689,0.382666,0.00364454,0,22.1724,-2.13539e+07
20320.5
Time: 3.810472
Gen:46
0.615107,0.381249,0.00364454,0,22.1596,-2.13415e+07
32300.2
Time: 3.826562
Gen:47
0.610413,0.38684,0.00274638,0,22.1493,-2.13317e+07
46915.3
Time: 4.060782
Gen:48
0.611737,0.385516,0.00274638,0,22.1381,-2.13209e+07
27566.5
Time: 4.510603
Gen:49
0.607381,0.389872,0.00274638,0,22.1231,-2.13064e+07
27932.1
Time: 4.301098
Gen:50
0.607381,0.389872,0.00274638,0,22.1231,-2.13064e+07
55899
ratio: 0.000000 stable count: -29
Time: 3.801554
Gen:51
0.608752,0.388502,0.00274638,0,22.1199,-2.13034e+07
38718.6
Time: 4.481475
Gen:52
0.608311,0.388943,0.00274638,0,22.1157,-2.12993e+07
35260.1
Time: 2.692097
Gen:53
0.614099,0.382811,0.00308903,0,22.0851,-2.12698e+07
44373.7
Time: 4.471526
Gen:54
0.613814,0.383097,0.00308903,0,22.0724,-2.12576e+07
15405.6
Time: 4.062206
Gen:55
0.617806,0.378451,0.00374318,0,22.0632,-2.12488e+07
49469.8
Time: 3.812072
Gen:56
0.626186,0.370725,0.00308903,0,22.055,-2.12408e+07
9818.38
Time: 4.069081
Gen:57
0.617521,0.378736,0.00374318,0,22.0506,-2.12366e+07
55780
Time: 4.060800
Gen:58
0.621825,0.374432,0.00374318,0,22.0392,-2.12256e+07
13020.5
Time: 4.286763
Gen:59
0.628875,0.368394,0.00273081,0,21.9878,-2.11761e+07
8717.06
Time: 4.351404
Gen:60
0.630599,0.366671,0.00273081,0,21.9807,-2.11693e+07
50151.9
Time: 4.762300
Gen:61
0.630599,0.366671,0.00273081,0,21.9807,-2.11693e+07
22971.9
ratio: 0.000000 stable count: -38
Time: 3.209673
Gen:62
0.632395,0.364874,0.00273081,0,21.9661,-2.11552e+07
14212.1
Time: 4.332093
Gen:63
0.632395,0.364874,0.00273081,0,21.9601,-2.11495e+07
23158.7
Time: 4.389639
Gen:64
0.632395,0.364874,0.00273081,0,21.9601,-2.11495e+07
74441.6
ratio: 0.000000 stable count: -39
Time: 4.366047
Gen:65
0.634217,0.363364,0.00241931,0,21.9543,-2.11438e+07
34248.7
Time: 4.643560
Gen:66
0.634217,0.363364,0.00241931,0,21.9535,-2.11431e+07
62263.3
Time: 4.482011
Gen:67
0.635577,0.362003,0.00241931,0,21.949,-2.11388e+07
35080.6
Time: 4.719444
Gen:68
0.637005,0.360576,0.00241931,0,21.9455,-2.11354e+07
36159.7
Time: 4.004601
Gen:69
0.637005,0.360576,0.00241931,0,21.9455,-2.11354e+07
12911
ratio: 0.000000 stable count: -42
Time: 4.761835
Gen:70
0.637005,0.360576,0.00241931,0,21.9455,-2.11354e+07
27401
ratio: 0.000000 stable count: -41
Time: 4.294826
Gen:71
0.637005,0.360576,0.00241931,0,21.9455,-2.11354e+07
38616.4
ratio: 0.000000 stable count: -40
Time: 3.785442
Gen:72
0.637005,0.360576,0.00241931,0,21.9455,-2.11354e+07
45423.9
ratio: 0.000000 stable count: -39
Time: 4.709735
Gen:73
0.637005,0.360576,0.00241931,0,21.9455,-2.11354e+07
56165.1
ratio: 0.000000 stable count: -38
Time: 4.945870
Gen:74
0.637259,0.360321,0.00241931,0,21.9445,-2.11344e+07
44960.6
Time: 4.684386
Gen:75
0.637259,0.360321,0.00241931,0,21.9445,-2.11344e+07
15585.5
ratio: 0.000000 stable count: -38
Time: 4.326714
Gen:76
0.637259,0.360321,0.00241931,0,21.9445,-2.11344e+07
29963.1
ratio: 0.000000 stable count: -37
Time: 4.722699
Gen:77
0.637659,0.359922,0.00241931,0,21.9314,-2.11218e+07
17802.7
Time: 4.285884
Gen:78
0.637659,0.359922,0.00241931,0,21.9314,-2.11218e+07
16821.7
ratio: 0.000000 stable count: -37
Time: 3.523090
Gen:79
0.637659,0.359922,0.00241931,0,21.9314,-2.11218e+07
5506.53
ratio: 0.000000 stable count: -36
Time: 3.583033
Gen:80
0.637659,0.359922,0.00241931,0,21.9314,-2.11218e+07
5808.02
ratio: 0.000000 stable count: -35
Time: 3.581720
Gen:81
0.639269,0.358312,0.00241931,0,21.9258,-2.11164e+07
3012.93
Time: 4.082102
Gen:82
0.639269,0.358312,0.00241931,0,21.9258,-2.11164e+07
28041.9
ratio: 0.000000 stable count: -35
Time: 4.613690
Gen:83
0.6404,0.35718,0.00241931,0,21.9223,-2.1113e+07
76527.8
Time: 5.045687
Gen:84
0.643033,0.353634,0.00333304,0,21.9205,-2.11113e+07
49596.5
Time: 4.532560
Gen:85
0.643033,0.353634,0.00333304,0,21.9205,-2.11113e+07
10806.5
ratio: 0.000000 stable count: -36
Time: 4.093835
Gen:86
0.645675,0.350992,0.00333304,0,21.9032,-2.10946e+07
45500.1
Time: 4.346178
Gen:87
0.645675,0.350992,0.00333304,0,21.9032,-2.10946e+07
29250.1
ratio: 0.000000 stable count: -36
Time: 4.119997
Gen:88
0.648531,0.348136,0.00333304,0,21.8922,-2.1084e+07
23064.3
Time: 3.779901
Gen:89
0.648531,0.348136,0.00333304,0,21.8922,-2.1084e+07
7936.75
ratio: 0.000000 stable count: -36
Time: 4.042583
Gen:90
0.648531,0.348136,0.00333304,0,21.8922,-2.1084e+07
49514.2
ratio: 0.000000 stable count: -35
Time: 4.163134
Gen:91
0.648531,0.348136,0.00333304,0,21.8922,-2.1084e+07
51842.2
ratio: 0.000000 stable count: -34
Time: 4.037050
Gen:92
0.649574,0.347093,0.00333304,0,21.8859,-2.1078e+07
18442.5
Time: 5.241883
Gen:93
0.649574,0.347093,0.00333304,0,21.8859,-2.1078e+07
25134.9
ratio: 0.000000 stable count: -34
Time: 4.957758
Gen:94
0.649574,0.347093,0.00333304,0,21.8859,-2.1078e+07
24706.1
ratio: 0.000000 stable count: -33
Time: 5.075091
Gen:95
0.650706,0.345961,0.00333304,0,21.8824,-2.10746e+07
28348
Time: 4.104318
Gen:96
0.650706,0.345961,0.00333304,0,21.8824,-2.10746e+07
28089.3
ratio: 0.000000 stable count: -33
Time: 4.890181
Gen:97
0.650706,0.345961,0.00333304,0,21.8824,-2.10746e+07
35479
ratio: 0.000000 stable count: -32
Time: 3.747458
Gen:98
0.650706,0.345961,0.00333304,0,21.8824,-2.10746e+07
11258.1
ratio: 0.000000 stable count: -31
Time: 3.455751
Gen:99
0.650706,0.345961,0.00333304,0,21.8824,-2.10746e+07
20407.9
ratio: 0.000000 stable count: -30
Time: 4.126220
Gen:100
0.650706,0.345961,0.00333304,0,21.8824,-2.10746e+07
12197.5
ratio: 0.000000 stable count: -29
Time: 4.813376
Gen:101
0.650706,0.345961,0.00333304,0,21.8824,-2.10746e+07
33228.7
ratio: 0.000000 stable count: -28
Time: 4.648476
Gen:102
0.650706,0.345961,0.00333304,0,21.8824,-2.10746e+07
49481.2
ratio: 0.000000 stable count: -27
Time: 5.130571
Gen:103
0.650706,0.345961,0.00333304,0,21.8824,-2.10746e+07
29990.1
ratio: 0.000000 stable count: -26
Time: 5.377292
Gen:104
0.650706,0.345961,0.00333304,0,21.8824,-2.10746e+07
50230.8
ratio: 0.000000 stable count: -25
Time: 4.330237
Gen:105
0.650706,0.345961,0.00333304,0,21.8824,-2.10746e+07
46535.4
ratio: 0.000000 stable count: -24
Time: 3.421764
Gen:106
0.650706,0.345961,0.00333304,0,21.8824,-2.10746e+07
26992
ratio: 0.000000 stable count: -23
Time: 3.126060
Gen:107
0.650758,0.345909,0.00333304,0,21.8821,-2.10743e+07
16368.8
Time: 4.352905
Gen:108
0.650758,0.345909,0.00333304,0,21.8821,-2.10743e+07
10657
ratio: 0.000000 stable count: -23
Time: 4.694570
Gen:109
0.650758,0.345909,0.00333304,0,21.8821,-2.10743e+07
31685.5
