routeSetSize:15,pSwap:0.06667,popSize:18,elite:2,pSm:0.7,pDelete:0.4,tFit:10,maxGen:250,run:1,stableCount:20,e:0.7,minGen:1,minFitnessRatio:1e-05,minRouteLength:10,maxRouteLength:30,maxIter:1,beta:0.8,beta:0.8, OpATT19.2695
Initial : -2.24321e+07
0.461797
0.495039
0.0426079
0.000555507
23.2664

-----------------------------------------
Iteration:0 started

Gen:0
0.461797,0.495039,0.0426079,0.000555507,23.2664,-2.24321e+07
482092
ratio: 0.000000
Gen:1
0.464788,0.493093,0.0415643,0.000555507,23.2475,-2.24139e+07
187712
Gen:2
0.464788,0.493093,0.0415643,0.000555507,23.2475,-2.24139e+07
80347.5
ratio: 0.000000
Gen:3
0.465219,0.492662,0.0415643,0.000555507,23.2458,-2.24123e+07
119118
Gen:4
0.467887,0.492703,0.0388543,0.000555507,23.2176,-2.23852e+07
73636.7
Gen:5
0.46987,0.491603,0.0379717,0.000555507,23.2013,-2.23694e+07
121522
Gen:6
0.472367,0.489541,0.0375356,0.000555507,23.1515,-2.23215e+07
156675
Gen:7
0.474808,0.492921,0.0322713,0,23.0758,-2.2224e+07
122180
Gen:8
0.474647,0.49385,0.0315029,0,23.0719,-2.22202e+07
126542
Gen:9
0.477611,0.493347,0.0290421,0,23.0556,-2.22045e+07
102825
Gen:10
0.479018,0.492127,0.0288552,0,23.0474,-2.21966e+07
113748
Gen:11
0.480248,0.490896,0.0288552,0,23.0363,-2.2186e+07
161063
Gen:12
0.480248,0.490896,0.0288552,0,23.0363,-2.2186e+07
115649
ratio: 0.000000
Gen:13
0.480331,0.490289,0.0293795,0,23.0313,-2.21811e+07
145270
Gen:14
0.478608,0.491431,0.029961,0,23.0284,-2.21783e+07
116342
Gen:15
0.478608,0.491431,0.029961,0,23.0284,-2.21783e+07
105883
ratio: 0.000000
Gen:16
0.478982,0.491057,0.029961,0,23.0269,-2.21768e+07
111385
Gen:17
0.479506,0.490533,0.029961,0,23.0236,-2.21737e+07
104508
Gen:18
0.479387,0.490652,0.029961,0,23.0232,-2.21733e+07
126654
Gen:19
0.480903,0.489136,0.029961,0,23.0135,-2.2164e+07
110404
Gen:20
0.481375,0.489188,0.0294367,0,23.0036,-2.21545e+07
61402.9
Gen:21
0.483566,0.486998,0.0294367,0,22.9928,-2.21441e+07
113905
Gen:22
0.48394,0.486624,0.0294367,0,22.9917,-2.2143e+07
110062
Gen:23
0.48394,0.486624,0.0294367,0,22.9917,-2.2143e+07
114859
ratio: 0.000000
Gen:24
0.483488,0.487075,0.0294367,0,22.9847,-2.21362e+07
104264
Gen:25
0.483488,0.487075,0.0294367,0,22.9847,-2.21362e+07
86229.5
ratio: 0.000000
Gen:26
0.485835,0.485154,0.0290109,0,22.9685,-2.21206e+07
74545
Gen:27
0.486188,0.484801,0.0290109,0,22.9667,-2.21189e+07
49697.5
Gen:28
0.487091,0.483898,0.0290109,0,22.9631,-2.21154e+07
101962
Gen:29
0.488301,0.4834,0.0282997,0,22.9482,-2.2101e+07
91335.3
Gen:30
0.488534,0.483166,0.0282997,0,22.9475,-2.21004e+07
102379
Gen:31
0.488534,0.483166,0.0282997,0,22.9475,-2.21004e+07
129828
ratio: 0.000000
Gen:32
0.489204,0.482496,0.0282997,0,22.9446,-2.20976e+07
93384.5
Gen:33
0.490517,0.481183,0.0282997,0,22.9323,-2.20858e+07
92504.7
Gen:34
0.490517,0.481183,0.0282997,0,22.9323,-2.20858e+07
116027
ratio: 0.000000
Gen:35
0.490964,0.480736,0.0282997,0,22.9305,-2.2084e+07
105974
Gen:36
0.493617,0.481879,0.0245046,0,22.9007,-2.20553e+07
90616.5
Gen:37
0.493617,0.481879,0.0245046,0,22.9007,-2.20553e+07
93497.4
ratio: 0.000000
Gen:38
0.495112,0.480383,0.0245046,0,22.8977,-2.20524e+07
103741
Gen:39
0.495112,0.480383,0.0245046,0,22.8977,-2.20524e+07
106727
ratio: 0.000000
Gen:40
0.495569,0.479926,0.0245046,0,22.8954,-2.20502e+07
106407
Gen:41
0.495569,0.479926,0.0245046,0,22.8954,-2.20502e+07
90566
ratio: 0.000000
Gen:42
0.495569,0.479926,0.0245046,0,22.8954,-2.20502e+07
135150
ratio: 0.000000
Gen:43
0.495569,0.479926,0.0245046,0,22.8954,-2.20502e+07
104691
ratio: 0.000000
Gen:44
0.495569,0.479926,0.0245046,0,22.8954,-2.20502e+07
97507.3
ratio: 0.000000
Gen:45
0.495569,0.479926,0.0245046,0,22.8954,-2.20502e+07
90600.8
ratio: 0.000000
Gen:46
0.495974,0.479522,0.0245046,0,22.8934,-2.20483e+07
65017.8
Gen:47
0.495569,0.479926,0.0245046,0,22.8919,-2.20468e+07
98224.2
Gen:48
0.495569,0.479926,0.0245046,0,22.8919,-2.20468e+07
123245
ratio: 0.000000
Gen:49
0.496119,0.479376,0.0245046,0,22.8847,-2.20399e+07
111286
Gen:50
0.496431,0.479065,0.0245046,0,22.8842,-2.20394e+07
141787
Gen:51
0.496119,0.479376,0.0245046,0,22.8709,-2.20267e+07
108496
Gen:52
0.496524,0.478971,0.0245046,0,22.8689,-2.20247e+07
119089
Gen:53
0.496976,0.478982,0.0240425,0,22.8658,-2.20217e+07
81874.9
Gen:54
0.497599,0.477897,0.0245046,0,22.8619,-2.2018e+07
102450
Gen:55
0.499001,0.476495,0.0245046,0,22.859,-2.20151e+07
119657
Gen:56
0.499354,0.476142,0.0245046,0,22.8522,-2.20086e+07
91360.5
Gen:57
0.499115,0.476381,0.0245046,0,22.8501,-2.20066e+07
51495.1
Gen:58
0.499115,0.476381,0.0245046,0,22.8501,-2.20066e+07
77696.9
ratio: 0.000000
Gen:59
0.500226,0.47555,0.0242242,0,22.8377,-2.19946e+07
67449.4
Gen:60
0.500226,0.47555,0.0242242,0,22.8377,-2.19946e+07
125594
ratio: 0.000000
Gen:61
0.500226,0.47555,0.0242242,0,22.8377,-2.19946e+07
110423
ratio: 0.000000
Gen:62
0.500449,0.475327,0.0242242,0,22.8372,-2.19942e+07
89231
Gen:63
0.500449,0.475327,0.0242242,0,22.8372,-2.19942e+07
80761.8
ratio: 0.000000
Gen:64
0.501119,0.474657,0.0242242,0,22.8357,-2.19927e+07
72071.8
Gen:65
0.501794,0.473982,0.0242242,0,22.8337,-2.19908e+07
103489
Gen:66
0.501794,0.473982,0.0242242,0,22.8337,-2.19908e+07
119240
ratio: 0.000000
Gen:67
0.501991,0.474958,0.0230509,0,22.8297,-2.1987e+07
68624.7
Gen:68
0.501991,0.474958,0.0230509,0,22.8297,-2.1987e+07
99793.4
ratio: 0.000000
Gen:69
0.501991,0.474958,0.0230509,0,22.8297,-2.1987e+07
111254
ratio: 0.000000
Gen:70
0.501991,0.474958,0.0230509,0,22.8297,-2.1987e+07
135456
ratio: 0.000000
Gen:71
0.501991,0.474958,0.0230509,0,22.8297,-2.1987e+07
98561.7
ratio: 0.000000
Gen:72
0.501991,0.474958,0.0230509,0,22.8297,-2.1987e+07
103950
ratio: 0.000000
Gen:73
0.501991,0.474958,0.0230509,0,22.8297,-2.1987e+07
92871.3
ratio: 0.000000
Gen:74
0.501991,0.474958,0.0230509,0,22.8297,-2.1987e+07
70798.6
ratio: 0.000000
Gen:75
0.502656,0.474294,0.0230509,0,22.8263,-2.19837e+07
115533
Gen:76
0.502656,0.474294,0.0230509,0,22.8263,-2.19837e+07
107784
ratio: 0.000000
Gen:77
0.502656,0.474294,0.0230509,0,22.8263,-2.19837e+07
107147
ratio: 0.000000
Gen:78
0.502656,0.474294,0.0230509,0,22.8239,-2.19813e+07
91960.6
Gen:79
0.502656,0.474294,0.0230509,0,22.8239,-2.19813e+07
88632.6
ratio: 0.000000
Gen:80
0.502656,0.474294,0.0230509,0,22.8239,-2.19813e+07
99274.3
ratio: 0.000000
Gen:81
0.502656,0.474294,0.0230509,0,22.8239,-2.19813e+07
77617.2
ratio: 0.000000
Gen:82
0.502931,0.474018,0.0230509,0,22.8163,-2.1974e+07
105985
Gen:83
0.503616,0.4746,0.0217842,0,22.8109,-2.19688e+07
97674.7
Gen:84
0.503616,0.4746,0.0217842,0,22.8109,-2.19688e+07
92110.6
ratio: 0.000000
Gen:85
0.503616,0.4746,0.0217842,0,22.8109,-2.19688e+07
110695
ratio: 0.000000
Gen:86
0.503616,0.4746,0.0217842,0,22.8109,-2.19688e+07
95094.1
ratio: 0.000000
Gen:87
0.503616,0.4746,0.0217842,0,22.8109,-2.19688e+07
108463
ratio: 0.000000
Gen:88
0.503616,0.4746,0.0217842,0,22.8105,-2.19685e+07
89163.4
Gen:89
0.503616,0.4746,0.0217842,0,22.8105,-2.19685e+07
98218.9
ratio: 0.000000
Gen:90
0.503616,0.4746,0.0217842,0,22.8105,-2.19685e+07
83433.1
ratio: 0.000000
Gen:91
0.503616,0.4746,0.0217842,0,22.8105,-2.19685e+07
39023.7
ratio: 0.000000
Gen:92
0.503616,0.4746,0.0217842,0,22.8105,-2.19685e+07
86610
ratio: 0.000000
Gen:93
0.503969,0.474247,0.0217842,0,22.804,-2.19622e+07
98093.6
Gen:94
0.503969,0.474247,0.0217842,0,22.804,-2.19622e+07
89159.7
ratio: 0.000000
Gen:95
0.503969,0.474247,0.0217842,0,22.804,-2.19622e+07
83359.3
ratio: 0.000000
Gen:96
0.503969,0.474247,0.0217842,0,22.804,-2.19622e+07
118881
ratio: 0.000000
Gen:97
0.503969,0.474247,0.0217842,0,22.804,-2.19622e+07
106730
ratio: 0.000000
Gen:98
0.505038,0.47365,0.0213117,0,22.7947,-2.19533e+07
47738
Gen:99
0.505038,0.47365,0.0213117,0,22.7947,-2.19533e+07
116365
ratio: 0.000000
Gen:100
0.505038,0.47365,0.0213117,0,22.7947,-2.19533e+07
108878
ratio: 0.000000
Gen:101
0.505038,0.47365,0.0213117,0,22.7947,-2.19533e+07
85289.4
ratio: 0.000000
Gen:102
0.505038,0.47365,0.0213117,0,22.7947,-2.19533e+07
72343.3
ratio: 0.000000
Gen:103
0.505038,0.47365,0.0213117,0,22.7947,-2.19533e+07
72085.6
ratio: 0.000000
Gen:104
0.505038,0.47365,0.0213117,0,22.7947,-2.19533e+07
99892.2
ratio: 0.000000
Gen:105
0.505038,0.47365,0.0213117,0,22.7947,-2.19533e+07
70279.4
ratio: 0.000000
Gen:106
0.505038,0.47365,0.0213117,0,22.7947,-2.19533e+07
121238
ratio: 0.000000
Gen:107
0.505038,0.47365,0.0213117,0,22.7947,-2.19533e+07
116873
ratio: 0.000000
Gen:108
0.505038,0.47365,0.0213117,0,22.7947,-2.19533e+07
94460
ratio: 0.000000
Gen:109
0.505038,0.47365,0.0213117,0,22.7947,-2.19533e+07
89091.8
ratio: 0.000000
Gen:110
0.505038,0.47365,0.0213117,0,22.7947,-2.19533e+07
113454
ratio: 0.000000
Gen:111
0.50562,0.473068,0.0213117,0,22.7815,-2.19406e+07
88797.4
Gen:112
0.50562,0.473068,0.0213117,0,22.7815,-2.19406e+07
80946.7
ratio: 0.000000
Gen:113
0.506124,0.472565,0.0213117,0,22.776,-2.19352e+07
97288
Gen:114
0.506124,0.472565,0.0213117,0,22.776,-2.19352e+07
94109.9
ratio: 0.000000
Gen:115
0.506913,0.472118,0.0209691,0,22.771,-2.19304e+07
87169
Gen:116
0.506913,0.472118,0.0209691,0,22.771,-2.19304e+07
105956
ratio: 0.000000
Gen:117
0.506913,0.472118,0.0209691,0,22.771,-2.19304e+07
120954
ratio: 0.000000
Gen:118
0.506913,0.472118,0.0209691,0,22.7698,-2.19292e+07
83476.6
Gen:119
0.506913,0.472118,0.0209691,0,22.7698,-2.19292e+07
115214
ratio: 0.000000
Gen:120
0.506544,0.472487,0.0209691,0,22.7635,-2.19232e+07
111666
Gen:121
0.506544,0.472487,0.0209691,0,22.7635,-2.19232e+07
90389.2
ratio: 0.000000
Gen:122
0.506544,0.472487,0.0209691,0,22.7635,-2.19232e+07
101846
ratio: 0.000000
Gen:123
0.506544,0.472487,0.0209691,0,22.7635,-2.19232e+07
93012.7
ratio: 0.000000
Gen:124
0.506544,0.472487,0.0209691,0,22.7635,-2.19232e+07
69234.1
ratio: 0.000000
Gen:125
0.507245,0.471786,0.0209691,0,22.7562,-2.19162e+07
97604.5
Gen:126
0.507245,0.471786,0.0209691,0,22.7562,-2.19162e+07
65078.7
ratio: 0.000000
Gen:127
0.50725,0.471781,0.0209691,0,22.7562,-2.19162e+07
93791.5
ratio: 0.000001
Gen:128
0.50725,0.471781,0.0209691,0,22.7562,-2.19162e+07
76760
ratio: 0.000000
Gen:129
0.50725,0.471781,0.0209691,0,22.7562,-2.19162e+07
90275.3
ratio: 0.000000
Gen:130
0.50725,0.471781,0.0209691,0,22.7562,-2.19162e+07
92940.9
ratio: 0.000000
Gen:131
0.50725,0.471781,0.0209691,0,22.7562,-2.19162e+07
90786.7
ratio: 0.000000
Gen:132
0.508532,0.470498,0.0209691,0,22.7529,-2.1913e+07
67094.5
Gen:133
0.508532,0.470498,0.0209691,0,22.7529,-2.1913e+07
119498
ratio: 0.000000
Gen:134
0.508532,0.470498,0.0209691,0,22.7529,-2.1913e+07
113119
ratio: 0.000000
Gen:135
0.508532,0.470498,0.0209691,0,22.7529,-2.1913e+07
97170.4
ratio: 0.000000
Gen:136
0.508532,0.470498,0.0209691,0,22.7529,-2.1913e+07
119721
ratio: 0.000000
Gen:137
0.508532,0.470498,0.0209691,0,22.7529,-2.1913e+07
102323
ratio: 0.000000
Gen:138
0.508532,0.470498,0.0209691,0,22.7529,-2.1913e+07
89165.3
ratio: 0.000000
Gen:139
0.508532,0.470498,0.0209691,0,22.7529,-2.1913e+07
86164.1
ratio: 0.000000
Gen:140
0.509815,0.469216,0.0209691,0,22.7476,-2.19078e+07
52844.5
Gen:141
0.509815,0.469216,0.0209691,0,22.7476,-2.19078e+07
115762
ratio: 0.000000
Gen:142
0.509815,0.469216,0.0209691,0,22.7476,-2.19078e+07
78691.3
ratio: 0.000000
Gen:143
0.509815,0.469216,0.0209691,0,22.7476,-2.19078e+07
71905.4
ratio: 0.000000
FINAL Population size
18
Best : -2.19078e+07   31:21-30-26-1-16-10-52-64-58-45-36-22-33-43-61-60-17-55-8-56-6-47-40-4-25-57-41-27-67-65-19- ,  31:52-10-17-50-2-14-60-61-43-20-55-16-26-49-62-21-6-35-34-25-41-36-38-3-66-18-67-27-12-4-53- ,  31:37-5-54-19-22-33-20-17-59-11-9-1-26-8-51-41-12-27-67-18-69-0-2-14-44-60-61-43-50-23-3- ,  31:17-44-14-2-50-13-22-38-69-23-3-19-36-41-51-8-26-1-11-59-10-52-64-35-34-25-27-67-18-66-29- ,  31:17-59-68-11-15-30-63-6-47-40-12-41-51-8-26-62-21-24-42-49-1-16-10-52-64-35-57-25-4-7-46- ,  31:4-25-34-45-58-33-13-22-36-41-51-56-8-52-20-43-50-0-69-18-65-39-48-29-23-2-14-61-17-10-28- ,  31:62-15-49-11-31-1-26-8-51-41-12-25-34-58-64-52-10-59-68-9-17-50-23-69-48-39-32-37-18-19-36- ,  31:35-64-51-56-28-10-17-44-61-43-13-33-58-41-12-40-46-7-4-25-27-67-65-39-48-66-54-5-18-69-23- ,  31:32-18-19-22-33-43-50-23-69-66-54-5-37-65-39-48-3-0-2-14-44-17-10-16-26-30-63-21-6-56-51- ,  30:62-24-63-6-35-41-27-67-5-54-36-45-34-51-8-26-49-42-15-11-9-17-20-33-22-38-18-32-65-19- ,  29:7-4-12-40-46-53-47-6-35-41-36-38-22-33-58-51-8-26-49-1-59-17-44-61-43-20-10-28-56- ,  31:64-58-34-41-12-4-40-53-46-7-47-6-56-8-26-1-31-11-59-10-55-16-9-49-15-30-63-21-62-42-24- ,  31:21-24-30-26-16-10-17-50-0-69-38-36-45-34-51-56-28-8-52-64-35-6-47-53-4-25-27-67-65-37-32- ,  31:0-23-3-69-48-29-19-36-41-25-4-53-47-6-56-8-26-16-9-17-20-33-22-38-18-67-27-12-40-7-46- ,  31:27-67-37-32-39-18-54-36-41-51-8-26-49-15-11-9-17-50-23-69-38-22-33-58-35-6-63-24-42-62-30- , 

0.509815
0.469216
0.0209691
0
22.7476
-2.19078e+07
All Run Best : -2.19078e+07   31:21-30-26-1-16-10-52-64-58-45-36-22-33-43-61-60-17-55-8-56-6-47-40-4-25-57-41-27-67-65-19- ,  31:52-10-17-50-2-14-60-61-43-20-55-16-26-49-62-21-6-35-34-25-41-36-38-3-66-18-67-27-12-4-53- ,  31:37-5-54-19-22-33-20-17-59-11-9-1-26-8-51-41-12-27-67-18-69-0-2-14-44-60-61-43-50-23-3- ,  31:17-44-14-2-50-13-22-38-69-23-3-19-36-41-51-8-26-1-11-59-10-52-64-35-34-25-27-67-18-66-29- ,  31:17-59-68-11-15-30-63-6-47-40-12-41-51-8-26-62-21-24-42-49-1-16-10-52-64-35-57-25-4-7-46- ,  31:4-25-34-45-58-33-13-22-36-41-51-56-8-52-20-43-50-0-69-18-65-39-48-29-23-2-14-61-17-10-28- ,  31:62-15-49-11-31-1-26-8-51-41-12-25-34-58-64-52-10-59-68-9-17-50-23-69-48-39-32-37-18-19-36- ,  31:35-64-51-56-28-10-17-44-61-43-13-33-58-41-12-40-46-7-4-25-27-67-65-39-48-66-54-5-18-69-23- ,  31:32-18-19-22-33-43-50-23-69-66-54-5-37-65-39-48-3-0-2-14-44-17-10-16-26-30-63-21-6-56-51- ,  30:62-24-63-6-35-41-27-67-5-54-36-45-34-51-8-26-49-42-15-11-9-17-20-33-22-38-18-32-65-19- ,  29:7-4-12-40-46-53-47-6-35-41-36-38-22-33-58-51-8-26-49-1-59-17-44-61-43-20-10-28-56- ,  31:64-58-34-41-12-4-40-53-46-7-47-6-56-8-26-1-31-11-59-10-55-16-9-49-15-30-63-21-62-42-24- ,  31:21-24-30-26-16-10-17-50-0-69-38-36-45-34-51-56-28-8-52-64-35-6-47-53-4-25-27-67-65-37-32- ,  31:0-23-3-69-48-29-19-36-41-25-4-53-47-6-56-8-26-16-9-17-20-33-22-38-18-67-27-12-40-7-46- ,  31:27-67-37-32-39-18-54-36-41-51-8-26-49-15-11-9-17-50-23-69-38-22-33-58-35-6-63-24-42-62-30- , 

0.509815
0.469216
0.0209691
0
22.7476
-2.19078e+07
