routeSetSize:15,pSwap:0.06667,popSize:18,elite:2,pSm:1,pDelete:0.4,tFit:10,maxGen:250,run:3,stableCount:20,e:0.7,minGen:1,minFitnessRatio:1e-05,minRouteLength:10,maxRouteLength:30,maxIter:1,beta:0.8,beta:0.8, OpATT19.2695
Initial : -2.24321e+07
0.461797
0.495039
0.0426079
0.000555507
23.2664

-----------------------------------------
Iteration:0 started

Gen:0
0.461797,0.495039,0.0426079,0.000555507,23.2664,-2.24321e+07
482092
ratio: 0.000000
Gen:1
0.463054,0.493087,0.0433036,0.000555507,23.2518,-2.2418e+07
168454
Gen:2
0.465598,0.494717,0.0391295,0.000555507,23.2305,-2.23976e+07
17153.3
Gen:3
0.46919,0.491836,0.0384182,0.000555507,23.214,-2.23817e+07
11566.9
Gen:4
0.468931,0.492168,0.0383455,0.000555507,23.1772,-2.23462e+07
23708.4
Gen:5
0.471454,0.490009,0.0379821,0.000555507,23.1677,-2.23371e+07
17158.9
Gen:6
0.47257,0.491208,0.0356666,0.000555507,23.1508,-2.23209e+07
8327.71
Gen:7
0.474081,0.489697,0.0356666,0.000555507,23.1454,-2.23156e+07
17023.9
Gen:8
0.473904,0.485772,0.039768,0.000555507,23.085,-2.22575e+07
10577.5
Gen:9
0.474833,0.488041,0.03657,0.000555507,23.0645,-2.22378e+07
28016.8
Gen:10
0.473868,0.489759,0.0358172,0.000555507,23.0451,-2.22191e+07
9794.43
Gen:11
0.475591,0.488794,0.0350592,0.000555507,23.0307,-2.22053e+07
10137.9
Gen:12
0.478151,0.493508,0.0283412,0,22.9832,-2.21348e+07
15424.1
Gen:13
0.478727,0.492932,0.0283412,0,22.9804,-2.2132e+07
28721.8
Gen:14
0.478976,0.492682,0.0283412,0,22.9707,-2.21227e+07
4890.21
Gen:15
0.479864,0.491795,0.0283412,0,22.9661,-2.21183e+07
7643.37
Gen:16
0.482906,0.490408,0.0266851,0,22.9583,-2.21108e+07
5895.89
Gen:17
0.483431,0.489884,0.0266851,0,22.955,-2.21077e+07
6007.39
Gen:18
0.485253,0.488488,0.0262594,0,22.9421,-2.20952e+07
10415.8
Gen:19
0.486655,0.487086,0.0262594,0,22.9391,-2.20923e+07
5638.7
Gen:20
0.486888,0.486852,0.0262594,0,22.9357,-2.2089e+07
9266.26
Gen:21
0.486665,0.487075,0.0262594,0,22.9295,-2.20831e+07
18491.7
Gen:22
0.486655,0.487086,0.0262594,0,22.9233,-2.20771e+07
7218.39
Gen:23
0.486432,0.487309,0.0262594,0,22.9172,-2.20712e+07
17508.3
Gen:24
0.490092,0.485617,0.0242917,0,22.8921,-2.2047e+07
6495.83
Gen:25
0.490102,0.485606,0.0242917,0,22.8825,-2.20378e+07
11269.4
Gen:26
0.488986,0.486722,0.0242917,0,22.8718,-2.20274e+07
14402.1
Gen:27
0.489339,0.486369,0.0242917,0,22.8642,-2.20202e+07
24171.2
Gen:28
0.490954,0.484755,0.0242917,0,22.8588,-2.2015e+07
6045.53
Gen:29
0.490606,0.485103,0.0242917,0,22.8522,-2.20086e+07
5607.36
Gen:30
0.492797,0.482912,0.0242917,0,22.8413,-2.19982e+07
3211.55
Gen:31
0.492797,0.482912,0.0242917,0,22.8413,-2.19982e+07
3959.82
ratio: 0.000000
Gen:32
0.492558,0.483151,0.0242917,0,22.8393,-2.19962e+07
2384.81
Gen:33
0.492963,0.482746,0.0242917,0,22.8364,-2.19934e+07
3503.56
Gen:34
0.495366,0.481053,0.0235805,0,22.8316,-2.19887e+07
16240.8
Gen:35
0.495668,0.480752,0.0235805,0,22.8304,-2.19876e+07
8777.66
Gen:36
0.495403,0.480207,0.0243904,0,22.8159,-2.19736e+07
3188.99
Gen:37
0.495403,0.480207,0.0243904,0,22.8159,-2.19736e+07
5693.31
ratio: 0.000000
Gen:38
0.496301,0.479309,0.0243904,0,22.8108,-2.19687e+07
4861.93
Gen:39
0.496919,0.478691,0.0243904,0,22.8061,-2.19642e+07
6902.55
Gen:40
0.497594,0.478016,0.0243904,0,22.8034,-2.19616e+07
5732.29
Gen:41
0.498144,0.477466,0.0243904,0,22.8002,-2.19585e+07
3936.66
Gen:42
0.498653,0.476957,0.0243904,0,22.7973,-2.19558e+07
3490.85
Gen:43
0.498653,0.476957,0.0243904,0,22.7973,-2.19558e+07
5593.52
ratio: 0.000000
Gen:44
0.499509,0.476723,0.0237674,0,22.7918,-2.19504e+07
2934.93
Gen:45
0.499509,0.476723,0.0237674,0,22.7918,-2.19504e+07
5202.22
ratio: 0.000000
Gen:46
0.499509,0.476723,0.0237674,0,22.7918,-2.19504e+07
3487.25
ratio: 0.000000
Gen:47
0.500138,0.476095,0.0237674,0,22.7902,-2.19489e+07
2631.91
Gen:48
0.500138,0.476095,0.0237674,0,22.7902,-2.19489e+07
3783.19
ratio: 0.000000
Gen:49
0.500491,0.475742,0.0237674,0,22.7863,-2.19452e+07
3962.3
Gen:50
0.500491,0.475742,0.0237674,0,22.7863,-2.19452e+07
4026.36
ratio: 0.000000
Gen:51
0.500896,0.475337,0.0237674,0,22.7847,-2.19436e+07
4795.54
Gen:52
0.500896,0.475337,0.0237674,0,22.7847,-2.19436e+07
3913.16
ratio: 0.000000
Gen:53
0.501705,0.474527,0.0237674,0,22.7807,-2.19397e+07
8367.01
Gen:54
0.501705,0.474527,0.0237674,0,22.7807,-2.19397e+07
4488.72
ratio: 0.000000
Gen:55
0.501705,0.474527,0.0237674,0,22.7807,-2.19397e+07
4619.74
ratio: 0.000000
Gen:56
0.501705,0.474527,0.0237674,0,22.7794,-2.19385e+07
2504.38
Gen:57
0.501705,0.474527,0.0237674,0,22.7794,-2.19385e+07
2872.82
ratio: 0.000000
Gen:58
0.502007,0.474226,0.0237674,0,22.7782,-2.19374e+07
4656.53
Gen:59
0.502007,0.474226,0.0237674,0,22.7782,-2.19374e+07
4336.96
ratio: 0.000000
Gen:60
0.502007,0.474226,0.0237674,0,22.7763,-2.19355e+07
3135.35
Gen:61
0.502007,0.474226,0.0237674,0,22.7763,-2.19355e+07
3879.46
ratio: 0.000000
Gen:62
0.502547,0.473686,0.0237674,0,22.7736,-2.19329e+07
2579.34
Gen:63
0.503123,0.47311,0.0237674,0,22.7725,-2.19318e+07
4637.48
Gen:64
0.502874,0.473702,0.0234247,0,22.7688,-2.19283e+07
4099.33
Gen:65
0.503517,0.473162,0.0233209,0,22.7536,-2.19137e+07
3294.08
Gen:66
0.503517,0.473162,0.0233209,0,22.7536,-2.19137e+07
6124.85
ratio: 0.000000
Gen:67
0.503517,0.473162,0.0233209,0,22.7532,-2.19133e+07
7759.73
Gen:68
0.503517,0.473162,0.0233209,0,22.7532,-2.19133e+07
5220.18
ratio: 0.000000
Gen:69
0.505002,0.471677,0.0233209,0,22.7435,-2.19039e+07
5014.33
Gen:70
0.505329,0.471693,0.0229782,0,22.7387,-2.18993e+07
3637.59
Gen:71
0.505329,0.471693,0.0229782,0,22.7387,-2.18993e+07
2207.24
ratio: 0.000000
Gen:72
0.505329,0.471693,0.0229782,0,22.7387,-2.18993e+07
3747.3
ratio: 0.000000
Gen:73
0.505329,0.471693,0.0229782,0,22.7387,-2.18993e+07
4087.94
ratio: 0.000000
Gen:74
0.505464,0.471558,0.0229782,0,22.7207,-2.18819e+07
2502.99
Gen:75
0.505464,0.471558,0.0229782,0,22.7207,-2.18819e+07
7564.31
ratio: 0.000000
Gen:76
0.506227,0.470597,0.0231755,0,22.7169,-2.18783e+07
4105
Gen:77
0.506892,0.469933,0.0231755,0,22.7162,-2.18776e+07
5331.65
Gen:78
0.506892,0.469933,0.0231755,0,22.7162,-2.18776e+07
5284.62
ratio: 0.000000
Gen:79
0.506892,0.469933,0.0231755,0,22.7162,-2.18776e+07
5465.35
ratio: 0.000000
Gen:80
0.507006,0.469818,0.0231755,0,22.7158,-2.18773e+07
5047.72
Gen:81
0.507006,0.469818,0.0231755,0,22.7158,-2.18773e+07
3241.49
ratio: 0.000000
Gen:82
0.507006,0.469818,0.0231755,0,22.7158,-2.18773e+07
3315.78
ratio: 0.000000
Gen:83
0.507006,0.469818,0.0231755,0,22.7158,-2.18773e+07
2689.09
ratio: 0.000000
Gen:84
0.507006,0.469818,0.0231755,0,22.7158,-2.18773e+07
4108.6
ratio: 0.000000
Gen:85
0.507006,0.469818,0.0231755,0,22.7158,-2.18773e+07
3395.19
ratio: 0.000000
Gen:86
0.507006,0.469818,0.0231755,0,22.7158,-2.18773e+07
2619.75
ratio: 0.000000
Gen:87
0.507006,0.469818,0.0231755,0,22.7158,-2.18773e+07
1552.8
ratio: 0.000000
Gen:88
0.507909,0.468915,0.0231755,0,22.7138,-2.18753e+07
3459.25
Gen:89
0.507909,0.468915,0.0231755,0,22.7138,-2.18753e+07
4550.8
ratio: 0.000000
Gen:90
0.508325,0.4685,0.0231755,0,22.7117,-2.18733e+07
5377.98
Gen:91
0.508325,0.4685,0.0231755,0,22.7117,-2.18733e+07
4788.67
ratio: 0.000000
Gen:92
0.508325,0.4685,0.0231755,0,22.7115,-2.18731e+07
3829.97
ratio: 0.000008
Gen:93
0.508325,0.4685,0.0231755,0,22.7115,-2.18731e+07
4355.33
ratio: 0.000000
Gen:94
0.508325,0.4685,0.0231755,0,22.7115,-2.18731e+07
2475.67
ratio: 0.000000
Gen:95
0.508325,0.4685,0.0231755,0,22.7115,-2.18731e+07
936.379
ratio: 0.000000
Gen:96
0.508325,0.4685,0.0231755,0,22.7115,-2.18731e+07
3286.81
ratio: 0.000000
Gen:97
0.508325,0.4685,0.0231755,0,22.7101,-2.18717e+07
1501.07
Gen:98
0.508325,0.4685,0.0231755,0,22.7101,-2.18717e+07
3131.1
ratio: 0.000000
Gen:99
0.508325,0.4685,0.0231755,0,22.7101,-2.18717e+07
2595.66
ratio: 0.000000
Gen:100
0.508325,0.4685,0.0231755,0,22.7101,-2.18717e+07
4326
ratio: 0.000000
Gen:101
0.508325,0.4685,0.0231755,0,22.7101,-2.18717e+07
2423.36
ratio: 0.000000
Gen:102
0.50873,0.468095,0.0231755,0,22.7089,-2.18706e+07
3708.72
Gen:103
0.509072,0.468811,0.0221164,0,22.6935,-2.18558e+07
3935.75
Gen:104
0.508901,0.468982,0.0221164,0,22.6934,-2.18557e+07
8904.72
ratio: 0.000003
Gen:105
0.509566,0.468318,0.0221164,0,22.6901,-2.18525e+07
2048.88
Gen:106
0.509566,0.468318,0.0221164,0,22.6901,-2.18525e+07
2165.37
ratio: 0.000000
Gen:107
0.509965,0.467918,0.0221164,0,22.6889,-2.18513e+07
3351.81
Gen:108
0.509965,0.467918,0.0221164,0,22.6889,-2.18513e+07
4817.14
ratio: 0.000000
Gen:109
0.509965,0.467918,0.0221164,0,22.6889,-2.18513e+07
4156.72
ratio: 0.000000
Gen:110
0.509965,0.467918,0.0221164,0,22.6889,-2.18513e+07
4224.53
ratio: 0.000000
Gen:111
0.509965,0.467918,0.0221164,0,22.6889,-2.18513e+07
4031.76
ratio: 0.000000
Gen:112
0.510287,0.468406,0.0213065,0,22.6826,-2.18453e+07
4575.33
Gen:113
0.510287,0.468406,0.0213065,0,22.6826,-2.18453e+07
5413.81
ratio: 0.000000
Gen:114
0.510287,0.468406,0.0213065,0,22.6826,-2.18453e+07
1420.09
ratio: 0.000000
Gen:115
0.510287,0.468406,0.0213065,0,22.6826,-2.18453e+07
4572.65
ratio: 0.000000
Gen:116
0.510287,0.468406,0.0213065,0,22.6826,-2.18453e+07
4423.8
ratio: 0.000000
Gen:117
0.510287,0.468406,0.0213065,0,22.6826,-2.18453e+07
3983.53
ratio: 0.000000
Gen:118
0.510287,0.468406,0.0213065,0,22.6826,-2.18453e+07
1308.19
ratio: 0.000000
Gen:119
0.510287,0.468406,0.0213065,0,22.6826,-2.18453e+07
1641.55
ratio: 0.000000
Gen:120
0.510905,0.467788,0.0213065,0,22.6795,-2.18423e+07
3486.1
Gen:121
0.510905,0.467788,0.0213065,0,22.6795,-2.18423e+07
4408.62
ratio: 0.000000
Gen:122
0.510905,0.467788,0.0213065,0,22.6795,-2.18423e+07
2937.48
ratio: 0.000000
Gen:123
0.510905,0.467788,0.0213065,0,22.6795,-2.18423e+07
4252.76
ratio: 0.000000
Gen:124
0.510905,0.467788,0.0213065,0,22.6795,-2.18423e+07
3021.42
ratio: 0.000000
Gen:125
0.510905,0.467788,0.0213065,0,22.6795,-2.18423e+07
4430.68
ratio: 0.000000
Gen:126
0.510905,0.467788,0.0213065,0,22.6795,-2.18423e+07
5297.67
ratio: 0.000000
Gen:127
0.510905,0.467788,0.0213065,0,22.6795,-2.18423e+07
2687.23
ratio: 0.000000
Gen:128
0.510905,0.467788,0.0213065,0,22.6795,-2.18423e+07
5620.45
ratio: 0.000000
Gen:129
0.510905,0.467788,0.0213065,0,22.6795,-2.18423e+07
1323.24
ratio: 0.000000
Gen:130
0.510905,0.467788,0.0213065,0,22.6795,-2.18423e+07
4719.2
ratio: 0.000000
Gen:131
0.510905,0.467788,0.0213065,0,22.6795,-2.18423e+07
3852.4
ratio: 0.000000
Gen:132
0.510905,0.467788,0.0213065,0,22.6795,-2.18423e+07
3929.4
ratio: 0.000000
Gen:133
0.510905,0.467788,0.0213065,0,22.6795,-2.18423e+07
4091.65
ratio: 0.000000
Gen:134
0.510905,0.467788,0.0213065,0,22.6795,-2.18423e+07
3090.39
ratio: 0.000000
Gen:135
0.510905,0.467788,0.0213065,0,22.6795,-2.18423e+07
4252.17
ratio: 0.000000
Gen:136
0.510905,0.467788,0.0213065,0,22.6795,-2.18423e+07
951.699
ratio: 0.000000
Gen:137
0.510905,0.467788,0.0213065,0,22.6795,-2.18423e+07
2868.82
ratio: 0.000000
Gen:138
0.510905,0.467788,0.0213065,0,22.6795,-2.18423e+07
4551.69
ratio: 0.000000
Gen:139
0.510905,0.467788,0.0213065,0,22.6795,-2.18423e+07
2742.84
ratio: 0.000000
Gen:140
0.510905,0.467788,0.0213065,0,22.6795,-2.18423e+07
3543.5
ratio: 0.000000
Gen:141
0.510905,0.467788,0.0213065,0,22.6795,-2.18423e+07
3900.57
ratio: 0.000000
Gen:142
0.510993,0.4677,0.0213065,0,22.6779,-2.18407e+07
3045.67
Gen:143
0.510993,0.4677,0.0213065,0,22.6779,-2.18407e+07
754.084
ratio: 0.000000
Gen:144
0.510993,0.4677,0.0213065,0,22.6779,-2.18407e+07
4068.13
ratio: 0.000000
Gen:145
0.510993,0.4677,0.0213065,0,22.6779,-2.18407e+07
1126.64
ratio: 0.000000
Gen:146
0.510993,0.4677,0.0213065,0,22.6779,-2.18407e+07
3866.77
ratio: 0.000000
Gen:147
0.510993,0.4677,0.0213065,0,22.6779,-2.18407e+07
3482.73
ratio: 0.000000
Gen:148
0.511512,0.467181,0.0213065,0,22.6763,-2.18392e+07
5414.54
Gen:149
0.511512,0.467181,0.0213065,0,22.6763,-2.18392e+07
3587.09
ratio: 0.000000
Gen:150
0.511512,0.467181,0.0213065,0,22.6763,-2.18392e+07
1944.49
ratio: 0.000000
Gen:151
0.511512,0.467181,0.0213065,0,22.6763,-2.18392e+07
4307.55
ratio: 0.000000
Gen:152
0.511512,0.467181,0.0213065,0,22.6763,-2.18392e+07
5326.79
ratio: 0.000000
Gen:153
0.511512,0.467181,0.0213065,0,22.6707,-2.18338e+07
2159.96
Gen:154
0.511512,0.467181,0.0213065,0,22.6707,-2.18338e+07
3798.99
ratio: 0.000000
Gen:155
0.512187,0.466506,0.0213065,0,22.6697,-2.18329e+07
4418.25
Gen:156
0.512187,0.466506,0.0213065,0,22.6697,-2.18329e+07
1000.97
ratio: 0.000000
Gen:157
0.512187,0.466506,0.0213065,0,22.6697,-2.18329e+07
1390.94
ratio: 0.000000
Gen:158
0.512187,0.466506,0.0213065,0,22.6697,-2.18329e+07
4424.88
ratio: 0.000000
Gen:159
0.512187,0.466506,0.0213065,0,22.6697,-2.18329e+07
3979.46
ratio: 0.000000
Gen:160
0.512187,0.466506,0.0213065,0,22.6697,-2.18329e+07
4979.54
ratio: 0.000000
Gen:161
0.512187,0.466506,0.0213065,0,22.6697,-2.18329e+07
2844.91
ratio: 0.000000
Gen:162
0.512187,0.466506,0.0213065,0,22.6697,-2.18329e+07
1449.58
ratio: 0.000000
Gen:163
0.512187,0.466506,0.0213065,0,22.6697,-2.18329e+07
2933.43
ratio: 0.000000
FINAL Population size
18
Best : -2.18329e+07   31:21-30-26-1-16-10-52-64-58-45-36-22-33-43-61-60-17-55-8-56-6-47-40-4-25-57-41-27-67-65-37- ,  31:52-10-17-50-2-14-60-61-43-20-55-16-26-49-62-21-6-35-34-25-41-36-38-3-66-18-67-27-12-4-53- ,  31:32-65-37-5-54-19-22-33-20-17-59-11-9-1-26-8-51-41-12-27-67-18-69-0-2-14-44-60-61-43-13- ,  30:0-2-50-13-22-38-69-23-3-19-36-41-51-8-26-1-11-59-10-52-64-35-34-25-27-67-18-66-29-48- ,  31:59-68-11-15-30-63-6-47-40-12-41-51-8-26-62-21-24-42-49-1-16-10-52-64-35-57-25-4-7-46-53- ,  31:57-58-33-13-22-38-66-19-36-41-51-56-8-52-20-43-50-0-69-18-65-39-48-29-23-2-14-61-17-10-28- ,  30:30-42-49-11-31-1-26-8-51-41-12-25-34-58-64-52-10-59-68-9-17-50-23-69-48-39-32-37-67-27- ,  31:52-55-8-28-10-17-44-61-43-13-33-58-41-12-40-46-7-4-25-27-67-65-39-48-66-54-5-18-69-23-0- ,  31:32-18-19-22-33-43-50-23-69-66-54-5-37-65-39-48-3-0-2-14-44-17-10-16-26-30-63-21-62-15-11- ,  31:30-62-24-63-6-35-41-27-67-5-54-36-45-34-51-8-26-49-42-15-11-9-17-20-33-22-38-18-32-65-37- ,  29:34-25-4-53-7-40-47-6-35-41-36-38-22-33-58-51-8-26-49-1-59-17-44-61-43-20-10-28-56- ,  31:33-20-52-64-35-51-34-57-25-4-53-40-46-7-47-6-56-8-26-1-31-11-59-10-55-16-9-49-15-30-63- ,  31:62-24-30-26-16-10-17-50-0-69-38-36-45-34-51-56-28-8-52-64-35-6-47-53-4-25-27-67-65-54-32- ,  31:54-66-69-23-0-3-29-19-36-41-25-4-53-47-6-56-8-26-16-9-17-20-33-22-38-18-67-27-12-40-46- ,  31:5-65-19-29-48-39-18-54-36-41-51-8-26-49-15-11-9-17-50-23-69-38-22-33-58-35-6-63-24-42-62- , 

0.512187
0.466506
0.0213065
0
22.6697
-2.18329e+07
Initial : -2.24321e+07
0.461797
0.495039
0.0426079
0.000555507
23.2664

-----------------------------------------
Iteration:0 started

Gen:0
0.461797,0.495039,0.0426079,0.000555507,23.2664,-2.24321e+07
482092
ratio: 0.000000
Gen:1
0.464237,0.498419,0.0373435,0,23.1907,-2.23346e+07
100023
Gen:2
0.464798,0.497858,0.0373435,0,23.1895,-2.23334e+07
40102.8
Gen:3
0.465686,0.497853,0.036461,0,23.1684,-2.23131e+07
18230
Gen:4
0.466221,0.497319,0.036461,0,23.1644,-2.23093e+07
10516.5
Gen:5
0.466973,0.496566,0.036461,0,23.1606,-2.23056e+07
7400.09
Gen:6
0.467643,0.496664,0.0356926,0,23.1526,-2.22979e+07
5824.73
Gen:7
0.470976,0.494043,0.0349813,0,23.136,-2.22819e+07
9209.11
Gen:8
0.474351,0.491037,0.0346127,0,23.0758,-2.22239e+07
11925.1
Gen:9
0.476246,0.489785,0.033969,0,23.0609,-2.22096e+07
24382.5
Gen:10
0.476323,0.489708,0.033969,0,23.0603,-2.22091e+07
17929.9
Gen:11
0.476396,0.492703,0.0309007,0,23.0246,-2.21747e+07
9859.6
Gen:12
0.47812,0.491737,0.0301427,0,23.0103,-2.21609e+07
13323.9
Gen:13
0.479184,0.491073,0.029743,0,22.9989,-2.21499e+07
19629.7
Gen:14
0.480804,0.491005,0.0281907,0,22.9731,-2.2125e+07
17822.6
Gen:15
0.482206,0.489604,0.0281907,0,22.9701,-2.21222e+07
9944.7
Gen:16
0.484537,0.488031,0.0274327,0,22.9552,-2.21078e+07
16924.3
Gen:17
0.485154,0.487413,0.0274327,0,22.9508,-2.21036e+07
8519.74
Gen:18
0.487345,0.485222,0.0274327,0,22.94,-2.20932e+07
10671.9
Gen:19
0.487174,0.486375,0.0264515,0,22.9277,-2.20813e+07
5806.48
Gen:20
0.489365,0.484184,0.0264515,0,22.9169,-2.20709e+07
7422.1
Gen:21
0.489801,0.483748,0.0264515,0,22.9119,-2.20662e+07
7332.91
Gen:22
0.490377,0.483171,0.0264515,0,22.9091,-2.20634e+07
9336.79
Gen:23
0.491628,0.482268,0.0261036,0,22.9013,-2.20559e+07
9811.18
Gen:24
0.491639,0.482258,0.0261036,0,22.8931,-2.2048e+07
20126.8
Gen:25
0.492085,0.481811,0.0261036,0,22.8913,-2.20463e+07
3957.89
Gen:26
0.492563,0.481956,0.0254806,0,22.8784,-2.20339e+07
6222.58
Gen:27
0.492563,0.481956,0.0254806,0,22.8784,-2.20339e+07
8374.22
ratio: 0.000000
Gen:28
0.49383,0.481385,0.0247849,0,22.8775,-2.2033e+07
3052.74
Gen:29
0.494354,0.480861,0.0247849,0,22.8742,-2.20298e+07
4929.01
Gen:30
0.49546,0.479693,0.0248472,0,22.8611,-2.20172e+07
6733.05
Gen:31
0.496036,0.479117,0.0248472,0,22.86,-2.20161e+07
9548.35
Gen:32
0.495543,0.47961,0.0248472,0,22.8555,-2.20118e+07
8658.15
Gen:33
0.496119,0.479034,0.0248472,0,22.8543,-2.20107e+07
5478.07
Gen:34
0.496342,0.47881,0.0248472,0,22.8539,-2.20103e+07
5713.56
Gen:35
0.495226,0.479579,0.0251951,0,22.8435,-2.20003e+07
6010.89
Gen:36
0.495226,0.479579,0.0251951,0,22.8435,-2.20003e+07
10394.9
ratio: 0.000000
Gen:37
0.495803,0.479002,0.0251951,0,22.8424,-2.19991e+07
3729.7
Gen:38
0.496156,0.478649,0.0251951,0,22.8348,-2.19919e+07
4466.32
Gen:39
0.496794,0.478011,0.0251951,0,22.8317,-2.19888e+07
6671.55
Gen:40
0.496794,0.478011,0.0251951,0,22.8317,-2.19888e+07
6171.1
ratio: 0.000000
Gen:41
0.497256,0.477891,0.0248524,0,22.828,-2.19853e+07
1928.08
Gen:42
0.498497,0.476651,0.0248524,0,22.8255,-2.19829e+07
7326.35
Gen:43
0.498798,0.476349,0.0248524,0,22.8201,-2.19777e+07
4334.63
Gen:44
0.499032,0.476687,0.0242813,0,22.8178,-2.19754e+07
3315.5
Gen:45
0.499785,0.475524,0.0246915,0,22.8139,-2.19717e+07
2975.8
Gen:46
0.499785,0.475524,0.0246915,0,22.8139,-2.19717e+07
3763.41
ratio: 0.000000
Gen:47
0.499842,0.475529,0.0246292,0,22.8078,-2.19659e+07
4276.26
Gen:48
0.500615,0.474756,0.0246292,0,22.8048,-2.1963e+07
8205.37
Gen:49
0.501259,0.474112,0.0246292,0,22.8036,-2.19618e+07
1913.5
Gen:50
0.501259,0.474112,0.0246292,0,22.8031,-2.19613e+07
1961.21
Gen:51
0.501259,0.474112,0.0246292,0,22.8031,-2.19613e+07
6444.01
ratio: 0.000000
Gen:52
0.502152,0.473219,0.0246292,0,22.8004,-2.19587e+07
6586.98
Gen:53
0.502759,0.472611,0.0246292,0,22.7998,-2.19581e+07
9075.65
Gen:54
0.502759,0.472611,0.0246292,0,22.7998,-2.19581e+07
6891.83
ratio: 0.000000
Gen:55
0.503164,0.472207,0.0246292,0,22.7978,-2.19562e+07
4257.54
Gen:56
0.503164,0.472207,0.0246292,0,22.7978,-2.19562e+07
2846.65
ratio: 0.000000
Gen:57
0.503616,0.471755,0.0246292,0,22.7943,-2.19528e+07
3200.41
Gen:58
0.503616,0.471755,0.0246292,0,22.7943,-2.19528e+07
2779.83
ratio: 0.000000
Gen:59
0.504047,0.471324,0.0246292,0,22.7926,-2.19512e+07
3488.56
Gen:60
0.504348,0.472118,0.0235337,0,22.7826,-2.19416e+07
2936
Gen:61
0.504722,0.471744,0.0235337,0,22.7818,-2.19408e+07
4736.73
Gen:62
0.504722,0.471744,0.0235337,0,22.7818,-2.19408e+07
2886.64
ratio: 0.000000
Gen:63
0.504722,0.471744,0.0235337,0,22.7818,-2.19408e+07
1963.06
ratio: 0.000000
Gen:64
0.506575,0.47053,0.0228952,0,22.7643,-2.19239e+07
1164.79
Gen:65
0.506575,0.47053,0.0228952,0,22.7643,-2.19239e+07
8973.03
ratio: 0.000000
Gen:66
0.506575,0.47053,0.0228952,0,22.7643,-2.19239e+07
2343.37
ratio: 0.000000
Gen:67
0.506653,0.470452,0.0228952,0,22.7636,-2.19233e+07
2722.73
Gen:68
0.506653,0.470452,0.0228952,0,22.7636,-2.19233e+07
2500.66
ratio: 0.000000
Gen:69
0.506653,0.470452,0.0228952,0,22.7613,-2.19211e+07
3137.48
Gen:70
0.506653,0.470452,0.0228952,0,22.7613,-2.19211e+07
5108.92
ratio: 0.000000
Gen:71
0.506653,0.470452,0.0228952,0,22.7613,-2.19211e+07
2666.9
ratio: 0.000000
Gen:72
0.506653,0.470452,0.0228952,0,22.7613,-2.19211e+07
2493.41
ratio: 0.000000
Gen:73
0.506653,0.470452,0.0228952,0,22.7613,-2.19211e+07
3520.38
ratio: 0.000000
Gen:74
0.506653,0.470452,0.0228952,0,22.7613,-2.19211e+07
2920.7
ratio: 0.000000
Gen:75
0.506653,0.470452,0.0228952,0,22.7613,-2.19211e+07
1652.1
ratio: 0.000000
Gen:76
0.506653,0.470452,0.0228952,0,22.7613,-2.19211e+07
2156.61
ratio: 0.000000
Gen:77
0.506653,0.470452,0.0228952,0,22.7613,-2.19211e+07
4821.7
ratio: 0.000000
Gen:78
0.506653,0.470452,0.0228952,0,22.7613,-2.19211e+07
2918.15
ratio: 0.000000
Gen:79
0.506653,0.470452,0.0228952,0,22.7613,-2.19211e+07
2638.56
ratio: 0.000000
Gen:80
0.506653,0.470452,0.0228952,0,22.7613,-2.19211e+07
2650.81
ratio: 0.000000
Gen:81
0.507245,0.46986,0.0228952,0,22.759,-2.19188e+07
4051.91
Gen:82
0.507245,0.46986,0.0228952,0,22.759,-2.19188e+07
3501.81
ratio: 0.000000
Gen:83
0.507245,0.46986,0.0228952,0,22.759,-2.19188e+07
4530.2
ratio: 0.000000
Gen:84
0.507245,0.46986,0.0228952,0,22.759,-2.19188e+07
4347.03
ratio: 0.000000
Gen:85
0.507245,0.46986,0.0228952,0,22.759,-2.19188e+07
1927.45
ratio: 0.000000
Gen:86
0.507245,0.46986,0.0228952,0,22.759,-2.19188e+07
3100.18
ratio: 0.000000
Gen:87
0.507245,0.46986,0.0228952,0,22.759,-2.19188e+07
4132.9
ratio: 0.000000
Gen:88
0.507245,0.46986,0.0228952,0,22.759,-2.19188e+07
4289.27
ratio: 0.000000
Gen:89
0.507245,0.46986,0.0228952,0,22.759,-2.19188e+07
2233.72
ratio: 0.000000
Gen:90
0.507245,0.46986,0.0228952,0,22.759,-2.19188e+07
4780.95
ratio: 0.000000
Gen:91
0.507245,0.46986,0.0228952,0,22.759,-2.19188e+07
959.709
ratio: 0.000000
Gen:92
0.507245,0.46986,0.0228952,0,22.759,-2.19188e+07
1351.28
ratio: 0.000000
Gen:93
0.507245,0.46986,0.0228952,0,22.759,-2.19188e+07
2984.47
ratio: 0.000000
Gen:94
0.507245,0.46986,0.0228952,0,22.759,-2.19188e+07
904.576
ratio: 0.000000
Gen:95
0.507245,0.46986,0.0228952,0,22.759,-2.19188e+07
1250.77
ratio: 0.000000
Gen:96
0.507245,0.46986,0.0228952,0,22.759,-2.19188e+07
4313.22
ratio: 0.000000
Gen:97
0.507245,0.46986,0.0228952,0,22.759,-2.19188e+07
2678.59
ratio: 0.000000
Gen:98
0.507245,0.46986,0.0228952,0,22.759,-2.19188e+07
4374.6
ratio: 0.000000
Gen:99
0.507245,0.46986,0.0228952,0,22.759,-2.19188e+07
2583.62
ratio: 0.000000
Gen:100
0.507245,0.46986,0.0228952,0,22.759,-2.19188e+07
4205.72
ratio: 0.000000
Gen:101
0.507245,0.46986,0.0228952,0,22.759,-2.19188e+07
692.653
ratio: 0.000000
Gen:102
0.507245,0.46986,0.0228952,0,22.759,-2.19188e+07
4040.86
ratio: 0.000000
Gen:103
0.507245,0.46986,0.0228952,0,22.759,-2.19188e+07
4774.04
ratio: 0.000000
Gen:104
0.507245,0.46986,0.0228952,0,22.759,-2.19188e+07
4757.12
ratio: 0.000000
Gen:105
0.507245,0.46986,0.0228952,0,22.759,-2.19188e+07
5013.73
ratio: 0.000000
Gen:106
0.507245,0.46986,0.0228952,0,22.759,-2.19188e+07
2866.31
ratio: 0.000000
Gen:107
0.507245,0.46986,0.0228952,0,22.759,-2.19188e+07
4548.88
ratio: 0.000000
Gen:108
0.507245,0.46986,0.0228952,0,22.759,-2.19188e+07
2554.48
ratio: 0.000000
Gen:109
0.507245,0.46986,0.0228952,0,22.759,-2.19188e+07
2270.33
ratio: 0.000000
Gen:110
0.506778,0.47013,0.0230925,0,22.7586,-2.19185e+07
4668.25
Gen:111
0.506778,0.47013,0.0230925,0,22.7586,-2.19185e+07
1530.69
ratio: 0.000000
Gen:112
0.506778,0.47013,0.0230925,0,22.7586,-2.19185e+07
4338.95
ratio: 0.000000
Gen:113
0.506778,0.47013,0.0230925,0,22.7586,-2.19185e+07
4067.2
ratio: 0.000000
Gen:114
0.506638,0.470467,0.0228952,0,22.7583,-2.19182e+07
4542.15
Gen:115
0.506638,0.470467,0.0228952,0,22.7583,-2.19182e+07
2650.02
ratio: 0.000000
Gen:116
0.506638,0.470467,0.0228952,0,22.7583,-2.19182e+07
3100.29
ratio: 0.000000
Gen:117
0.506638,0.470467,0.0228952,0,22.7583,-2.19182e+07
2637.62
ratio: 0.000000
Gen:118
0.506638,0.470467,0.0228952,0,22.7583,-2.19182e+07
4281.16
ratio: 0.000000
Gen:119
0.506638,0.470467,0.0228952,0,22.7583,-2.19182e+07
5400.73
ratio: 0.000000
Gen:120
0.506638,0.470467,0.0228952,0,22.7583,-2.19182e+07
3517.4
ratio: 0.000000
Gen:121
0.506638,0.470467,0.0228952,0,22.7583,-2.19182e+07
2965.42
ratio: 0.000000
Gen:122
0.506638,0.470467,0.0228952,0,22.7583,-2.19182e+07
5430.23
ratio: 0.000000
Gen:123
0.506638,0.470467,0.0228952,0,22.7583,-2.19182e+07
4814.63
ratio: 0.000000
Gen:124
0.506638,0.470467,0.0228952,0,22.7583,-2.19182e+07
4343.28
ratio: 0.000000
Gen:125
0.506638,0.470467,0.0228952,0,22.7583,-2.19182e+07
3460.16
ratio: 0.000000
Gen:126
0.506638,0.470467,0.0228952,0,22.7583,-2.19182e+07
3037.16
ratio: 0.000000
Gen:127
0.506638,0.470467,0.0228952,0,22.7583,-2.19182e+07
4907.72
ratio: 0.000000
Gen:128
0.506638,0.470467,0.0228952,0,22.7583,-2.19182e+07
4100.47
ratio: 0.000000
Gen:129
0.506638,0.470467,0.0228952,0,22.7583,-2.19182e+07
3994.1
ratio: 0.000000
Gen:130
0.506638,0.470467,0.0228952,0,22.7583,-2.19182e+07
3979.47
ratio: 0.000000
Gen:131
0.506638,0.470467,0.0228952,0,22.7583,-2.19182e+07
2622.48
ratio: 0.000000
Gen:132
0.506638,0.470467,0.0228952,0,22.7583,-2.19182e+07
4596.44
ratio: 0.000000
Gen:133
0.506638,0.470467,0.0228952,0,22.7583,-2.19182e+07
3194.04
ratio: 0.000000
Gen:134
0.506638,0.470467,0.0228952,0,22.7583,-2.19182e+07
1778.04
ratio: 0.000000
Gen:135
0.506638,0.470467,0.0228952,0,22.7583,-2.19182e+07
2882.69
ratio: 0.000000
Gen:136
0.506638,0.470467,0.0228952,0,22.7583,-2.19182e+07
3288.19
ratio: 0.000000
Gen:137
0.508008,0.468899,0.0230925,0,22.7532,-2.19133e+07
3139.84
Gen:138
0.508008,0.468899,0.0230925,0,22.7532,-2.19133e+07
4242.49
ratio: 0.000000
Gen:139
0.508008,0.468899,0.0230925,0,22.7532,-2.19133e+07
3170.81
ratio: 0.000000
FINAL Population size
18
Best : -2.19133e+07   31:63-21-30-26-1-16-10-52-64-58-45-36-22-33-43-61-60-17-55-8-56-6-47-40-4-25-57-41-27-67-65- ,  31:28-10-17-50-2-14-60-61-43-20-55-16-26-49-62-21-6-35-34-25-41-36-38-3-66-18-67-27-12-4-53- ,  31:43-13-50-23-3-29-48-66-19-22-33-20-17-59-11-9-1-26-8-51-41-12-27-67-18-69-0-2-14-44-60- ,  31:60-44-14-2-50-13-22-38-69-23-3-19-36-41-51-8-26-1-11-59-10-52-64-35-34-25-27-67-18-66-29- ,  31:59-68-11-15-30-63-6-47-40-12-41-51-8-26-62-21-24-42-49-1-16-10-52-64-35-57-25-4-7-46-53- ,  30:32-37-5-54-38-66-19-36-41-51-56-8-52-20-43-50-0-69-18-65-39-48-29-23-2-14-61-17-10-28- ,  31:30-21-62-49-11-31-1-26-8-51-41-12-25-34-58-64-52-10-59-68-9-17-50-23-69-48-39-32-37-67-27- ,  31:51-56-28-10-17-44-61-43-13-33-58-41-12-40-46-7-4-25-27-67-65-39-48-66-54-5-18-69-23-50-2- ,  31:32-18-19-22-33-43-50-23-69-66-54-5-37-65-39-48-3-0-2-14-44-17-10-16-26-30-63-21-62-49-15- ,  31:30-62-24-63-6-35-41-27-67-5-54-36-45-34-51-8-26-49-42-15-11-9-17-20-33-22-38-18-32-37-65- ,  31:57-25-12-4-53-7-46-40-47-6-35-41-36-38-22-33-58-51-8-26-49-1-59-17-44-61-43-20-10-28-56- ,  25:4-53-40-46-7-47-6-56-8-26-1-31-11-59-10-55-16-9-49-15-30-63-21-62-42- ,  31:21-24-30-26-16-10-17-50-0-69-38-36-45-34-51-56-28-8-52-64-35-6-47-53-4-25-27-67-65-32-54- ,  31:61-43-50-23-69-29-19-36-41-25-4-53-47-6-56-8-26-16-9-17-20-33-22-38-18-67-27-12-40-7-46- ,  31:67-65-19-66-48-39-18-54-36-41-51-8-26-49-15-11-9-17-50-23-69-38-22-33-58-35-6-63-24-42-30- , 

0.508008
0.468899
0.0230925
0
22.7532
-2.19133e+07
Initial : -2.24322e+07
0.461797
0.495039
0.0426079
0.000555507
23.2664

-----------------------------------------
Iteration:0 started

Gen:0
0.461797,0.495039,0.0426079,0.000555507,23.2664,-2.24322e+07
482092
ratio: 0.000000
Gen:1
0.46728,0.488301,0.0444198,0,23.2722,-2.24131e+07
171542
Gen:2
0.463241,0.497313,0.0394462,0,23.2105,-2.23537e+07
9023.36
Gen:3
0.465909,0.497355,0.0367361,0,23.1824,-2.23266e+07
26648.5
Gen:4
0.466579,0.497453,0.0359677,0,23.1743,-2.23188e+07
10459.5
Gen:5
0.467643,0.496093,0.0362637,0,23.1591,-2.23042e+07
4827.16
Gen:6
0.469465,0.495257,0.0352773,0,23.1531,-2.22984e+07
5200.61
Gen:7
0.470582,0.496997,0.0324219,0,23.135,-2.2281e+07
13816.2
Gen:8
0.474174,0.494115,0.0317106,0,23.1184,-2.2265e+07
20496
Gen:9
0.474174,0.494115,0.0317106,0,23.1184,-2.2265e+07
19723.5
ratio: 0.000000
Gen:10
0.474605,0.493684,0.0317106,0,23.1167,-2.22633e+07
4126.35
Gen:11
0.476754,0.49234,0.0309059,0,23.0969,-2.22443e+07
9067.98
Gen:12
0.47746,0.492553,0.029987,0,23.0873,-2.2235e+07
8362.28
Gen:13
0.47746,0.492553,0.029987,0,23.0873,-2.2235e+07
8199.71
ratio: 0.000000
Gen:14
0.478992,0.490741,0.0302673,0,23.0356,-2.21853e+07
7407.19
Gen:15
0.481583,0.489033,0.0293847,0,23.0187,-2.2169e+07
25559.9
Gen:16
0.481988,0.488129,0.0298831,0,23.0167,-2.2167e+07
16274.5
Gen:17
0.481988,0.488129,0.0298831,0,23.0167,-2.2167e+07
8329.49
ratio: 0.000000
Gen:18
0.483711,0.487164,0.0291252,0,23.0031,-2.21539e+07
16731.8
Gen:19
0.483711,0.487164,0.0291252,0,23.0031,-2.21539e+07
18291.1
ratio: 0.000000
Gen:20
0.485902,0.484973,0.0291252,0,22.9923,-2.21435e+07
13196
Gen:21
0.485902,0.484973,0.0291252,0,22.9923,-2.21435e+07
5494.09
ratio: 0.000000
Gen:22
0.484786,0.486089,0.0291252,0,22.9823,-2.21339e+07
18089
Gen:23
0.486027,0.484848,0.0291252,0,22.9776,-2.21294e+07
12990.9
Gen:24
0.486748,0.484127,0.0291252,0,22.9754,-2.21273e+07
4095.03
Gen:25
0.486458,0.484417,0.0291252,0,22.9738,-2.21257e+07
6794.34
Gen:26
0.486748,0.484127,0.0291252,0,22.9726,-2.21246e+07
17821.7
Gen:27
0.488316,0.482559,0.0291252,0,22.9653,-2.21175e+07
3810.5
Gen:28
0.488327,0.482548,0.0291252,0,22.9561,-2.21087e+07
5870.83
Gen:29
0.489599,0.481095,0.0293069,0,22.9421,-2.20952e+07
7063.85
Gen:30
0.490294,0.480399,0.0293069,0,22.9387,-2.20919e+07
7751.91
Gen:31
0.49087,0.479823,0.0293069,0,22.9358,-2.20891e+07
3256.31
Gen:32
0.490969,0.479724,0.0293069,0,22.9353,-2.20886e+07
5192.32
Gen:33
0.491333,0.479361,0.0293069,0,22.9276,-2.20812e+07
3266.54
Gen:34
0.491333,0.479361,0.0293069,0,22.9213,-2.20752e+07
4806.02
Gen:35
0.492277,0.478416,0.0293069,0,22.9153,-2.20694e+07
5832.86
Gen:36
0.492277,0.478416,0.0293069,0,22.9153,-2.20694e+07
5854.32
ratio: 0.000000
Gen:37
0.492802,0.477891,0.0293069,0,22.912,-2.20662e+07
5698.51
Gen:38
0.492802,0.477891,0.0293069,0,22.9084,-2.20627e+07
3119.08
Gen:39
0.49288,0.477813,0.0293069,0,22.9067,-2.20612e+07
3811.11
Gen:40
0.49288,0.477813,0.0293069,0,22.9055,-2.206e+07
2769.29
Gen:41
0.492859,0.477834,0.0293069,0,22.8976,-2.20523e+07
4178.46
Gen:42
0.494359,0.476677,0.0289642,0,22.8953,-2.20501e+07
4956.89
Gen:43
0.494339,0.476697,0.0289642,0,22.8873,-2.20424e+07
3424.66
Gen:44
0.495013,0.476022,0.0289642,0,22.8866,-2.20418e+07
2991.9
Gen:45
0.495013,0.476022,0.0289642,0,22.8854,-2.20406e+07
5687.38
Gen:46
0.496119,0.474434,0.029447,0,22.8731,-2.20288e+07
2362.17
Gen:47
0.496784,0.473769,0.029447,0,22.8724,-2.20281e+07
5669.06
Gen:48
0.496119,0.474434,0.029447,0,22.8719,-2.20276e+07
4629.92
Gen:49
0.496696,0.473857,0.029447,0,22.8707,-2.20265e+07
4053.86
Gen:50
0.496696,0.473857,0.029447,0,22.8707,-2.20265e+07
3128.66
ratio: 0.000000
Gen:51
0.497537,0.472606,0.0298572,0,22.8668,-2.20227e+07
4283.36
Gen:52
0.497448,0.472695,0.0298572,0,22.8663,-2.20222e+07
1963.5
Gen:53
0.497448,0.472695,0.0298572,0,22.8663,-2.20222e+07
3830.06
ratio: 0.000000
Gen:54
0.497448,0.472695,0.0298572,0,22.8655,-2.20214e+07
4045.59
Gen:55
0.497448,0.472695,0.0298572,0,22.8655,-2.20214e+07
3365.13
ratio: 0.000000
Gen:56
0.497448,0.472695,0.0298572,0,22.8655,-2.20214e+07
3232.18
ratio: 0.000000
Gen:57
0.497448,0.472695,0.0298572,0,22.8655,-2.20214e+07
3496.03
ratio: 0.000000
Gen:58
0.497448,0.472695,0.0298572,0,22.8655,-2.20214e+07
4768.61
ratio: 0.000000
Gen:59
0.497448,0.472695,0.0298572,0,22.8655,-2.20214e+07
2809.93
ratio: 0.000000
Gen:60
0.498113,0.47203,0.0298572,0,22.8642,-2.20202e+07
3538.75
Gen:61
0.497448,0.472695,0.0298572,0,22.8598,-2.20159e+07
3544.78
Gen:62
0.497438,0.472705,0.0298572,0,22.8591,-2.20153e+07
5290.76
Gen:63
0.497557,0.473639,0.0288033,0,22.8574,-2.20137e+07
3107.13
Gen:64
0.497557,0.473639,0.0288033,0,22.8574,-2.20137e+07
3136.04
ratio: 0.000000
Gen:65
0.497557,0.476054,0.0263892,0,22.8339,-2.1991e+07
4237.97
Gen:66
0.497557,0.476054,0.0263892,0,22.8339,-2.1991e+07
12312.4
ratio: 0.000000
Gen:67
0.497557,0.476054,0.0263892,0,22.8339,-2.1991e+07
3584.33
ratio: 0.000000
Gen:68
0.497557,0.476054,0.0263892,0,22.8339,-2.1991e+07
5720.76
ratio: 0.000000
Gen:69
0.497557,0.476054,0.0263892,0,22.8339,-2.1991e+07
2795.29
ratio: 0.000000
Gen:70
0.497557,0.476054,0.0263892,0,22.8339,-2.1991e+07
5681.88
ratio: 0.000000
Gen:71
0.497563,0.476048,0.0263892,0,22.8332,-2.19904e+07
3576.62
Gen:72
0.497563,0.476048,0.0263892,0,22.8332,-2.19904e+07
3412
ratio: 0.000000
Gen:73
0.497563,0.476048,0.0263892,0,22.8332,-2.19904e+07
3463.84
ratio: 0.000000
Gen:74
0.497563,0.476048,0.0263892,0,22.8321,-2.19892e+07
5894.65
Gen:75
0.497563,0.476048,0.0263892,0,22.8321,-2.19892e+07
6109.62
ratio: 0.000000
Gen:76
0.497563,0.476048,0.0263892,0,22.8321,-2.19892e+07
5667.94
ratio: 0.000000
Gen:77
0.497563,0.476048,0.0263892,0,22.8321,-2.19892e+07
1843.5
ratio: 0.000000
Gen:78
0.497563,0.476048,0.0263892,0,22.8321,-2.19892e+07
4085.51
ratio: 0.000000
Gen:79
0.498539,0.475072,0.0263892,0,22.8303,-2.19876e+07
578.559
Gen:80
0.498539,0.475072,0.0263892,0,22.8303,-2.19876e+07
8051.57
ratio: 0.000000
Gen:81
0.498539,0.475072,0.0263892,0,22.8303,-2.19876e+07
4312.47
ratio: 0.000000
Gen:82
0.498539,0.475072,0.0263892,0,22.8294,-2.19866e+07
7936.88
Gen:83
0.499774,0.4742,0.0260257,0,22.8236,-2.19811e+07
2770.58
Gen:84
0.499774,0.4742,0.0260257,0,22.8236,-2.19811e+07
4863.54
ratio: 0.000000
Gen:85
0.501155,0.472819,0.0260257,0,22.8187,-2.19764e+07
3055.98
Gen:86
0.501155,0.472819,0.0260257,0,22.8187,-2.19764e+07
5170.25
ratio: 0.000000
Gen:87
0.501155,0.472819,0.0260257,0,22.8187,-2.19764e+07
3760.68
ratio: 0.000000
Gen:88
0.501155,0.472819,0.0260257,0,22.8187,-2.19764e+07
4372.68
ratio: 0.000000
Gen:89
0.501155,0.472819,0.0260257,0,22.8187,-2.19764e+07
5618.38
ratio: 0.000000
Gen:90
0.501155,0.472819,0.0260257,0,22.8187,-2.19764e+07
6009.74
ratio: 0.000000
Gen:91
0.501155,0.472819,0.0260257,0,22.8187,-2.19764e+07
4272.11
ratio: 0.000000
Gen:92
0.501155,0.472819,0.0260257,0,22.8187,-2.19764e+07
3306.22
ratio: 0.000000
Gen:93
0.501155,0.472819,0.0260257,0,22.8187,-2.19764e+07
3272.15
ratio: 0.000000
Gen:94
0.501155,0.472819,0.0260257,0,22.8187,-2.19764e+07
7419.91
ratio: 0.000000
Gen:95
0.501155,0.472819,0.0260257,0,22.8187,-2.19764e+07
6398.11
ratio: 0.000000
Gen:96
0.501155,0.472819,0.0260257,0,22.8187,-2.19764e+07
5496.35
ratio: 0.000000
Gen:97
0.501155,0.472819,0.0260257,0,22.8187,-2.19764e+07
7189.65
ratio: 0.000000
Gen:98
0.501155,0.472819,0.0260257,0,22.8187,-2.19764e+07
3130.39
ratio: 0.000000
Gen:99
0.501155,0.472819,0.0260257,0,22.8187,-2.19764e+07
2253.43
ratio: 0.000000
Gen:100
0.501155,0.472819,0.0260257,0,22.8187,-2.19764e+07
5734.07
ratio: 0.000000
Gen:101
0.502302,0.471672,0.0260257,0,22.8145,-2.19723e+07
2431.37
Gen:102
0.502302,0.471672,0.0260257,0,22.8145,-2.19723e+07
5921.54
ratio: 0.000000
Gen:103
0.502302,0.471672,0.0260257,0,22.8145,-2.19723e+07
4053.35
ratio: 0.000000
Gen:104
0.502302,0.471672,0.0260257,0,22.8145,-2.19723e+07
3560.48
ratio: 0.000000
Gen:105
0.502302,0.471672,0.0260257,0,22.8145,-2.19723e+07
6183.84
ratio: 0.000000
Gen:106
0.50358,0.470395,0.0260257,0,22.8079,-2.19659e+07
3530.91
Gen:107
0.50358,0.470395,0.0260257,0,22.8079,-2.19659e+07
3944.3
ratio: 0.000000
Gen:108
0.50358,0.470395,0.0260257,0,22.8079,-2.19659e+07
7804.3
ratio: 0.000000
Gen:109
0.50358,0.470395,0.0260257,0,22.8079,-2.19659e+07
2674.56
ratio: 0.000000
Gen:110
0.50358,0.470395,0.0260257,0,22.8079,-2.19659e+07
2171.51
ratio: 0.000000
Gen:111
0.50358,0.470395,0.0260257,0,22.8079,-2.19659e+07
6103.6
ratio: 0.000000
Gen:112
0.505895,0.468079,0.0260257,0,22.7659,-2.19255e+07
2956
Gen:113
0.505895,0.468079,0.0260257,0,22.7659,-2.19255e+07
20524
ratio: 0.000000
Gen:114
0.506731,0.46892,0.0243488,0,22.7127,-2.18742e+07
6191.7
Gen:115
0.506731,0.46892,0.0243488,0,22.7127,-2.18742e+07
25859.6
ratio: 0.000000
Gen:116
0.507582,0.468069,0.0243488,0,22.7118,-2.18734e+07
3829.68
Gen:117
0.507582,0.468069,0.0243488,0,22.7118,-2.18734e+07
3781.97
ratio: 0.000000
Gen:118
0.507525,0.467602,0.0248732,0,22.7078,-2.18695e+07
5858.14
Gen:119
0.507525,0.467602,0.0248732,0,22.7078,-2.18695e+07
5746.11
ratio: 0.000000
Gen:120
0.508304,0.467243,0.0244527,0,22.7007,-2.18627e+07
8586.77
Gen:121
0.508304,0.467243,0.0244527,0,22.7007,-2.18627e+07
3304.06
ratio: 0.000000
Gen:122
0.508304,0.467243,0.0244527,0,22.7007,-2.18627e+07
2980.28
ratio: 0.000000
Gen:123
0.508304,0.467243,0.0244527,0,22.7005,-2.18625e+07
5984.99
ratio: 0.000008
Gen:124
0.508304,0.467243,0.0244527,0,22.7005,-2.18625e+07
5786.32
ratio: 0.000000
Gen:125
0.508304,0.467243,0.0244527,0,22.7005,-2.18625e+07
6007.26
ratio: 0.000000
Gen:126
0.509534,0.466013,0.0244527,0,22.6971,-2.18592e+07
2382.56
Gen:127
0.509493,0.466054,0.0244527,0,22.6928,-2.18551e+07
6256.74
Gen:128
0.510651,0.464897,0.0244527,0,22.6894,-2.18518e+07
4649.72
Gen:129
0.512592,0.462955,0.0244527,0,22.6859,-2.18484e+07
3591.04
Gen:130
0.512592,0.462955,0.0244527,0,22.6859,-2.18484e+07
4088.56
ratio: 0.000000
Gen:131
0.51308,0.462913,0.0240062,0,22.6741,-2.18371e+07
3021.85
Gen:132
0.51308,0.462913,0.0240062,0,22.6741,-2.18371e+07
6057.34
ratio: 0.000000
Gen:133
0.51308,0.462913,0.0240062,0,22.6741,-2.18371e+07
6019.87
ratio: 0.000000
Gen:134
0.51308,0.462913,0.0240062,0,22.6741,-2.18371e+07
6529.9
ratio: 0.000000
Gen:135
0.51308,0.462913,0.0240062,0,22.6741,-2.18371e+07
5883.03
ratio: 0.000000
Gen:136
0.51308,0.462913,0.0240062,0,22.6741,-2.18371e+07
3369.92
ratio: 0.000000
Gen:137
0.51308,0.462913,0.0240062,0,22.6741,-2.18371e+07
2779.37
ratio: 0.000000
Gen:138
0.51308,0.462913,0.0240062,0,22.6741,-2.18371e+07
3258.9
ratio: 0.000000
Gen:139
0.51308,0.462913,0.0240062,0,22.6741,-2.18371e+07
3511.44
ratio: 0.000000
Gen:140
0.513615,0.462379,0.0240062,0,22.6698,-2.18329e+07
3491.73
Gen:141
0.513615,0.462379,0.0240062,0,22.6698,-2.18329e+07
2776.98
ratio: 0.000000
Gen:142
0.513615,0.462379,0.0240062,0,22.6698,-2.18329e+07
3168.64
ratio: 0.000000
Gen:143
0.513615,0.462379,0.0240062,0,22.6698,-2.18329e+07
3270.15
ratio: 0.000000
Gen:144
0.513615,0.462379,0.0240062,0,22.6698,-2.18329e+07
7484.82
ratio: 0.000000
Gen:145
0.513615,0.462379,0.0240062,0,22.6698,-2.18329e+07
2697.26
ratio: 0.000000
Gen:146
0.513615,0.462379,0.0240062,0,22.6698,-2.18329e+07
5757.17
ratio: 0.000000
Gen:147
0.513615,0.462379,0.0240062,0,22.6698,-2.18329e+07
6132.47
ratio: 0.000000
Gen:148
0.513615,0.462379,0.0240062,0,22.6698,-2.18329e+07
2571.58
ratio: 0.000000
Gen:149
0.513615,0.462379,0.0240062,0,22.6698,-2.18329e+07
3326.13
ratio: 0.000000
Gen:150
0.513615,0.462379,0.0240062,0,22.6698,-2.18329e+07
1986.05
ratio: 0.000000
Gen:151
0.513615,0.462379,0.0240062,0,22.6698,-2.18329e+07
8901.77
ratio: 0.000000
Gen:152
0.513615,0.462379,0.0240062,0,22.6698,-2.18329e+07
3005.52
ratio: 0.000000
Gen:153
0.513615,0.462379,0.0240062,0,22.6698,-2.18329e+07
5855.06
ratio: 0.000000
Gen:154
0.513615,0.462379,0.0240062,0,22.6698,-2.18329e+07
2740.06
ratio: 0.000000
Gen:155
0.513615,0.462379,0.0240062,0,22.6698,-2.18329e+07
6016.62
ratio: 0.000000
Gen:156
0.513615,0.462379,0.0240062,0,22.6698,-2.18329e+07
3621.77
ratio: 0.000000
Gen:157
0.513615,0.462379,0.0240062,0,22.6698,-2.18329e+07
6030.2
ratio: 0.000000
Gen:158
0.513615,0.462379,0.0240062,0,22.6698,-2.18329e+07
7770.04
ratio: 0.000000
Gen:159
0.513615,0.462379,0.0240062,0,22.6698,-2.18329e+07
2326.83
ratio: 0.000000
FINAL Population size
18
Best : -2.18329e+07   31:62-26-1-16-10-52-64-58-45-36-22-33-43-61-60-17-55-8-56-6-47-40-4-25-57-41-27-67-65-32-54- ,  31:51-8-10-17-50-2-14-60-61-43-20-55-16-26-49-62-21-6-35-34-25-41-36-38-3-66-18-67-27-12-4- ,  31:58-45-36-38-66-3-48-29-19-22-33-20-17-59-11-9-1-26-8-51-41-12-27-67-18-69-0-2-14-44-60- ,  30:44-14-2-50-13-22-38-69-23-3-19-36-41-51-8-26-1-11-59-10-52-64-35-34-25-27-67-18-66-29- ,  31:59-68-11-15-30-63-6-47-40-12-41-51-8-26-62-21-24-42-49-1-16-10-52-64-35-57-25-4-7-46-53- ,  31:67-37-32-5-54-38-66-19-36-41-51-56-8-52-20-43-50-0-69-18-65-39-48-29-23-2-14-61-17-10-28- ,  31:42-62-15-11-31-1-26-8-51-41-12-25-34-58-64-52-10-59-68-9-17-50-23-69-48-39-32-37-5-65-18- ,  31:63-6-56-28-10-17-44-61-43-13-33-58-41-12-40-46-7-4-25-27-67-65-39-48-66-54-5-18-69-23-50- ,  31:32-18-19-22-33-43-50-23-69-66-54-5-37-65-39-48-3-0-2-14-44-17-10-16-26-30-63-21-24-42-15- ,  29:62-24-63-6-35-41-27-67-5-54-36-45-34-51-8-26-49-42-15-11-9-17-20-33-22-38-18-32-37- ,  31:45-34-57-25-12-4-7-53-47-6-35-41-36-38-22-33-58-51-8-26-49-1-59-17-44-61-43-20-10-28-56- ,  30:65-54-38-22-45-41-25-4-53-40-46-7-47-6-56-8-26-1-31-11-59-10-55-16-9-49-15-30-42-24- ,  31:21-24-30-26-16-10-17-50-0-69-38-36-45-34-51-56-28-8-52-64-35-6-47-53-4-25-27-67-65-39-48- ,  31:0-23-3-66-54-65-19-36-41-25-4-53-47-6-56-8-26-16-9-17-20-33-22-38-18-67-27-12-40-7-46- ,  31:29-3-48-39-18-54-36-41-51-8-26-49-15-11-9-17-50-23-69-38-22-33-58-35-6-63-24-42-62-30-21- , 

0.513615
0.462379
0.0240062
0
22.6698
-2.18329e+07
All Run Best : -2.18329e+07   31:21-30-26-1-16-10-52-64-58-45-36-22-33-43-61-60-17-55-8-56-6-47-40-4-25-57-41-27-67-65-37- ,  31:52-10-17-50-2-14-60-61-43-20-55-16-26-49-62-21-6-35-34-25-41-36-38-3-66-18-67-27-12-4-53- ,  31:32-65-37-5-54-19-22-33-20-17-59-11-9-1-26-8-51-41-12-27-67-18-69-0-2-14-44-60-61-43-13- ,  30:0-2-50-13-22-38-69-23-3-19-36-41-51-8-26-1-11-59-10-52-64-35-34-25-27-67-18-66-29-48- ,  31:59-68-11-15-30-63-6-47-40-12-41-51-8-26-62-21-24-42-49-1-16-10-52-64-35-57-25-4-7-46-53- ,  31:57-58-33-13-22-38-66-19-36-41-51-56-8-52-20-43-50-0-69-18-65-39-48-29-23-2-14-61-17-10-28- ,  30:30-42-49-11-31-1-26-8-51-41-12-25-34-58-64-52-10-59-68-9-17-50-23-69-48-39-32-37-67-27- ,  31:52-55-8-28-10-17-44-61-43-13-33-58-41-12-40-46-7-4-25-27-67-65-39-48-66-54-5-18-69-23-0- ,  31:32-18-19-22-33-43-50-23-69-66-54-5-37-65-39-48-3-0-2-14-44-17-10-16-26-30-63-21-62-15-11- ,  31:30-62-24-63-6-35-41-27-67-5-54-36-45-34-51-8-26-49-42-15-11-9-17-20-33-22-38-18-32-65-37- ,  29:34-25-4-53-7-40-47-6-35-41-36-38-22-33-58-51-8-26-49-1-59-17-44-61-43-20-10-28-56- ,  31:33-20-52-64-35-51-34-57-25-4-53-40-46-7-47-6-56-8-26-1-31-11-59-10-55-16-9-49-15-30-63- ,  31:62-24-30-26-16-10-17-50-0-69-38-36-45-34-51-56-28-8-52-64-35-6-47-53-4-25-27-67-65-54-32- ,  31:54-66-69-23-0-3-29-19-36-41-25-4-53-47-6-56-8-26-16-9-17-20-33-22-38-18-67-27-12-40-46- ,  31:5-65-19-29-48-39-18-54-36-41-51-8-26-49-15-11-9-17-50-23-69-38-22-33-58-35-6-63-24-42-62- , 

0.512187
0.466506
0.0213065
0
22.6697
-2.18329e+07
