routeSetSize:15,pSwap:0.06667,popSize:18,elite:2,pSm:0.9,pDelete:0.4,tFit:10,maxGen:250,run:3,stableCount:20,e:0.7,minGen:1,minFitnessRatio:1e-05,minRouteLength:10,maxRouteLength:30,maxIter:1,beta:0.8,beta:0.8, OpATT19.2695
Initial : -2.24321e+07
0.461797
0.495039
0.0426079
0.000555507
23.2664

-----------------------------------------
Iteration:0 started

Gen:0
0.461797,0.495039,0.0426079,0.000555507,23.2664,-2.24321e+07
482092
ratio: 0.000000
Gen:1
0.457737,0.500055,0.0422081,0,23.228,-2.23705e+07
760086
Gen:2
0.458345,0.499447,0.0422081,0,23.2231,-2.23658e+07
304930
Gen:3
0.459658,0.498938,0.0414034,0,23.2091,-2.23523e+07
56874
Gen:4
0.461143,0.497978,0.0408791,0,23.2048,-2.23482e+07
162734
Gen:5
0.460328,0.499037,0.040635,0,23.201,-2.23446e+07
85305.5
Gen:6
0.460904,0.498461,0.040635,0,23.1981,-2.23418e+07
90161.2
Gen:7
0.461584,0.498528,0.0398874,0,23.1871,-2.23312e+07
53287.8
Gen:8
0.463775,0.496337,0.0398874,0,23.1763,-2.23208e+07
5765.62
Gen:9
0.464575,0.495538,0.0398874,0,23.1687,-2.23134e+07
117200
Gen:10
0.464777,0.495335,0.0398874,0,23.159,-2.23041e+07
38076.2
Gen:11
0.466594,0.495086,0.0383196,0,23.0891,-2.22367e+07
6231.48
Gen:12
0.467025,0.494655,0.0383196,0,23.0873,-2.22351e+07
32246.1
Gen:13
0.467378,0.494302,0.0383196,0,23.08,-2.2228e+07
54745.5
Gen:14
0.469476,0.492823,0.0377018,0,23.0637,-2.22123e+07
63524.4
Gen:15
0.471251,0.491281,0.0374681,0,23.0555,-2.22044e+07
129382
Gen:16
0.471251,0.491281,0.0374681,0,23.0555,-2.22044e+07
9064.86
ratio: 0.000000
Gen:17
0.471251,0.491281,0.0374681,0,23.0555,-2.22044e+07
46297.3
ratio: 0.000000
Gen:18
0.471988,0.490543,0.0374681,0,23.0471,-2.21963e+07
60423.9
Gen:19
0.473671,0.488861,0.0374681,0,23.0425,-2.21918e+07
92109.4
Gen:20
0.474112,0.489505,0.0363831,0,23.0295,-2.21794e+07
6915.92
Gen:21
0.476303,0.487314,0.0363831,0,23.0198,-2.217e+07
8172.93
Gen:22
0.47678,0.489547,0.033673,0,23.0068,-2.21575e+07
92567.6
Gen:23
0.477149,0.489676,0.0331746,0,23.0059,-2.21567e+07
7173.99
Gen:24
0.482263,0.484064,0.033673,0,22.9842,-2.21357e+07
5454.5
Gen:25
0.483628,0.482699,0.033673,0,22.9754,-2.21273e+07
36779.1
Gen:26
0.486047,0.48028,0.033673,0,22.9695,-2.21216e+07
49397.3
Gen:27
0.488238,0.478644,0.0331175,0,22.9545,-2.21072e+07
67613.2
Gen:28
0.488976,0.477907,0.0331175,0,22.9512,-2.2104e+07
47376.1
Gen:29
0.488602,0.478281,0.0331175,0,22.9487,-2.21015e+07
21329.1
Gen:30
0.488602,0.478281,0.0331175,0,22.9446,-2.20976e+07
30506.5
Gen:31
0.488602,0.478281,0.0331175,0,22.9389,-2.20921e+07
33780.2
Gen:32
0.490087,0.47732,0.0325932,0,22.9347,-2.2088e+07
89427
Gen:33
0.490497,0.47691,0.0325932,0,22.9322,-2.20857e+07
89724.6
Gen:34
0.490497,0.47691,0.0325932,0,22.9322,-2.20857e+07
111099
ratio: 0.000000
Gen:35
0.491073,0.476334,0.0325932,0,22.9311,-2.20846e+07
54585.4
Gen:36
0.491478,0.475929,0.0325932,0,22.9293,-2.20828e+07
5696.63
Gen:37
0.492345,0.47488,0.0327749,0,22.9166,-2.20707e+07
49845.1
Gen:38
0.492345,0.47488,0.0327749,0,22.9166,-2.20707e+07
63081.4
ratio: 0.000000
Gen:39
0.493767,0.4738,0.0324322,0,22.9075,-2.20619e+07
74352.2
Gen:40
0.494146,0.473421,0.0324322,0,22.9068,-2.20612e+07
41300.8
Gen:41
0.494712,0.472855,0.0324322,0,22.9015,-2.20561e+07
55854.1
Gen:42
0.494712,0.472855,0.0324322,0,22.9015,-2.20561e+07
91592.8
ratio: 0.000000
Gen:43
0.49479,0.472778,0.0324322,0,22.9012,-2.20558e+07
53311.1
Gen:44
0.495091,0.472476,0.0324322,0,22.9008,-2.20555e+07
89658.6
Gen:45
0.49479,0.472778,0.0324322,0,22.9004,-2.20551e+07
34422.6
Gen:46
0.495091,0.472476,0.0324322,0,22.9001,-2.20547e+07
43325.6
Gen:47
0.495143,0.472425,0.0324322,0,22.899,-2.20537e+07
113890
Gen:48
0.495849,0.472451,0.0317002,0,22.8986,-2.20533e+07
86641.4
Gen:49
0.496452,0.471848,0.0317002,0,22.8957,-2.20505e+07
61368.4
Gen:50
0.496452,0.471848,0.0317002,0,22.8957,-2.20505e+07
94252.2
ratio: 0.000000
Gen:51
0.496452,0.471848,0.0317002,0,22.8957,-2.20505e+07
93638.7
ratio: 0.000000
Gen:52
0.496452,0.471848,0.0317002,0,22.8957,-2.20505e+07
6457.02
ratio: 0.000000
Gen:53
0.496452,0.471848,0.0317002,0,22.8957,-2.20505e+07
41739
ratio: 0.000000
Gen:54
0.496452,0.471848,0.0317002,0,22.8957,-2.20505e+07
60630.9
ratio: 0.000000
Gen:55
0.496503,0.471796,0.0317002,0,22.8947,-2.20496e+07
6354.86
Gen:56
0.497163,0.471137,0.0317002,0,22.8935,-2.20484e+07
3521.91
Gen:57
0.497988,0.470312,0.0317002,0,22.8885,-2.20436e+07
81797
Gen:58
0.498191,0.470109,0.0317002,0,22.8881,-2.20432e+07
5906.2
Gen:59
0.498518,0.470244,0.0312382,0,22.8812,-2.20366e+07
7361.77
Gen:60
0.498518,0.470244,0.0312382,0,22.8812,-2.20366e+07
41508.6
ratio: 0.000000
Gen:61
0.498518,0.470244,0.0312382,0,22.8793,-2.20347e+07
61470.2
Gen:62
0.498518,0.470244,0.0312382,0,22.8793,-2.20347e+07
128629
ratio: 0.000000
Gen:63
0.498518,0.470244,0.0312382,0,22.8793,-2.20347e+07
62525.3
ratio: 0.000000
Gen:64
0.499011,0.469751,0.0312382,0,22.8762,-2.20317e+07
40570.4
Gen:65
0.499011,0.469751,0.0312382,0,22.8762,-2.20317e+07
60360.5
ratio: 0.000000
Gen:66
0.499068,0.469694,0.0312382,0,22.876,-2.20315e+07
108820
ratio: 0.000007
Gen:67
0.499068,0.469694,0.0312382,0,22.876,-2.20315e+07
110830
ratio: 0.000000
Gen:68
0.49912,0.469642,0.0312382,0,22.875,-2.20306e+07
70785.4
Gen:69
0.499322,0.469439,0.0312382,0,22.8746,-2.20302e+07
130523
Gen:70
0.499322,0.469439,0.0312382,0,22.8746,-2.20302e+07
53179.3
ratio: 0.000000
Gen:71
0.499785,0.468977,0.0312382,0,22.8723,-2.20279e+07
50635.3
Gen:72
0.499785,0.468977,0.0312382,0,22.8723,-2.20279e+07
114147
ratio: 0.000000
Gen:73
0.499785,0.468977,0.0312382,0,22.8723,-2.20279e+07
101518
ratio: 0.000000
Gen:74
0.499785,0.468977,0.0312382,0,22.8723,-2.20279e+07
48431.7
ratio: 0.000000
Gen:75
0.499836,0.468925,0.0312382,0,22.872,-2.20277e+07
76157.7
Gen:76
0.499836,0.468925,0.0312382,0,22.8709,-2.20266e+07
72514.3
Gen:77
0.501025,0.467736,0.0312382,0,22.8657,-2.20216e+07
3515.62
Gen:78
0.502292,0.46647,0.0312382,0,22.8594,-2.20155e+07
13447.2
Gen:79
0.502292,0.46647,0.0312382,0,22.8594,-2.20155e+07
65914.4
ratio: 0.000000
Gen:80
0.502292,0.46647,0.0312382,0,22.8594,-2.20155e+07
28164.8
ratio: 0.000000
Gen:81
0.502292,0.46647,0.0312382,0,22.8594,-2.20155e+07
54092.2
ratio: 0.000000
Gen:82
0.502328,0.466433,0.0312382,0,22.848,-2.20045e+07
101035
Gen:83
0.504395,0.464995,0.03061,0,22.8314,-2.19886e+07
90437.9
Gen:84
0.504395,0.464995,0.03061,0,22.8314,-2.19886e+07
7145.41
ratio: 0.000000
Gen:85
0.504415,0.464975,0.03061,0,22.8313,-2.19885e+07
4370.17
ratio: 0.000003
Gen:86
0.504415,0.464975,0.03061,0,22.8313,-2.19885e+07
4247.24
ratio: 0.000000
Gen:87
0.504415,0.464975,0.03061,0,22.8313,-2.19884e+07
103376
ratio: 0.000003
Gen:88
0.504415,0.464975,0.03061,0,22.8313,-2.19884e+07
62832.7
ratio: 0.000000
Gen:89
0.504415,0.464975,0.03061,0,22.8313,-2.19884e+07
52199.7
ratio: 0.000000
Gen:90
0.504415,0.464975,0.03061,0,22.8313,-2.19884e+07
27600.6
ratio: 0.000000
Gen:91
0.504415,0.464975,0.03061,0,22.8313,-2.19884e+07
72375.6
ratio: 0.000000
Gen:92
0.504415,0.464975,0.03061,0,22.8313,-2.19884e+07
124716
ratio: 0.000000
Gen:93
0.504415,0.464975,0.03061,0,22.8313,-2.19884e+07
65579.4
ratio: 0.000000
Gen:94
0.504415,0.464975,0.03061,0,22.8313,-2.19884e+07
142158
ratio: 0.000000
Gen:95
0.504415,0.464975,0.03061,0,22.8313,-2.19884e+07
60192.2
ratio: 0.000000
Gen:96
0.504415,0.464975,0.03061,0,22.8313,-2.19884e+07
29364.6
ratio: 0.000000
Gen:97
0.504415,0.464975,0.03061,0,22.8313,-2.19884e+07
25144.6
ratio: 0.000000
Gen:98
0.504415,0.464975,0.03061,0,22.8313,-2.19884e+07
71300.8
ratio: 0.000000
Gen:99
0.504415,0.464975,0.03061,0,22.8313,-2.19884e+07
49512.2
ratio: 0.000000
Gen:100
0.505096,0.464938,0.0299662,0,22.8145,-2.19723e+07
40169.8
Gen:101
0.505096,0.464938,0.0299662,0,22.8145,-2.19723e+07
9531.68
ratio: 0.000000
Gen:102
0.505096,0.464938,0.0299662,0,22.8145,-2.19723e+07
57021.1
ratio: 0.000000
Gen:103
0.505096,0.464938,0.0299662,0,22.8145,-2.19723e+07
3239.47
ratio: 0.000000
Gen:104
0.505096,0.464938,0.0299662,0,22.8145,-2.19723e+07
94987.7
ratio: 0.000000
Gen:105
0.505096,0.464938,0.0299662,0,22.8145,-2.19723e+07
2711.92
ratio: 0.000000
Gen:106
0.505096,0.464938,0.0299662,0,22.8145,-2.19723e+07
82333.2
ratio: 0.000000
Gen:107
0.505096,0.464938,0.0299662,0,22.8145,-2.19723e+07
40855.7
ratio: 0.000000
Gen:108
0.506378,0.463656,0.0299662,0,22.8119,-2.19698e+07
86056.8
Gen:109
0.506378,0.463656,0.0299662,0,22.8119,-2.19698e+07
30933.9
ratio: 0.000000
Gen:110
0.506378,0.463656,0.0299662,0,22.8119,-2.19698e+07
37287.7
ratio: 0.000000
Gen:111
0.506378,0.463656,0.0299662,0,22.8119,-2.19698e+07
67044.6
ratio: 0.000000
Gen:112
0.506378,0.463656,0.0299662,0,22.8119,-2.19698e+07
83432.2
ratio: 0.000000
Gen:113
0.506378,0.463656,0.0299662,0,22.8119,-2.19698e+07
2485.36
ratio: 0.000000
Gen:114
0.506378,0.463656,0.0299662,0,22.8119,-2.19698e+07
59246.6
ratio: 0.000000
Gen:115
0.506378,0.463656,0.0299662,0,22.8119,-2.19698e+07
3269.99
ratio: 0.000000
Gen:116
0.506378,0.463656,0.0299662,0,22.8119,-2.19698e+07
3547.41
ratio: 0.000000
Gen:117
0.506378,0.463656,0.0299662,0,22.8119,-2.19698e+07
65364.8
ratio: 0.000000
Gen:118
0.505636,0.464398,0.0299662,0,22.8014,-2.19597e+07
105270
Gen:119
0.505636,0.464398,0.0299662,0,22.8014,-2.19597e+07
76828.5
ratio: 0.000000
Gen:120
0.505636,0.464398,0.0299662,0,22.8014,-2.19597e+07
43707.7
ratio: 0.000000
Gen:121
0.505636,0.464398,0.0299662,0,22.8014,-2.19597e+07
2305.41
ratio: 0.000000
Gen:122
0.505636,0.464398,0.0299662,0,22.8014,-2.19597e+07
4236.83
ratio: 0.000000
Gen:123
0.505636,0.464398,0.0299662,0,22.8014,-2.19597e+07
31125.3
ratio: 0.000000
Gen:124
0.505636,0.464398,0.0299662,0,22.8014,-2.19597e+07
42816.9
ratio: 0.000000
Gen:125
0.505636,0.464398,0.0299662,0,22.8014,-2.19597e+07
50403.6
ratio: 0.000000
Gen:126
0.505636,0.464398,0.0299662,0,22.8014,-2.19597e+07
60314
ratio: 0.000000
Gen:127
0.505636,0.464398,0.0299662,0,22.8014,-2.19597e+07
109522
ratio: 0.000000
Gen:128
0.505636,0.464398,0.0299662,0,22.8014,-2.19597e+07
61471.5
ratio: 0.000000
Gen:129
0.505636,0.464398,0.0299662,0,22.8014,-2.19597e+07
118856
ratio: 0.000000
Gen:130
0.505636,0.464398,0.0299662,0,22.8014,-2.19597e+07
114068
ratio: 0.000000
Gen:131
0.506866,0.463168,0.0299662,0,22.7963,-2.19548e+07
26283.9
Gen:132
0.506866,0.463168,0.0299662,0,22.7963,-2.19548e+07
52753.5
ratio: 0.000000
Gen:133
0.506866,0.463168,0.0299662,0,22.7963,-2.19548e+07
100566
ratio: 0.000000
Gen:134
0.506866,0.463168,0.0299662,0,22.7963,-2.19548e+07
83975.3
ratio: 0.000000
Gen:135
0.506866,0.463168,0.0299662,0,22.7963,-2.19548e+07
26656.4
ratio: 0.000000
Gen:136
0.506866,0.463168,0.0299662,0,22.7963,-2.19548e+07
3262.63
ratio: 0.000000
Gen:137
0.506866,0.463168,0.0299662,0,22.7963,-2.19548e+07
54921.2
ratio: 0.000000
Gen:138
0.508283,0.462197,0.0295197,0,22.7853,-2.19442e+07
57523.3
Gen:139
0.508283,0.462197,0.0295197,0,22.7853,-2.19442e+07
22178.9
ratio: 0.000000
Gen:140
0.508667,0.461813,0.0295197,0,22.7806,-2.19396e+07
50643.2
Gen:141
0.508667,0.461813,0.0295197,0,22.7806,-2.19396e+07
2479.07
ratio: 0.000000
Gen:142
0.508667,0.461813,0.0295197,0,22.7806,-2.19396e+07
46331.5
ratio: 0.000000
Gen:143
0.508667,0.461813,0.0295197,0,22.7806,-2.19396e+07
4621.39
ratio: 0.000000
Gen:144
0.508667,0.461813,0.0295197,0,22.7806,-2.19396e+07
75570.7
ratio: 0.000000
Gen:145
0.508979,0.461501,0.0295197,0,22.7794,-2.19385e+07
105929
Gen:146
0.508979,0.461501,0.0295197,0,22.7794,-2.19385e+07
67523.5
ratio: 0.000000
Gen:147
0.508979,0.461501,0.0295197,0,22.7794,-2.19385e+07
84402.6
ratio: 0.000000
Gen:148
0.508979,0.461501,0.0295197,0,22.7794,-2.19385e+07
72615.2
ratio: 0.000000
Gen:149
0.508979,0.461501,0.0295197,0,22.7794,-2.19385e+07
78420
ratio: 0.000000
Gen:150
0.508979,0.461501,0.0295197,0,22.7794,-2.19385e+07
54821.1
ratio: 0.000000
Gen:151
0.510059,0.460421,0.0295197,0,22.7734,-2.19327e+07
42996.7
Gen:152
0.510059,0.460421,0.0295197,0,22.7734,-2.19327e+07
53740.8
ratio: 0.000000
Gen:153
0.510059,0.460421,0.0295197,0,22.7734,-2.19327e+07
59964.7
ratio: 0.000000
Gen:154
0.510059,0.460421,0.0295197,0,22.7734,-2.19327e+07
87423.7
ratio: 0.000000
Gen:155
0.510059,0.460421,0.0295197,0,22.7734,-2.19327e+07
94746.9
ratio: 0.000000
FINAL Population size
18
Best : -2.19327e+07   31:62-26-1-16-10-52-64-58-45-36-22-33-43-61-60-17-55-8-56-6-47-40-4-25-57-41-27-67-65-32-54- ,  31:44-17-20-33-22-38-18-37-5-54-36-41-35-6-21-62-26-8-51-57-25-27-67-65-19-29-23-2-14-60-61- ,  31:29-48-39-32-5-65-54-38-19-22-33-20-17-59-11-9-1-26-8-51-41-12-27-67-18-69-0-2-14-44-60- ,  31:44-14-2-50-13-22-38-69-23-3-19-36-41-51-8-26-1-11-59-10-52-64-35-34-25-27-67-18-66-29-48- ,  31:31-9-68-11-15-30-63-6-47-40-12-41-51-8-26-62-21-24-42-49-1-16-10-52-64-35-57-25-4-7-46- ,  31:33-58-45-22-38-3-66-19-36-41-51-56-8-52-20-43-50-0-69-18-65-39-48-29-23-2-14-61-17-10-28- ,  30:21-62-15-11-31-1-26-8-51-41-12-25-34-58-64-52-10-59-68-9-17-50-23-69-48-39-32-37-67-27- ,  31:63-6-56-28-10-17-44-61-43-13-33-58-41-12-40-46-7-4-25-27-67-65-39-48-66-54-5-18-69-23-50- ,  31:32-18-19-22-33-43-50-23-69-66-54-5-37-65-39-48-3-0-2-14-44-17-10-16-26-30-63-21-6-47-40- ,  30:21-30-24-63-6-35-41-27-67-5-54-36-45-34-51-8-26-49-42-15-11-9-17-20-33-22-38-18-32-65- ,  29:45-34-25-12-40-7-53-47-6-35-41-36-38-22-33-58-51-8-26-49-1-59-17-44-61-43-20-10-28- ,  31:27-41-58-34-57-25-12-4-53-46-40-7-47-6-56-8-26-1-31-11-59-10-55-16-9-49-15-30-63-24-62- ,  31:63-24-30-26-16-10-17-50-0-69-38-36-45-34-51-56-28-8-52-64-35-6-47-53-4-25-27-67-65-37-32- ,  29:37-65-5-54-19-36-41-25-4-53-47-6-56-8-26-16-9-17-20-33-22-38-18-67-27-12-40-7-46- ,  29:37-32-39-18-54-36-41-51-8-26-49-15-11-9-17-50-23-69-38-22-33-58-35-6-63-24-42-62-30- , 

0.510059
0.460421
0.0295197
0
22.7734
-2.19327e+07
Initial : -2.24321e+07
0.461797
0.495039
0.0426079
0.000555507
23.2664

-----------------------------------------
Iteration:0 started

Gen:0
0.461797,0.495039,0.0426079,0.000555507,23.2664,-2.24321e+07
482092
ratio: 0.000000
Gen:1
0.462374,0.494463,0.0426079,0.000555507,23.262,-2.24279e+07
321116
Gen:2
0.465042,0.494505,0.0398978,0.000555507,23.2338,-2.24008e+07
26670.6
Gen:3
0.465328,0.492418,0.0416993,0.000555507,23.1515,-2.23216e+07
117291
Gen:4
0.465328,0.492418,0.0416993,0.000555507,23.1515,-2.23216e+07
104426
ratio: 0.000000
Gen:5
0.467051,0.491452,0.0409413,0.000555507,23.1365,-2.23071e+07
90975.7
Gen:6
0.468832,0.49087,0.0397421,0.000555507,23.1079,-2.22796e+07
105399
Gen:7
0.47027,0.491623,0.0375512,0.000555507,23.096,-2.22681e+07
88973.3
Gen:8
0.472627,0.491156,0.0356614,0.000555507,23.0866,-2.22591e+07
137385
Gen:9
0.47461,0.490055,0.0347789,0.000555507,23.0717,-2.22447e+07
12312.2
Gen:10
0.472767,0.491317,0.0353603,0.000555507,23.0574,-2.2231e+07
78408.2
Gen:11
0.472964,0.49112,0.0353603,0.000555507,23.0572,-2.22308e+07
108771
ratio: 0.000009
Gen:12
0.473473,0.49153,0.0344414,0.000555507,23.0478,-2.22217e+07
64347.2
Gen:13
0.475566,0.489614,0.0342649,0.000555507,23.0415,-2.22157e+07
62117.9
Gen:14
0.475617,0.489323,0.0345037,0.000555507,23.0313,-2.22058e+07
60942.3
Gen:15
0.476105,0.490175,0.0331643,0.000555507,23.0275,-2.22022e+07
69951.6
Gen:16
0.478582,0.488555,0.0323076,0.000555507,23.0144,-2.21896e+07
92343.7
Gen:17
0.478644,0.488493,0.0323076,0.000555507,23.014,-2.21892e+07
56187.3
Gen:18
0.4792,0.487937,0.0323076,0.000555507,23.008,-2.21834e+07
24536.2
Gen:19
0.479179,0.487958,0.0323076,0.000555507,22.9977,-2.21735e+07
12668.6
Gen:20
0.479636,0.487501,0.0323076,0.000555507,22.9964,-2.21722e+07
66503
Gen:21
0.481681,0.486131,0.0316327,0.000555507,22.9783,-2.21548e+07
93666.8
Gen:22
0.481723,0.49005,0.028227,0,22.9798,-2.21315e+07
88115.2
Gen:23
0.482533,0.48924,0.028227,0,22.9741,-2.2126e+07
126187
Gen:24
0.483794,0.488565,0.0276403,0,22.9702,-2.21223e+07
102084
Gen:25
0.484215,0.488145,0.0276403,0,22.9658,-2.2118e+07
46242.4
Gen:26
0.485103,0.487257,0.0276403,0,22.9612,-2.21136e+07
67785.9
Gen:27
0.486764,0.485596,0.0276403,0,22.9491,-2.2102e+07
7880.89
Gen:28
0.487615,0.484334,0.0280505,0,22.9433,-2.20963e+07
38733.4
Gen:29
0.488695,0.483254,0.0280505,0,22.9376,-2.20908e+07
28300.6
Gen:30
0.489266,0.483452,0.0272821,0,22.9309,-2.20844e+07
58012.8
Gen:31
0.489858,0.48286,0.0272821,0,22.9279,-2.20816e+07
98165
Gen:32
0.49113,0.481406,0.0274638,0,22.914,-2.20681e+07
3141.32
Gen:33
0.49113,0.482797,0.0260725,0,22.8958,-2.20506e+07
88459.9
Gen:34
0.494323,0.480119,0.0255585,0,22.882,-2.20373e+07
35376.9
Gen:35
0.493799,0.480643,0.0255585,0,22.8746,-2.20302e+07
5218.61
Gen:36
0.494323,0.4807,0.024977,0,22.8608,-2.20169e+07
60090.6
Gen:37
0.494941,0.480082,0.024977,0,22.8577,-2.20139e+07
41174.3
Gen:38
0.494982,0.480041,0.024977,0,22.8557,-2.2012e+07
68926.9
Gen:39
0.495543,0.47948,0.024977,0,22.85,-2.20065e+07
15625.3
Gen:40
0.495932,0.479091,0.024977,0,22.8476,-2.20041e+07
9235.48
Gen:41
0.496623,0.4784,0.024977,0,22.8384,-2.19953e+07
48892.6
Gen:42
0.497703,0.47732,0.024977,0,22.8362,-2.19932e+07
25902.3
Gen:43
0.497703,0.47732,0.024977,0,22.8362,-2.19932e+07
59630.3
ratio: 0.000000
Gen:44
0.499104,0.475919,0.024977,0,22.8332,-2.19903e+07
37895.1
Gen:45
0.499104,0.475919,0.024977,0,22.8332,-2.19903e+07
40969.5
ratio: 0.000000
Gen:46
0.499146,0.475877,0.024977,0,22.8312,-2.19884e+07
31397.6
Gen:47
0.501005,0.474018,0.024977,0,22.8259,-2.19833e+07
5673.67
Gen:48
0.501612,0.473411,0.024977,0,22.8253,-2.19827e+07
4798.75
Gen:49
0.501612,0.473411,0.024977,0,22.8253,-2.19827e+07
106103
ratio: 0.000000
Gen:50
0.501612,0.473411,0.024977,0,22.8253,-2.19827e+07
35359.7
ratio: 0.000000
Gen:51
0.501005,0.474247,0.0247486,0,22.821,-2.19785e+07
1221.13
Gen:52
0.501612,0.473639,0.0247486,0,22.8198,-2.19774e+07
69745.1
Gen:53
0.503683,0.472046,0.024271,0,22.8123,-2.19702e+07
36565.8
Gen:54
0.503683,0.472046,0.024271,0,22.8123,-2.19702e+07
51026.6
ratio: 0.000000
Gen:55
0.503985,0.471744,0.024271,0,22.8111,-2.1969e+07
45333.8
Gen:56
0.503985,0.471744,0.024271,0,22.8111,-2.1969e+07
3413.67
ratio: 0.000000
Gen:57
0.504062,0.471667,0.024271,0,22.8106,-2.19685e+07
21686.3
Gen:58
0.504062,0.471667,0.024271,0,22.8106,-2.19685e+07
71109.9
ratio: 0.000000
Gen:59
0.50277,0.47162,0.0256104,0,22.8057,-2.19638e+07
54529.6
Gen:60
0.50277,0.47162,0.0256104,0,22.8057,-2.19638e+07
38578.4
ratio: 0.000000
Gen:61
0.50332,0.47107,0.0256104,0,22.8012,-2.19595e+07
28904.8
Gen:62
0.50332,0.47107,0.0256104,0,22.8012,-2.19595e+07
67816.6
ratio: 0.000000
Gen:63
0.504888,0.469533,0.0255793,0,22.7981,-2.19565e+07
62460
Gen:64
0.504888,0.469533,0.0255793,0,22.7981,-2.19565e+07
4996.3
ratio: 0.000000
Gen:65
0.504888,0.469533,0.0255793,0,22.7981,-2.19565e+07
74877.2
ratio: 0.000000
Gen:66
0.504888,0.469533,0.0255793,0,22.7981,-2.19565e+07
63537.6
ratio: 0.000000
Gen:67
0.504888,0.469533,0.0255793,0,22.7976,-2.1956e+07
89858.1
Gen:68
0.504888,0.469533,0.0255793,0,22.7976,-2.1956e+07
79805.8
ratio: 0.000000
Gen:69
0.504888,0.469533,0.0255793,0,22.7957,-2.19542e+07
85719.9
Gen:70
0.505755,0.468666,0.0255793,0,22.7918,-2.19504e+07
106562
Gen:71
0.505755,0.468666,0.0255793,0,22.7918,-2.19504e+07
89752.2
ratio: 0.000000
Gen:72
0.505755,0.468666,0.0255793,0,22.7918,-2.19504e+07
24104
ratio: 0.000000
Gen:73
0.505755,0.468666,0.0255793,0,22.7918,-2.19504e+07
47188.3
ratio: 0.000000
Gen:74
0.50603,0.46906,0.0249095,0,22.7869,-2.19457e+07
61853.7
Gen:75
0.50603,0.46906,0.0249095,0,22.7869,-2.19457e+07
54388.5
ratio: 0.000000
Gen:76
0.50603,0.46906,0.0249095,0,22.7869,-2.19457e+07
54115.1
ratio: 0.000000
Gen:77
0.50603,0.46906,0.0249095,0,22.7869,-2.19457e+07
92931.8
ratio: 0.000000
Gen:78
0.50603,0.46906,0.0249095,0,22.7865,-2.19453e+07
66530.1
Gen:79
0.50603,0.46906,0.0249095,0,22.7865,-2.19453e+07
44946.5
ratio: 0.000000
Gen:80
0.506705,0.468385,0.0249095,0,22.7831,-2.19421e+07
70134
Gen:81
0.506705,0.468385,0.0249095,0,22.7831,-2.19421e+07
73023.8
ratio: 0.000000
Gen:82
0.506705,0.468385,0.0249095,0,22.7831,-2.19421e+07
100183
ratio: 0.000000
Gen:83
0.506705,0.468385,0.0249095,0,22.7831,-2.19421e+07
52421.1
ratio: 0.000000
Gen:84
0.506705,0.468385,0.0249095,0,22.7831,-2.19421e+07
39327.1
ratio: 0.000000
Gen:85
0.507681,0.468027,0.0242917,0,22.7723,-2.19316e+07
29907.8
Gen:86
0.507681,0.468027,0.0242917,0,22.7723,-2.19316e+07
59933
ratio: 0.000000
Gen:87
0.508112,0.468235,0.0236532,0,22.7638,-2.19235e+07
92707.1
Gen:88
0.508112,0.468235,0.0236532,0,22.7638,-2.19235e+07
84772.3
ratio: 0.000000
Gen:89
0.508112,0.468235,0.0236532,0,22.7638,-2.19235e+07
71957.7
ratio: 0.000000
Gen:90
0.508112,0.468235,0.0236532,0,22.7638,-2.19235e+07
59725
ratio: 0.000000
Gen:91
0.508112,0.468235,0.0236532,0,22.7638,-2.19235e+07
2850.4
ratio: 0.000000
Gen:92
0.508112,0.468235,0.0236532,0,22.7638,-2.19235e+07
32256.2
ratio: 0.000000
Gen:93
0.508112,0.468235,0.0236532,0,22.7638,-2.19235e+07
55082.8
ratio: 0.000000
Gen:94
0.508112,0.468235,0.0236532,0,22.7638,-2.19235e+07
33409.9
ratio: 0.000000
Gen:95
0.508112,0.468235,0.0236532,0,22.7638,-2.19235e+07
54021.4
ratio: 0.000000
Gen:96
0.508112,0.468235,0.0236532,0,22.7638,-2.19235e+07
24914.6
ratio: 0.000000
Gen:97
0.508112,0.468235,0.0236532,0,22.7638,-2.19235e+07
5961.26
ratio: 0.000000
Gen:98
0.508112,0.468235,0.0236532,0,22.7638,-2.19235e+07
85491.2
ratio: 0.000000
Gen:99
0.508112,0.468235,0.0236532,0,22.7638,-2.19235e+07
7238.19
ratio: 0.000000
Gen:100
0.508112,0.468235,0.0236532,0,22.7638,-2.19235e+07
33858.8
ratio: 0.000000
Gen:101
0.508112,0.468235,0.0236532,0,22.7638,-2.19235e+07
61444.2
ratio: 0.000000
Gen:102
0.508112,0.468235,0.0236532,0,22.7638,-2.19235e+07
58807.6
ratio: 0.000000
Gen:103
0.508112,0.468235,0.0236532,0,22.7638,-2.19235e+07
44358.8
ratio: 0.000000
Gen:104
0.508112,0.468235,0.0236532,0,22.7638,-2.19235e+07
69420.2
ratio: 0.000000
Gen:105
0.508112,0.468235,0.0236532,0,22.7638,-2.19235e+07
72453.7
ratio: 0.000000
Gen:106
0.508112,0.468235,0.0236532,0,22.7638,-2.19235e+07
85036.5
ratio: 0.000000
Gen:107
0.509171,0.467176,0.0236532,0,22.7529,-2.1913e+07
105682
Gen:108
0.509171,0.467176,0.0236532,0,22.7529,-2.1913e+07
38953.1
ratio: 0.000000
Gen:109
0.509171,0.467176,0.0236532,0,22.7529,-2.1913e+07
83951.7
ratio: 0.000000
Gen:110
0.511076,0.46527,0.0236532,0,22.7371,-2.18977e+07
4614.19
Gen:111
0.511076,0.46527,0.0236532,0,22.7371,-2.18977e+07
47817.8
ratio: 0.000000
Gen:112
0.511076,0.46527,0.0236532,0,22.7371,-2.18977e+07
111926
ratio: 0.000000
Gen:113
0.511076,0.46527,0.0236532,0,22.7371,-2.18977e+07
55367.6
ratio: 0.000000
Gen:114
0.511076,0.46527,0.0236532,0,22.7371,-2.18977e+07
67900.8
ratio: 0.000000
Gen:115
0.511076,0.46527,0.0236532,0,22.7371,-2.18977e+07
3162.82
ratio: 0.000000
Gen:116
0.511076,0.46527,0.0236532,0,22.7371,-2.18977e+07
4300.92
ratio: 0.000000
Gen:117
0.511076,0.46527,0.0236532,0,22.7371,-2.18977e+07
70629.7
ratio: 0.000000
Gen:118
0.511076,0.46527,0.0236532,0,22.7371,-2.18977e+07
87952.1
ratio: 0.000000
Gen:119
0.511076,0.46527,0.0236532,0,22.7371,-2.18977e+07
23347.1
ratio: 0.000000
Gen:120
0.511076,0.46527,0.0236532,0,22.7371,-2.18977e+07
92441.4
ratio: 0.000000
Gen:121
0.511076,0.46527,0.0236532,0,22.7371,-2.18977e+07
51243.8
ratio: 0.000000
Gen:122
0.511076,0.46527,0.0236532,0,22.7371,-2.18977e+07
62911.1
ratio: 0.000000
Gen:123
0.511076,0.46527,0.0236532,0,22.7371,-2.18977e+07
23595.5
ratio: 0.000000
Gen:124
0.511076,0.46527,0.0236532,0,22.7371,-2.18977e+07
88136.4
ratio: 0.000000
Gen:125
0.511076,0.46527,0.0236532,0,22.7371,-2.18977e+07
3277.3
ratio: 0.000000
Gen:126
0.511076,0.46527,0.0236532,0,22.7371,-2.18977e+07
1807.75
ratio: 0.000000
Gen:127
0.511076,0.46527,0.0236532,0,22.7371,-2.18977e+07
85123.1
ratio: 0.000000
Gen:128
0.511076,0.46527,0.0236532,0,22.7371,-2.18977e+07
76387.3
ratio: 0.000000
Gen:129
0.511076,0.46527,0.0236532,0,22.7371,-2.18977e+07
97272.5
ratio: 0.000000
Gen:130
0.511076,0.46527,0.0236532,0,22.7371,-2.18977e+07
76107.8
ratio: 0.000000
Gen:131
0.511076,0.46527,0.0236532,0,22.7371,-2.18977e+07
4706.06
ratio: 0.000000
Gen:132
0.511751,0.464596,0.0236532,0,22.7331,-2.18939e+07
58357.4
Gen:133
0.511751,0.464596,0.0236532,0,22.7331,-2.18939e+07
31780.6
ratio: 0.000000
Gen:134
0.511751,0.464596,0.0236532,0,22.7331,-2.18939e+07
3159.38
ratio: 0.000000
Gen:135
0.511751,0.464596,0.0236532,0,22.7331,-2.18939e+07
57146.4
ratio: 0.000000
Gen:136
0.51254,0.4643,0.0231599,0,22.7294,-2.18903e+07
101103
Gen:137
0.51254,0.4643,0.0231599,0,22.7294,-2.18903e+07
65172.7
ratio: 0.000000
Gen:138
0.51254,0.4643,0.0231599,0,22.7294,-2.18903e+07
57921.3
ratio: 0.000000
Gen:139
0.51254,0.4643,0.0231599,0,22.7294,-2.18903e+07
102780
ratio: 0.000000
Gen:140
0.51254,0.4643,0.0231599,0,22.7294,-2.18903e+07
42941.2
ratio: 0.000000
Gen:141
0.51254,0.4643,0.0231599,0,22.7294,-2.18903e+07
68801.9
ratio: 0.000000
Gen:142
0.513236,0.463843,0.0229211,0,22.726,-2.18871e+07
105612
Gen:143
0.513236,0.463843,0.0229211,0,22.726,-2.18871e+07
95977.4
ratio: 0.000000
Gen:144
0.513236,0.463843,0.0229211,0,22.726,-2.18871e+07
36975.5
ratio: 0.000000
Gen:145
0.513236,0.463843,0.0229211,0,22.726,-2.18871e+07
44456.1
ratio: 0.000000
Gen:146
0.513236,0.463843,0.0229211,0,22.726,-2.18871e+07
39561.4
ratio: 0.000000
Gen:147
0.514664,0.462415,0.0229211,0,22.7161,-2.18775e+07
46016.3
Gen:148
0.514664,0.462415,0.0229211,0,22.7161,-2.18775e+07
59431.5
ratio: 0.000000
Gen:149
0.514664,0.462415,0.0229211,0,22.7161,-2.18775e+07
6099.88
ratio: 0.000000
Gen:150
0.514664,0.462415,0.0229211,0,22.7161,-2.18775e+07
49662.9
ratio: 0.000000
Gen:151
0.514664,0.462415,0.0229211,0,22.7161,-2.18775e+07
3005.02
ratio: 0.000000
FINAL Population size
18
Best : -2.18775e+07   31:21-30-26-1-16-10-52-64-58-45-36-22-33-43-61-60-17-55-8-56-6-47-40-4-25-57-41-27-67-65-37- ,  31:8-10-17-50-2-14-60-61-43-20-55-16-26-49-62-21-6-35-34-25-41-36-38-3-66-18-67-27-12-4-53- ,  31:38-3-48-29-66-19-22-33-20-17-59-11-9-1-26-8-51-41-12-27-67-18-69-0-2-14-44-61-43-50-23- ,  31:60-44-14-2-50-13-22-38-69-23-3-19-36-41-51-8-26-1-11-59-10-52-64-35-34-25-27-67-18-66-29- ,  31:59-68-11-15-30-63-6-47-40-12-41-51-8-26-62-21-24-42-49-1-16-10-52-64-35-57-25-4-7-46-53- ,  29:32-37-67-5-54-19-36-41-51-56-8-52-20-43-50-0-69-18-65-39-48-29-23-2-14-61-17-10-28- ,  31:31-1-26-8-51-41-12-25-34-58-64-52-10-59-68-9-17-50-23-69-48-39-32-37-18-66-38-54-5-65-19- ,  31:6-56-28-10-17-44-61-43-13-33-58-41-12-40-46-7-4-25-27-67-65-39-48-66-54-5-18-69-23-29-3- ,  31:32-18-19-22-33-43-50-23-69-66-54-5-37-65-39-48-3-0-2-14-44-17-10-16-26-30-63-21-6-56-28- ,  31:30-62-24-63-6-35-41-27-67-5-54-36-45-34-51-8-26-49-42-15-11-9-17-20-33-22-38-18-32-65-39- ,  30:45-34-25-4-53-7-40-47-6-35-41-36-38-22-33-58-51-8-26-49-1-59-17-44-61-43-20-10-28-56- ,  31:20-52-64-35-41-12-4-53-40-46-7-47-6-56-8-26-1-31-11-59-10-55-16-9-49-15-30-24-21-62-42- ,  31:21-24-30-26-16-10-17-50-0-69-38-36-45-34-51-56-28-8-52-64-35-6-47-53-4-25-27-67-65-5-32- ,  31:61-60-14-2-0-69-66-19-36-41-25-4-53-47-6-56-8-26-16-9-17-20-33-22-38-18-67-27-12-40-46- ,  29:5-32-39-18-54-36-41-51-8-26-49-15-11-9-17-50-23-69-38-22-33-58-35-6-63-24-42-62-30- , 

0.514664
0.462415
0.0229211
0
22.7161
-2.18775e+07
Initial : -2.24321e+07
0.461797
0.495039
0.0426079
0.000555507
23.2664

-----------------------------------------
Iteration:0 started

Gen:0
0.461797,0.495039,0.0426079,0.000555507,23.2664,-2.24321e+07
482092
ratio: 0.000000
Gen:1
0.464253,0.504711,0.0310357,0,23.2288,-2.23713e+07
274277
Gen:2
0.465468,0.503497,0.0310357,0,23.2276,-2.23701e+07
90569.8
Gen:3
0.468001,0.500963,0.0310357,0,23.2071,-2.23504e+07
35969.9
Gen:4
0.468406,0.498596,0.0329981,0,23.2051,-2.23485e+07
41956
Gen:5
0.469984,0.499862,0.0301531,0,23.1908,-2.23347e+07
24391.2
Gen:6
0.471402,0.501337,0.0272614,0,23.1833,-2.23275e+07
50375
Gen:7
0.474392,0.499888,0.0257194,0,23.1644,-2.23093e+07
44805.4
Gen:8
0.473401,0.50333,0.023269,0,23.1329,-2.22789e+07
32555.2
Gen:9
0.481058,0.497817,0.0211248,0,23.0934,-2.22409e+07
47525.5
Gen:10
0.481058,0.497817,0.0211248,0,23.093,-2.22405e+07
44826.1
Gen:11
0.482782,0.496093,0.0211248,0,23.0806,-2.22285e+07
90772.3
Gen:12
0.483156,0.495719,0.0211248,0,23.0791,-2.22271e+07
70689.9
Gen:13
0.485331,0.493544,0.0211248,0,23.0721,-2.22204e+07
104036
Gen:14
0.485679,0.49276,0.0215609,0,23.068,-2.22165e+07
7452.01
Gen:15
0.486458,0.491981,0.0215609,0,23.0657,-2.22142e+07
33609
Gen:16
0.489303,0.490995,0.0197023,0,23.0349,-2.21846e+07
92152.8
Gen:17
0.48992,0.490377,0.0197023,0,23.0306,-2.21804e+07
94850.8
Gen:18
0.491706,0.488591,0.0197023,0,23.0214,-2.21716e+07
33504.4
Gen:19
0.492874,0.487423,0.0197023,0,23.0121,-2.21626e+07
13352.6
Gen:20
0.4933,0.489521,0.0171792,0,22.9988,-2.21498e+07
13662.5
Gen:21
0.492849,0.489972,0.0171792,0,22.9923,-2.21436e+07
82828.4
Gen:22
0.492849,0.489972,0.0171792,0,22.9923,-2.21436e+07
74138.7
ratio: 0.000000
Gen:23
0.49385,0.48897,0.0171792,0,22.984,-2.21355e+07
66661.9
Gen:24
0.494204,0.488617,0.0171792,0,22.9822,-2.21338e+07
367194
Gen:25
0.494603,0.488218,0.0171792,0,22.9814,-2.21331e+07
34526.4
Gen:26
0.495413,0.487408,0.0171792,0,22.9758,-2.21276e+07
4962.36
Gen:27
0.494941,0.487371,0.017688,0,22.9485,-2.21014e+07
38985.2
Gen:28
0.495647,0.487023,0.0173297,0,22.9411,-2.20943e+07
58669.6
Gen:29
0.496394,0.486276,0.0173297,0,22.9381,-2.20914e+07
8684.32
Gen:30
0.496441,0.486229,0.0173297,0,22.935,-2.20883e+07
40312.9
Gen:31
0.496441,0.486229,0.0173297,0,22.935,-2.20883e+07
7822.14
ratio: 0.000000
Gen:32
0.497049,0.485622,0.0173297,0,22.9331,-2.20866e+07
38438.6
Gen:33
0.497049,0.485622,0.0173297,0,22.9331,-2.20866e+07
5077.04
ratio: 0.000000
Gen:34
0.497729,0.484459,0.0178126,0,22.9205,-2.20744e+07
19763.5
Gen:35
0.497729,0.484459,0.0178126,0,22.9188,-2.20728e+07
7186.77
Gen:36
0.498102,0.484085,0.0178126,0,22.9181,-2.20721e+07
48316
Gen:37
0.498165,0.484023,0.0178126,0,22.9163,-2.20704e+07
88534
Gen:38
0.498975,0.483213,0.0178126,0,22.9106,-2.20649e+07
357393
Gen:39
0.498975,0.483213,0.0178126,0,22.9106,-2.20649e+07
54705.6
ratio: 0.000000
Gen:40
0.499639,0.482548,0.0178126,0,22.9073,-2.20617e+07
24494.2
Gen:41
0.498736,0.483452,0.0178126,0,22.9062,-2.20606e+07
76845.6
Gen:42
0.498834,0.483353,0.0178126,0,22.9057,-2.20601e+07
55845
Gen:43
0.501399,0.480975,0.0176257,0,22.9003,-2.20549e+07
2960.85
Gen:44
0.501399,0.480975,0.0176257,0,22.9003,-2.20549e+07
27048.2
ratio: 0.000000
Gen:45
0.501487,0.480887,0.0176257,0,22.8918,-2.20468e+07
51426.4
Gen:46
0.501487,0.480887,0.0176257,0,22.8918,-2.20468e+07
65510.6
ratio: 0.000000
Gen:47
0.501747,0.480627,0.0176257,0,22.8905,-2.20455e+07
51147.7
Gen:48
0.50318,0.479194,0.0176257,0,22.8809,-2.20363e+07
65708.5
Gen:49
0.503071,0.479303,0.0176257,0,22.8796,-2.2035e+07
6955.4
Gen:50
0.503071,0.479303,0.0176257,0,22.8796,-2.2035e+07
2505.98
ratio: 0.000000
Gen:51
0.50317,0.479205,0.0176257,0,22.8795,-2.20349e+07
3962.92
ratio: 0.000007
Gen:52
0.50317,0.479205,0.0176257,0,22.8768,-2.20323e+07
67517
Gen:53
0.50317,0.479205,0.0176257,0,22.8768,-2.20323e+07
65631.3
ratio: 0.000000
Gen:54
0.50359,0.478784,0.0176257,0,22.8751,-2.20307e+07
25100.9
Gen:55
0.504286,0.478089,0.0176257,0,22.8717,-2.20274e+07
30418.4
Gen:56
0.504286,0.478089,0.0176257,0,22.8717,-2.20274e+07
103721
ratio: 0.000000
Gen:57
0.50453,0.477845,0.0176257,0,22.8709,-2.20267e+07
57503.5
Gen:58
0.505127,0.477248,0.0176257,0,22.8698,-2.20255e+07
58037.7
Gen:59
0.505127,0.477248,0.0176257,0,22.8698,-2.20255e+07
31908.2
ratio: 0.000000
Gen:60
0.505127,0.477248,0.0176257,0,22.8698,-2.20255e+07
4060.23
ratio: 0.000000
Gen:61
0.505127,0.477248,0.0176257,0,22.8698,-2.20255e+07
45461.1
ratio: 0.000000
Gen:62
0.505127,0.477248,0.0176257,0,22.8698,-2.20255e+07
39052.8
ratio: 0.000000
Gen:63
0.504223,0.478151,0.0176257,0,22.8686,-2.20244e+07
36324.9
Gen:64
0.504223,0.478151,0.0176257,0,22.8686,-2.20244e+07
356286
ratio: 0.000000
Gen:65
0.504654,0.478141,0.0172051,0,22.8631,-2.20191e+07
76570.9
Gen:66
0.504654,0.478141,0.0172051,0,22.8631,-2.20191e+07
31418.3
ratio: 0.000000
Gen:67
0.505106,0.477689,0.0172051,0,22.8626,-2.20186e+07
78693.5
Gen:68
0.505106,0.477689,0.0172051,0,22.8626,-2.20186e+07
77365.1
ratio: 0.000000
Gen:69
0.505106,0.477689,0.0172051,0,22.8626,-2.20186e+07
50090.9
ratio: 0.000000
Gen:70
0.505796,0.476998,0.0172051,0,22.8592,-2.20153e+07
61176.3
Gen:71
0.505911,0.476884,0.0172051,0,22.8586,-2.20148e+07
47523
Gen:72
0.505911,0.476884,0.0172051,0,22.8586,-2.20148e+07
2631.27
ratio: 0.000000
Gen:73
0.505911,0.476884,0.0172051,0,22.8586,-2.20148e+07
89915.9
ratio: 0.000000
Gen:74
0.505911,0.476884,0.0172051,0,22.8586,-2.20148e+07
39289.4
ratio: 0.000000
Gen:75
0.505911,0.476884,0.0172051,0,22.8586,-2.20148e+07
365296
ratio: 0.000000
Gen:76
0.505911,0.476884,0.0172051,0,22.8543,-2.20106e+07
33538
Gen:77
0.505911,0.476884,0.0172051,0,22.8543,-2.20106e+07
44118.2
ratio: 0.000000
Gen:78
0.505911,0.476884,0.0172051,0,22.8543,-2.20106e+07
36700.2
ratio: 0.000000
Gen:79
0.505911,0.476884,0.0172051,0,22.8543,-2.20106e+07
89907
ratio: 0.000000
Gen:80
0.505911,0.476884,0.0172051,0,22.8543,-2.20106e+07
3498.48
ratio: 0.000000
Gen:81
0.505911,0.476884,0.0172051,0,22.8543,-2.20106e+07
75222.6
ratio: 0.000000
Gen:82
0.505911,0.476884,0.0172051,0,22.8543,-2.20106e+07
15614
ratio: 0.000000
Gen:83
0.505911,0.476884,0.0172051,0,22.8543,-2.20106e+07
66790.6
ratio: 0.000000
Gen:84
0.505911,0.476884,0.0172051,0,22.8543,-2.20106e+07
47391.7
ratio: 0.000000
Gen:85
0.505911,0.476884,0.0172051,0,22.8543,-2.20106e+07
61304.1
ratio: 0.000000
Gen:86
0.505911,0.476884,0.0172051,0,22.8543,-2.20106e+07
31708.9
ratio: 0.000000
Gen:87
0.505911,0.476884,0.0172051,0,22.8543,-2.20106e+07
70994.2
ratio: 0.000000
Gen:88
0.505911,0.476884,0.0172051,0,22.8543,-2.20106e+07
78719.6
ratio: 0.000000
Gen:89
0.505911,0.476884,0.0172051,0,22.8543,-2.20106e+07
73267.6
ratio: 0.000000
Gen:90
0.505911,0.476884,0.0172051,0,22.8543,-2.20106e+07
38545.7
ratio: 0.000000
Gen:91
0.505911,0.476884,0.0172051,0,22.8543,-2.20106e+07
48624.1
ratio: 0.000000
Gen:92
0.505911,0.476884,0.0172051,0,22.8543,-2.20106e+07
31257.4
ratio: 0.000000
Gen:93
0.505911,0.476884,0.0172051,0,22.8543,-2.20106e+07
54052.8
ratio: 0.000000
Gen:94
0.505911,0.476884,0.0172051,0,22.8543,-2.20106e+07
359682
ratio: 0.000000
Gen:95
0.505911,0.476884,0.0172051,0,22.8543,-2.20106e+07
54612.8
ratio: 0.000000
Gen:96
0.5059,0.476946,0.0171532,0,22.8488,-2.20054e+07
38803.7
Gen:97
0.5059,0.476946,0.0171532,0,22.8488,-2.20054e+07
54396.7
ratio: 0.000000
Gen:98
0.5059,0.476946,0.0171532,0,22.8488,-2.20054e+07
89938.1
ratio: 0.000000
Gen:99
0.5059,0.476946,0.0171532,0,22.8488,-2.20054e+07
1754.59
ratio: 0.000000
Gen:100
0.5059,0.476946,0.0171532,0,22.8488,-2.20054e+07
44914.1
ratio: 0.000000
Gen:101
0.505527,0.476832,0.0176412,0,22.8365,-2.19934e+07
363473
Gen:102
0.505527,0.476832,0.0176412,0,22.8365,-2.19934e+07
362932
ratio: 0.000000
Gen:103
0.505527,0.476832,0.0176412,0,22.8365,-2.19934e+07
76615.9
ratio: 0.000000
Gen:104
0.505527,0.476832,0.0176412,0,22.8362,-2.19932e+07
81278.7
ratio: 0.000010
Gen:105
0.505527,0.476832,0.0176412,0,22.8362,-2.19932e+07
3105.89
ratio: 0.000000
Gen:106
0.505527,0.476832,0.0176412,0,22.8362,-2.19932e+07
24760.9
ratio: 0.000000
Gen:107
0.505527,0.476832,0.0176412,0,22.8362,-2.19932e+07
3387.09
ratio: 0.000000
Gen:108
0.505527,0.476832,0.0176412,0,22.8362,-2.19932e+07
59321.1
ratio: 0.000000
Gen:109
0.50712,0.473167,0.0197127,0,22.8316,-2.19888e+07
32972.9
Gen:110
0.50712,0.473167,0.0197127,0,22.8316,-2.19888e+07
65704
ratio: 0.000000
Gen:111
0.50712,0.473167,0.0197127,0,22.8316,-2.19888e+07
56411.6
ratio: 0.000000
Gen:112
0.50712,0.473167,0.0197127,0,22.8316,-2.19888e+07
28704.6
ratio: 0.000000
Gen:113
0.50712,0.473167,0.0197127,0,22.8316,-2.19888e+07
28531.6
ratio: 0.000000
Gen:114
0.50712,0.473167,0.0197127,0,22.8316,-2.19888e+07
69959.3
ratio: 0.000000
Gen:115
0.50712,0.473167,0.0197127,0,22.8316,-2.19888e+07
68752.6
ratio: 0.000000
Gen:116
0.50712,0.473167,0.0197127,0,22.8316,-2.19888e+07
70085.4
ratio: 0.000000
Gen:117
0.50712,0.473167,0.0197127,0,22.8316,-2.19888e+07
28578.4
ratio: 0.000000
Gen:118
0.50712,0.473167,0.0197127,0,22.8316,-2.19888e+07
3358.53
ratio: 0.000000
Gen:119
0.50712,0.473167,0.0197127,0,22.8316,-2.19888e+07
65592.2
ratio: 0.000000
Gen:120
0.50751,0.472352,0.0201384,0,22.8278,-2.19851e+07
74505.6
Gen:121
0.50751,0.472352,0.0201384,0,22.8278,-2.19851e+07
3440.77
ratio: 0.000000
Gen:122
0.50751,0.472352,0.0201384,0,22.8278,-2.19851e+07
67286.3
ratio: 0.000000
Gen:123
0.50751,0.472352,0.0201384,0,22.8278,-2.19851e+07
44004
ratio: 0.000000
Gen:124
0.50751,0.472352,0.0201384,0,22.8278,-2.19851e+07
2258.85
ratio: 0.000000
Gen:125
0.50751,0.472352,0.0201384,0,22.8278,-2.19851e+07
75312.1
ratio: 0.000000
Gen:126
0.50751,0.472352,0.0201384,0,22.8278,-2.19851e+07
93230
ratio: 0.000000
Gen:127
0.509046,0.470815,0.0201384,0,22.8167,-2.19744e+07
75109.9
Gen:128
0.509046,0.470815,0.0201384,0,22.8167,-2.19744e+07
2454.23
ratio: 0.000000
Gen:129
0.510054,0.469808,0.0201384,0,22.8085,-2.19665e+07
65524.7
Gen:130
0.510054,0.469808,0.0201384,0,22.8085,-2.19665e+07
72783.1
ratio: 0.000000
Gen:131
0.510054,0.469808,0.0201384,0,22.8085,-2.19665e+07
108684
ratio: 0.000000
Gen:132
0.510054,0.469808,0.0201384,0,22.8085,-2.19665e+07
34563.6
ratio: 0.000000
Gen:133
0.510054,0.469808,0.0201384,0,22.8085,-2.19665e+07
97063.4
ratio: 0.000000
Gen:134
0.510054,0.469808,0.0201384,0,22.8085,-2.19665e+07
77723.4
ratio: 0.000000
Gen:135
0.510054,0.469808,0.0201384,0,22.8085,-2.19665e+07
62987.5
ratio: 0.000000
Gen:136
0.510054,0.469808,0.0201384,0,22.8085,-2.19665e+07
59588.9
ratio: 0.000000
Gen:137
0.510682,0.46918,0.0201384,0,22.7909,-2.19496e+07
84881
Gen:138
0.510682,0.46918,0.0201384,0,22.7909,-2.19496e+07
48187.2
ratio: 0.000000
Gen:139
0.510682,0.46918,0.0201384,0,22.7909,-2.19496e+07
50460.4
ratio: 0.000000
Gen:140
0.510682,0.46918,0.0201384,0,22.7909,-2.19496e+07
74693.5
ratio: 0.000000
Gen:141
0.510682,0.46918,0.0201384,0,22.7909,-2.19496e+07
44725.6
ratio: 0.000000
FINAL Population size
18
Best : -2.19496e+07   31:21-24-30-26-1-16-10-52-64-58-45-36-22-33-43-61-60-17-55-8-56-6-47-40-4-25-57-41-27-67-65- ,  31:10-17-50-2-14-60-61-43-20-55-16-26-49-62-21-6-35-34-25-41-36-38-3-66-18-67-27-12-4-53-46- ,  31:38-54-5-32-65-19-22-33-20-17-59-11-9-1-26-8-51-41-12-27-67-18-69-0-2-14-44-60-61-43-13- ,  31:37-32-54-36-41-57-35-64-58-33-22-19-29-23-50-43-61-60-14-2-0-3-48-39-18-67-27-25-34-51-8- ,  31:9-59-68-11-15-30-63-6-47-40-12-41-51-8-26-62-21-24-42-49-1-16-10-52-64-35-57-25-4-7-46- ,  31:67-37-32-54-38-66-3-19-36-41-51-56-8-52-20-43-50-0-69-18-65-39-48-29-23-2-14-61-17-10-28- ,  31:30-15-11-31-1-26-8-51-41-12-25-34-58-64-52-10-59-68-9-17-50-23-69-48-39-32-37-5-65-19-54- ,  31:56-8-28-10-17-44-61-43-13-33-58-41-12-40-46-7-4-25-27-67-65-39-48-66-54-5-18-69-23-50-0- ,  31:32-18-19-22-33-43-50-23-69-66-54-5-37-65-39-48-3-0-2-14-44-17-10-16-26-30-63-21-6-56-28- ,  31:30-62-24-63-6-35-41-27-67-5-54-36-45-34-51-8-26-49-42-15-11-9-17-20-33-22-38-18-32-65-37- ,  31:57-25-12-40-4-7-46-53-47-6-35-41-36-38-22-33-58-51-8-26-49-1-59-17-44-61-43-20-10-28-56- ,  29:35-51-34-25-4-53-46-40-7-47-6-56-8-26-1-31-11-59-10-55-16-9-49-15-30-63-21-62-42- ,  31:63-24-30-26-16-10-17-50-0-69-38-36-45-34-51-56-28-8-52-64-35-6-47-53-4-25-27-67-65-37-18- ,  31:65-5-54-66-3-29-69-19-36-41-25-4-53-47-6-56-8-26-16-9-17-20-33-22-38-18-67-27-12-40-46- ,  31:66-19-3-48-39-18-54-36-41-51-8-26-49-15-11-9-17-50-23-69-38-22-33-58-35-6-63-24-42-30-21- , 

0.510682
0.46918
0.0201384
0
22.7909
-2.19496e+07
All Run Best : -2.18775e+07   31:21-30-26-1-16-10-52-64-58-45-36-22-33-43-61-60-17-55-8-56-6-47-40-4-25-57-41-27-67-65-37- ,  31:8-10-17-50-2-14-60-61-43-20-55-16-26-49-62-21-6-35-34-25-41-36-38-3-66-18-67-27-12-4-53- ,  31:38-3-48-29-66-19-22-33-20-17-59-11-9-1-26-8-51-41-12-27-67-18-69-0-2-14-44-61-43-50-23- ,  31:60-44-14-2-50-13-22-38-69-23-3-19-36-41-51-8-26-1-11-59-10-52-64-35-34-25-27-67-18-66-29- ,  31:59-68-11-15-30-63-6-47-40-12-41-51-8-26-62-21-24-42-49-1-16-10-52-64-35-57-25-4-7-46-53- ,  29:32-37-67-5-54-19-36-41-51-56-8-52-20-43-50-0-69-18-65-39-48-29-23-2-14-61-17-10-28- ,  31:31-1-26-8-51-41-12-25-34-58-64-52-10-59-68-9-17-50-23-69-48-39-32-37-18-66-38-54-5-65-19- ,  31:6-56-28-10-17-44-61-43-13-33-58-41-12-40-46-7-4-25-27-67-65-39-48-66-54-5-18-69-23-29-3- ,  31:32-18-19-22-33-43-50-23-69-66-54-5-37-65-39-48-3-0-2-14-44-17-10-16-26-30-63-21-6-56-28- ,  31:30-62-24-63-6-35-41-27-67-5-54-36-45-34-51-8-26-49-42-15-11-9-17-20-33-22-38-18-32-65-39- ,  30:45-34-25-4-53-7-40-47-6-35-41-36-38-22-33-58-51-8-26-49-1-59-17-44-61-43-20-10-28-56- ,  31:20-52-64-35-41-12-4-53-40-46-7-47-6-56-8-26-1-31-11-59-10-55-16-9-49-15-30-24-21-62-42- ,  31:21-24-30-26-16-10-17-50-0-69-38-36-45-34-51-56-28-8-52-64-35-6-47-53-4-25-27-67-65-5-32- ,  31:61-60-14-2-0-69-66-19-36-41-25-4-53-47-6-56-8-26-16-9-17-20-33-22-38-18-67-27-12-40-46- ,  29:5-32-39-18-54-36-41-51-8-26-49-15-11-9-17-50-23-69-38-22-33-58-35-6-63-24-42-62-30- , 

0.514664
0.462415
0.0229211
0
22.7161
-2.18775e+07
