routeSetSize:15,pSwap:0.06667,popSize:18,elite:2,pSm:1,pDelete:0.6,tFit:10,maxGen:250,run:3,stableCount:20,e:0.7,minGen:1,minFitnessRatio:1e-05,minRouteLength:10,maxRouteLength:30,maxIter:1,beta:0.8,beta:0.8, OpATT19.2695
Initial : -2.24321e+07
0.461797
0.495039
0.0426079
0.000555507
23.2664

-----------------------------------------
Iteration:0 started

Gen:0
0.461797,0.495039,0.0426079,0.000555507,23.2664,-2.24321e+07
482092
ratio: 0.000000
Gen:1
0.464165,0.492656,0.0426234,0.000555507,23.1999,-2.23681e+07
116570
Gen:2
0.466833,0.492698,0.0399134,0.000555507,23.1717,-2.2341e+07
35710.1
Gen:3
0.467186,0.492345,0.0399134,0.000555507,23.1699,-2.23393e+07
12350.9
Gen:4
0.468588,0.490943,0.0399134,0.000555507,23.1677,-2.23371e+07
9576.87
Gen:5
0.469844,0.489687,0.0399134,0.000555507,23.1563,-2.23262e+07
19045
Gen:6
0.470068,0.489464,0.0399134,0.000555507,23.1559,-2.23257e+07
10006
Gen:7
0.470774,0.489526,0.039145,0.000555507,23.1482,-2.23184e+07
19659.2
Gen:8
0.472757,0.488425,0.0382625,0.000555507,23.1319,-2.23027e+07
6197.82
Gen:9
0.472757,0.488425,0.0382625,0.000555507,23.1319,-2.23027e+07
13751.6
ratio: 0.000000
Gen:10
0.475212,0.486712,0.0375201,0.000555507,23.1212,-2.22923e+07
21796.6
Gen:11
0.477403,0.484521,0.0375201,0.000555507,23.1103,-2.22819e+07
5905.84
Gen:12
0.475129,0.486214,0.0381015,0.000555507,23.098,-2.227e+07
21031.4
Gen:13
0.475129,0.486214,0.0381015,0.000555507,23.098,-2.227e+07
15946.5
ratio: 0.000000
Gen:14
0.476484,0.486312,0.0366479,0.000555507,23.0754,-2.22483e+07
5054.77
Gen:15
0.478426,0.484371,0.0366479,0.000555507,23.0719,-2.22449e+07
21252.6
Gen:16
0.476484,0.486312,0.0366479,0.000555507,23.0653,-2.22385e+07
9321.13
Gen:17
0.477102,0.485694,0.0366479,0.000555507,23.061,-2.22344e+07
19313.5
Gen:18
0.479475,0.484365,0.0356043,0.000555507,23.0464,-2.22203e+07
6780.5
Gen:19
0.479553,0.484287,0.0356043,0.000555507,23.0458,-2.22198e+07
6097.43
Gen:20
0.481494,0.482346,0.0356043,0.000555507,23.0423,-2.22164e+07
19746.2
Gen:21
0.48232,0.480684,0.0364402,0.000555507,22.9972,-2.2173e+07
6928.51
Gen:22
0.482938,0.480067,0.0364402,0.000555507,22.9929,-2.21688e+07
27627.3
Gen:23
0.484168,0.478987,0.0362896,0.000555507,22.9858,-2.2162e+07
8237.21
Gen:24
0.486271,0.478146,0.0350281,0.000555507,22.9795,-2.2156e+07
8659.68
Gen:25
0.486795,0.477621,0.0350281,0.000555507,22.9762,-2.21528e+07
7031.09
Gen:26
0.487854,0.476188,0.0354019,0.000555507,22.9613,-2.21385e+07
10027.3
Gen:27
0.487854,0.476188,0.0354019,0.000555507,22.9613,-2.21385e+07
15112.2
ratio: 0.000000
Gen:28
0.489417,0.478779,0.031804,0,22.9498,-2.21026e+07
5354.91
Gen:29
0.490003,0.478192,0.031804,0,22.9436,-2.20966e+07
19506.2
Gen:30
0.490351,0.477845,0.031804,0,22.9395,-2.20927e+07
4750.85
Gen:31
0.490725,0.477471,0.031804,0,22.938,-2.20912e+07
7295.05
Gen:32
0.490725,0.477471,0.031804,0,22.938,-2.20912e+07
3750.87
ratio: 0.000000
Gen:33
0.490725,0.477471,0.031804,0,22.938,-2.20912e+07
8251.82
ratio: 0.000000
Gen:34
0.491177,0.479054,0.0297689,0,22.9305,-2.20841e+07
9152.57
Gen:35
0.49073,0.478535,0.0307346,0,22.925,-2.20787e+07
5239.36
Gen:36
0.49315,0.477788,0.0290629,0,22.9163,-2.20704e+07
3044.83
Gen:37
0.493503,0.477434,0.0290629,0,22.9144,-2.20685e+07
6791.06
Gen:38
0.4937,0.479636,0.0266643,0,22.9092,-2.20636e+07
5139.7
Gen:39
0.493311,0.480025,0.0266643,0,22.906,-2.20604e+07
9541.27
Gen:40
0.494375,0.479288,0.0263372,0,22.9014,-2.2056e+07
5301.8
Gen:41
0.493908,0.479755,0.0263372,0,22.8988,-2.20535e+07
3321.3
Gen:42
0.49478,0.478883,0.0263372,0,22.8986,-2.20533e+07
5662.96
ratio: 0.000007
Gen:43
0.495761,0.477902,0.0263372,0,22.8902,-2.20452e+07
3072.32
Gen:44
0.497033,0.476448,0.0265189,0,22.8762,-2.20317e+07
5190.62
Gen:45
0.497723,0.476708,0.0255689,0,22.867,-2.20228e+07
9415.57
Gen:46
0.497947,0.476484,0.0255689,0,22.8665,-2.20224e+07
5305.17
Gen:47
0.498336,0.475685,0.025979,0,22.8627,-2.20187e+07
3632.59
Gen:48
0.498336,0.475685,0.025979,0,22.8627,-2.20187e+07
3195.22
ratio: 0.000000
Gen:49
0.498336,0.475685,0.025979,0,22.8616,-2.20177e+07
3573.9
Gen:50
0.498336,0.475685,0.025979,0,22.8616,-2.20177e+07
3516.96
ratio: 0.000000
Gen:51
0.498336,0.475685,0.025979,0,22.858,-2.20142e+07
3752.55
Gen:52
0.497947,0.476074,0.025979,0,22.8548,-2.20111e+07
5331.89
Gen:53
0.497947,0.476074,0.025979,0,22.8548,-2.20111e+07
4651.61
ratio: 0.000000
Gen:54
0.498149,0.475872,0.025979,0,22.8546,-2.20109e+07
5198.01
ratio: 0.000009
Gen:55
0.498149,0.475872,0.025979,0,22.8546,-2.20109e+07
4323.22
ratio: 0.000000
Gen:56
0.497947,0.476074,0.025979,0,22.8529,-2.20093e+07
5020.65
Gen:57
0.497947,0.476074,0.025979,0,22.8529,-2.20093e+07
5848.18
ratio: 0.000000
Gen:58
0.497947,0.476074,0.025979,0,22.8529,-2.20093e+07
4480.45
ratio: 0.000000
Gen:59
0.4983,0.475721,0.025979,0,22.8461,-2.20028e+07
3248.21
Gen:60
0.4983,0.475721,0.025979,0,22.8458,-2.20024e+07
6020.83
Gen:61
0.4983,0.475721,0.025979,0,22.8458,-2.20024e+07
8306.76
ratio: 0.000000
Gen:62
0.4983,0.475721,0.025979,0,22.8458,-2.20024e+07
4369.02
ratio: 0.000000
Gen:63
0.4983,0.475721,0.025979,0,22.8458,-2.20024e+07
3399.08
ratio: 0.000000
Gen:64
0.4983,0.475721,0.025979,0,22.8458,-2.20024e+07
2786.33
ratio: 0.000000
Gen:65
0.49871,0.475311,0.025979,0,22.8447,-2.20014e+07
2946.59
Gen:66
0.49871,0.475311,0.025979,0,22.8447,-2.20014e+07
2769.22
ratio: 0.000000
Gen:67
0.49871,0.475311,0.025979,0,22.8447,-2.20014e+07
3619.22
ratio: 0.000000
Gen:68
0.49871,0.475311,0.025979,0,22.8447,-2.20014e+07
4595.82
ratio: 0.000000
Gen:69
0.49871,0.475675,0.0256156,0,22.8339,-2.1991e+07
2749.7
Gen:70
0.49871,0.475675,0.0256156,0,22.8339,-2.1991e+07
6049.81
ratio: 0.000000
Gen:71
0.49871,0.475675,0.0256156,0,22.8339,-2.1991e+07
4581.31
ratio: 0.000000
Gen:72
0.499463,0.474922,0.0256156,0,22.8301,-2.19874e+07
3531.53
Gen:73
0.499463,0.474922,0.0256156,0,22.8301,-2.19874e+07
3052.92
ratio: 0.000000
Gen:74
0.499463,0.474922,0.0256156,0,22.8287,-2.1986e+07
1763.99
Gen:75
0.499463,0.474678,0.0258596,0,22.8121,-2.197e+07
4876.31
Gen:76
0.499463,0.474678,0.0258596,0,22.8121,-2.197e+07
7757.82
ratio: 0.000000
Gen:77
0.499463,0.474678,0.0258596,0,22.8121,-2.197e+07
4354.23
ratio: 0.000000
Gen:78
0.499463,0.474678,0.0258596,0,22.8121,-2.197e+07
3887.33
ratio: 0.000000
Gen:79
0.499463,0.474678,0.0258596,0,22.8121,-2.197e+07
5359.95
ratio: 0.000000
Gen:80
0.500226,0.473915,0.0258596,0,22.8116,-2.19695e+07
3698.56
Gen:81
0.499665,0.474475,0.0258596,0,22.8114,-2.19693e+07
4711.7
ratio: 0.000009
Gen:82
0.499665,0.474475,0.0258596,0,22.8114,-2.19693e+07
5988.71
ratio: 0.000000
Gen:83
0.499665,0.474475,0.0258596,0,22.8106,-2.19686e+07
3775.37
Gen:84
0.499665,0.474475,0.0258596,0,22.8106,-2.19686e+07
4365.36
ratio: 0.000000
Gen:85
0.499665,0.474475,0.0258596,0,22.8106,-2.19686e+07
5193.85
ratio: 0.000000
Gen:86
0.499665,0.474475,0.0258596,0,22.8106,-2.19686e+07
4305.47
ratio: 0.000000
Gen:87
0.500423,0.473717,0.0258596,0,22.8078,-2.19658e+07
2786.81
Gen:88
0.500423,0.473717,0.0258596,0,22.8078,-2.19658e+07
3580.68
ratio: 0.000000
Gen:89
0.500511,0.473629,0.0258596,0,22.8075,-2.19656e+07
4043.87
Gen:90
0.500511,0.473629,0.0258596,0,22.8075,-2.19656e+07
3565.55
ratio: 0.000000
Gen:91
0.500511,0.473629,0.0258596,0,22.8075,-2.19656e+07
5729.81
ratio: 0.000000
Gen:92
0.500511,0.473629,0.0258596,0,22.8075,-2.19656e+07
4996.38
ratio: 0.000000
Gen:93
0.500511,0.473629,0.0258596,0,22.8075,-2.19656e+07
2793.91
ratio: 0.000000
Gen:94
0.500511,0.473629,0.0258596,0,22.8075,-2.19656e+07
5096.81
ratio: 0.000000
Gen:95
0.500511,0.473629,0.0258596,0,22.8075,-2.19656e+07
3527.17
ratio: 0.000000
Gen:96
0.500511,0.473629,0.0258596,0,22.8075,-2.19656e+07
2973.66
ratio: 0.000000
Gen:97
0.500511,0.473629,0.0258596,0,22.8075,-2.19656e+07
3929.94
ratio: 0.000000
Gen:98
0.500511,0.474185,0.0253041,0,22.8021,-2.19603e+07
4861.61
Gen:99
0.500511,0.474185,0.0253041,0,22.8021,-2.19603e+07
4098.57
ratio: 0.000000
Gen:100
0.501622,0.473712,0.0246655,0,22.7897,-2.19484e+07
2430.17
Gen:101
0.501622,0.473712,0.0246655,0,22.7897,-2.19484e+07
6965.85
ratio: 0.000000
Gen:102
0.501622,0.473712,0.0246655,0,22.7897,-2.19484e+07
1842.74
ratio: 0.000000
Gen:103
0.501622,0.473712,0.0246655,0,22.7897,-2.19484e+07
3460.15
ratio: 0.000000
Gen:104
0.501622,0.473712,0.0246655,0,22.7897,-2.19484e+07
4411.86
ratio: 0.000000
Gen:105
0.501622,0.473712,0.0246655,0,22.7897,-2.19484e+07
3300.08
ratio: 0.000000
Gen:106
0.502313,0.473022,0.0246655,0,22.7869,-2.19457e+07
4828.41
Gen:107
0.502313,0.473022,0.0246655,0,22.7869,-2.19457e+07
2686.13
ratio: 0.000000
Gen:108
0.50346,0.471874,0.0246655,0,22.7797,-2.19387e+07
3857.24
Gen:109
0.503071,0.472264,0.0246655,0,22.777,-2.19362e+07
4355.78
Gen:110
0.503071,0.472264,0.0246655,0,22.777,-2.19362e+07
4451.75
ratio: 0.000000
Gen:111
0.503071,0.472264,0.0246655,0,22.777,-2.19362e+07
4551.98
ratio: 0.000000
Gen:112
0.503071,0.472264,0.0246655,0,22.777,-2.19362e+07
3615.62
ratio: 0.000000
Gen:113
0.503071,0.472264,0.0246655,0,22.777,-2.19362e+07
4182.03
ratio: 0.000000
Gen:114
0.503071,0.472264,0.0246655,0,22.777,-2.19362e+07
4486.95
ratio: 0.000000
Gen:115
0.503071,0.472264,0.0246655,0,22.777,-2.19362e+07
3934.74
ratio: 0.000000
Gen:116
0.503071,0.472264,0.0246655,0,22.777,-2.19362e+07
5181.37
ratio: 0.000000
Gen:117
0.503071,0.472264,0.0246655,0,22.777,-2.19362e+07
4806.9
ratio: 0.000000
Gen:118
0.503071,0.472264,0.0246655,0,22.777,-2.19362e+07
3770.81
ratio: 0.000000
Gen:119
0.503071,0.472264,0.0246655,0,22.777,-2.19362e+07
4553.26
ratio: 0.000000
Gen:120
0.503071,0.472264,0.0246655,0,22.777,-2.19362e+07
4445.99
ratio: 0.000000
Gen:121
0.503107,0.472674,0.024219,0,22.7591,-2.1919e+07
3450.2
Gen:122
0.503107,0.472674,0.024219,0,22.7591,-2.1919e+07
6944.32
ratio: 0.000000
Gen:123
0.503107,0.472674,0.024219,0,22.7591,-2.1919e+07
5783.13
ratio: 0.000000
Gen:124
0.503107,0.472674,0.024219,0,22.7591,-2.1919e+07
4396.75
ratio: 0.000000
Gen:125
0.503107,0.472674,0.024219,0,22.7591,-2.1919e+07
3666.21
ratio: 0.000000
Gen:126
0.503424,0.472357,0.024219,0,22.7538,-2.19139e+07
4462.08
Gen:127
0.503424,0.472357,0.024219,0,22.7538,-2.19139e+07
6135.07
ratio: 0.000000
Gen:128
0.503424,0.472357,0.024219,0,22.7538,-2.19139e+07
4777.7
ratio: 0.000000
Gen:129
0.503424,0.472357,0.024219,0,22.7538,-2.19139e+07
2781.98
ratio: 0.000000
Gen:130
0.503424,0.472357,0.024219,0,22.7538,-2.19139e+07
2701.24
ratio: 0.000000
Gen:131
0.503424,0.472357,0.024219,0,22.7538,-2.19139e+07
5135.95
ratio: 0.000000
Gen:132
0.503424,0.472357,0.024219,0,22.7538,-2.19139e+07
5400.44
ratio: 0.000000
Gen:133
0.503424,0.472357,0.024219,0,22.7534,-2.19135e+07
3452.55
Gen:134
0.503959,0.471822,0.024219,0,22.7529,-2.1913e+07
5920.04
Gen:135
0.503959,0.471822,0.024219,0,22.7529,-2.1913e+07
3473.53
ratio: 0.000000
Gen:136
0.504125,0.472757,0.0231184,0,22.7406,-2.19012e+07
3965.83
Gen:137
0.504125,0.472757,0.0231184,0,22.7406,-2.19012e+07
5901.42
ratio: 0.000000
Gen:138
0.504125,0.472757,0.0231184,0,22.7406,-2.19012e+07
3712.61
ratio: 0.000000
Gen:139
0.504125,0.472757,0.0231184,0,22.7406,-2.19012e+07
4399.51
ratio: 0.000000
Gen:140
0.50576,0.471121,0.0231184,0,22.7344,-2.18951e+07
4905.01
Gen:141
0.50576,0.471121,0.0231184,0,22.7344,-2.18951e+07
4993.02
ratio: 0.000000
Gen:142
0.50576,0.471121,0.0231184,0,22.7344,-2.18951e+07
2814.37
ratio: 0.000000
Gen:143
0.50576,0.471121,0.0231184,0,22.7344,-2.18951e+07
2751.9
ratio: 0.000000
Gen:144
0.50576,0.471121,0.0231184,0,22.7344,-2.18951e+07
3174.72
ratio: 0.000000
Gen:145
0.50576,0.471121,0.0231184,0,22.7344,-2.18951e+07
4173.06
ratio: 0.000000
Gen:146
0.50576,0.471121,0.0231184,0,22.7344,-2.18951e+07
4133.5
ratio: 0.000000
Gen:147
0.50576,0.471121,0.0231184,0,22.7344,-2.18951e+07
4005.05
ratio: 0.000000
Gen:148
0.50576,0.471121,0.0231184,0,22.7344,-2.18951e+07
4450.58
ratio: 0.000000
Gen:149
0.50576,0.471121,0.0231184,0,22.7344,-2.18951e+07
3601.72
ratio: 0.000000
Gen:150
0.506035,0.471942,0.022023,0,22.7289,-2.18898e+07
3628.8
Gen:151
0.506035,0.471942,0.022023,0,22.7289,-2.18898e+07
4892.25
ratio: 0.000000
Gen:152
0.506035,0.471942,0.022023,0,22.7289,-2.18898e+07
5547.04
ratio: 0.000000
Gen:153
0.506035,0.471942,0.022023,0,22.7289,-2.18898e+07
3892.3
ratio: 0.000000
Gen:154
0.506035,0.471942,0.022023,0,22.7289,-2.18898e+07
2926.71
ratio: 0.000000
Gen:155
0.506035,0.471942,0.022023,0,22.7289,-2.18898e+07
2778.19
ratio: 0.000000
FINAL Population size
18
Best : -2.18898e+07   31:30-26-1-16-10-52-64-58-45-36-22-33-43-61-60-17-55-8-56-6-47-40-4-25-57-41-27-67-65-54-19- ,  31:28-10-17-50-2-14-60-61-43-20-55-16-26-49-62-21-6-35-34-25-41-36-38-3-66-18-67-27-12-4-7- ,  31:38-3-29-66-19-22-33-20-17-59-11-9-1-26-8-51-41-12-27-67-18-69-0-2-14-44-60-61-43-50-23- ,  30:44-14-2-50-13-22-38-69-23-3-19-36-41-51-8-26-1-11-59-10-52-64-35-34-25-27-67-18-66-29- ,  30:59-68-11-15-30-63-6-47-40-12-41-51-8-26-62-21-24-42-49-1-16-10-52-64-35-57-25-4-7-46- ,  31:67-37-32-5-54-38-66-19-36-41-51-56-8-52-20-43-50-0-69-18-65-39-48-29-23-2-14-61-17-10-28- ,  31:49-11-31-1-26-8-51-41-12-25-34-58-64-52-10-59-68-9-17-50-23-69-48-39-32-37-18-38-36-45-22- ,  31:6-56-28-10-17-44-61-43-13-33-58-41-12-40-46-7-4-25-27-67-65-39-48-66-54-5-18-69-23-50-2- ,  30:32-18-19-22-33-43-50-23-69-66-54-5-37-65-39-48-3-0-2-14-44-17-10-16-26-30-63-21-6-56- ,  31:21-62-30-24-63-6-35-41-27-67-5-54-36-45-34-51-8-26-49-42-15-11-9-17-20-33-22-38-18-32-39- ,  27:40-7-4-53-47-6-35-41-36-38-22-33-58-51-8-26-49-1-59-17-44-61-43-20-10-28-56- ,  31:20-33-58-34-57-41-12-40-53-46-7-47-6-56-8-26-1-31-11-59-10-55-16-9-49-15-30-63-21-62-42- ,  31:62-24-30-26-16-10-17-50-0-69-38-36-45-34-51-56-28-8-52-64-35-6-47-53-4-25-27-67-65-37-32- ,  31:29-48-39-65-5-32-54-19-36-41-25-4-53-47-6-56-8-26-16-9-17-20-33-22-38-18-67-27-12-40-46- ,  31:65-19-66-48-39-18-54-36-41-51-8-26-49-15-11-9-17-50-23-69-38-22-33-58-35-6-63-24-42-30-21- , 

0.506035
0.471942
0.022023
0
22.7289
-2.18898e+07
Initial : -2.24321e+07
0.461797
0.495039
0.0426079
0.000555507
23.2664

-----------------------------------------
Iteration:0 started

Gen:0
0.461797,0.495039,0.0426079,0.000555507,23.2664,-2.24321e+07
482092
ratio: 0.000000
Gen:1
0.461797,0.495039,0.0426079,0.000555507,23.266,-2.24318e+07
330276
Gen:2
0.464061,0.492688,0.0426961,0.000555507,23.2179,-2.23855e+07
48334.6
Gen:3
0.464917,0.492137,0.0423898,0.000555507,23.2114,-2.23792e+07
26909
Gen:4
0.466044,0.491587,0.0418135,0.000555507,23.2027,-2.23708e+07
24223.8
Gen:5
0.468469,0.491005,0.0399705,0.000555507,23.1946,-2.23631e+07
26314
Gen:6
0.468469,0.491005,0.0399705,0.000555507,23.1946,-2.23631e+07
5573.34
ratio: 0.000000
Gen:7
0.470659,0.488815,0.0399705,0.000555507,23.1838,-2.23527e+07
7995.01
Gen:8
0.47216,0.48789,0.0393942,0.000555507,23.1725,-2.23418e+07
10669.7
Gen:9
0.474673,0.486172,0.0385999,0.000555507,23.1553,-2.23252e+07
8865.45
Gen:10
0.475394,0.486162,0.0378887,0.000555507,23.1524,-2.23225e+07
8595.31
Gen:11
0.475394,0.486162,0.0378887,0.000555507,23.1524,-2.23225e+07
9132.1
ratio: 0.000000
Gen:12
0.476625,0.485487,0.0373332,0.000555507,23.1413,-2.23118e+07
18546.4
Gen:13
0.476983,0.484417,0.0380444,0.000555507,23.1385,-2.2309e+07
17762
Gen:14
0.478758,0.483446,0.0372397,0.000555507,23.1225,-2.22937e+07
19523.4
Gen:15
0.480191,0.479496,0.0397577,0.000555507,23.0402,-2.22144e+07
9446.2
Gen:16
0.480768,0.479298,0.0393787,0.000555507,23.0042,-2.21797e+07
31324.8
Gen:17
0.480768,0.479298,0.0393787,0.000555507,23.0042,-2.21797e+07
39152.5
ratio: 0.000000
Gen:18
0.482045,0.480544,0.0368555,0.000555507,22.9852,-2.21614e+07
24512.4
Gen:19
0.485378,0.478655,0.0354122,0.000555507,22.9718,-2.21485e+07
26793
Gen:20
0.485378,0.478655,0.0354122,0.000555507,22.9718,-2.21485e+07
23429.2
ratio: 0.000000
Gen:21
0.485378,0.478655,0.0354122,0.000555507,22.9689,-2.21458e+07
6971.85
Gen:22
0.485954,0.478078,0.0354122,0.000555507,22.966,-2.2143e+07
19768.8
Gen:23
0.488482,0.47555,0.0354122,0.000555507,22.9585,-2.21358e+07
7681.66
Gen:24
0.489728,0.474885,0.0348308,0.000555507,22.949,-2.21266e+07
24602.7
Gen:25
0.489739,0.474875,0.0348308,0.000555507,22.9403,-2.21183e+07
16796.5
Gen:26
0.489739,0.474875,0.0348308,0.000555507,22.9403,-2.21183e+07
12037.2
ratio: 0.000000
Gen:27
0.490144,0.47447,0.0348308,0.000555507,22.9375,-2.21156e+07
17298.4
Gen:28
0.490845,0.473769,0.0348308,0.000555507,22.9328,-2.2111e+07
11238.5
Gen:29
0.49276,0.472835,0.0338496,0.000555507,22.9311,-2.21094e+07
10020.8
Gen:30
0.496882,0.47651,0.0266072,0,22.8886,-2.20437e+07
15960.3
Gen:31
0.496882,0.47651,0.0266072,0,22.8886,-2.20437e+07
33005
ratio: 0.000000
Gen:32
0.496882,0.47651,0.0266072,0,22.8876,-2.20427e+07
11337.4
Gen:33
0.496991,0.476957,0.0260517,0,22.884,-2.20392e+07
16454.8
Gen:34
0.497069,0.476879,0.0260517,0,22.8834,-2.20387e+07
19209.8
Gen:35
0.497973,0.475976,0.0260517,0,22.8798,-2.20352e+07
8816.68
Gen:36
0.497422,0.477196,0.025382,0,22.8779,-2.20334e+07
11135.1
Gen:37
0.497422,0.477196,0.025382,0,22.8779,-2.20334e+07
16267.8
ratio: 0.000000
Gen:38
0.497947,0.476671,0.025382,0,22.8747,-2.20303e+07
16001.4
Gen:39
0.497947,0.476671,0.025382,0,22.8747,-2.20303e+07
16160.7
ratio: 0.000000
Gen:40
0.500293,0.47475,0.0249563,0,22.8585,-2.20146e+07
10461.1
Gen:41
0.500293,0.47475,0.0249563,0,22.8549,-2.20112e+07
10274.8
Gen:42
0.500293,0.47475,0.0249563,0,22.8549,-2.20112e+07
14603.1
ratio: 0.000000
Gen:43
0.500293,0.47475,0.0249563,0,22.8549,-2.20112e+07
5617.56
ratio: 0.000000
Gen:44
0.502048,0.474922,0.0230302,0,22.8428,-2.19996e+07
7851.73
Gen:45
0.503014,0.473956,0.0230302,0,22.8397,-2.19966e+07
14475.6
Gen:46
0.502697,0.477227,0.0200761,0,22.8156,-2.19734e+07
9068.02
Gen:47
0.504073,0.475851,0.0200761,0,22.8042,-2.19624e+07
13694.8
Gen:48
0.504031,0.475893,0.0200761,0,22.8005,-2.19588e+07
9790.46
Gen:49
0.505661,0.475861,0.0184771,0,22.7975,-2.19559e+07
9510.2
Gen:50
0.505661,0.475861,0.0184771,0,22.7975,-2.19559e+07
8043.32
ratio: 0.000000
Gen:51
0.505791,0.475732,0.0184771,0,22.7956,-2.19541e+07
19316.4
Gen:52
0.506368,0.475155,0.0184771,0,22.7945,-2.1953e+07
15450.9
Gen:53
0.506368,0.475155,0.0184771,0,22.7945,-2.1953e+07
16091.3
ratio: 0.000000
Gen:54
0.505999,0.475524,0.0184771,0,22.791,-2.19497e+07
7084.03
Gen:55
0.505999,0.475524,0.0184771,0,22.791,-2.19497e+07
9872.95
ratio: 0.000000
Gen:56
0.506689,0.474833,0.0184771,0,22.7847,-2.19436e+07
13774
Gen:57
0.506689,0.474833,0.0184771,0,22.7847,-2.19436e+07
16000.2
ratio: 0.000000
Gen:58
0.507297,0.474226,0.0184771,0,22.7817,-2.19407e+07
13781.8
Gen:59
0.507297,0.474226,0.0184771,0,22.7817,-2.19407e+07
7201.73
ratio: 0.000000
Gen:60
0.507961,0.473562,0.0184771,0,22.781,-2.19401e+07
6586.73
Gen:61
0.507297,0.474226,0.0184771,0,22.7801,-2.19392e+07
4268.18
Gen:62
0.507375,0.474148,0.0184771,0,22.7797,-2.19388e+07
3461.15
Gen:63
0.507375,0.474148,0.0184771,0,22.7795,-2.19386e+07
9420.22
Gen:64
0.507375,0.474148,0.0184771,0,22.7795,-2.19386e+07
7135.63
ratio: 0.000000
Gen:65
0.507375,0.474148,0.0184771,0,22.7795,-2.19386e+07
9683.25
ratio: 0.000000
Gen:66
0.508039,0.473484,0.0184771,0,22.7788,-2.19379e+07
7534.02
Gen:67
0.50833,0.474636,0.0170338,0,22.7637,-2.19234e+07
2551.02
Gen:68
0.50833,0.474636,0.0170338,0,22.7637,-2.19234e+07
8122.52
ratio: 0.000000
Gen:69
0.50833,0.474636,0.0170338,0,22.7637,-2.19234e+07
5263.83
ratio: 0.000000
Gen:70
0.509405,0.473562,0.0170338,0,22.7627,-2.19224e+07
8050.67
Gen:71
0.509405,0.473562,0.0170338,0,22.7627,-2.19224e+07
7985.52
ratio: 0.000000
Gen:72
0.509405,0.473562,0.0170338,0,22.7627,-2.19224e+07
7661.61
ratio: 0.000000
Gen:73
0.510069,0.472897,0.0170338,0,22.762,-2.19218e+07
9257.56
Gen:74
0.509405,0.473562,0.0170338,0,22.7527,-2.19127e+07
7098.03
Gen:75
0.510069,0.472897,0.0170338,0,22.752,-2.19121e+07
11551.5
Gen:76
0.510069,0.472897,0.0170338,0,22.752,-2.19121e+07
7230.47
ratio: 0.000000
Gen:77
0.510069,0.472897,0.0170338,0,22.752,-2.19121e+07
1308.99
ratio: 0.000000
Gen:78
0.510069,0.472897,0.0170338,0,22.752,-2.19121e+07
5554.84
ratio: 0.000000
Gen:79
0.510069,0.472897,0.0170338,0,22.7514,-2.19116e+07
4589.12
Gen:80
0.510069,0.472897,0.0170338,0,22.7514,-2.19116e+07
4171.79
ratio: 0.000000
Gen:81
0.510069,0.472897,0.0170338,0,22.7514,-2.19116e+07
7304.83
ratio: 0.000000
Gen:82
0.510069,0.472897,0.0170338,0,22.7514,-2.19116e+07
8299.03
ratio: 0.000000
Gen:83
0.510069,0.472897,0.0170338,0,22.7514,-2.19116e+07
8994.21
ratio: 0.000000
Gen:84
0.510069,0.472897,0.0170338,0,22.7514,-2.19116e+07
9404.44
ratio: 0.000000
Gen:85
0.510069,0.472897,0.0170338,0,22.7514,-2.19116e+07
11008.7
ratio: 0.000000
Gen:86
0.510069,0.472897,0.0170338,0,22.7514,-2.19116e+07
9384.32
ratio: 0.000000
Gen:87
0.510069,0.472897,0.0170338,0,22.7514,-2.19116e+07
5779.82
ratio: 0.000000
Gen:88
0.510069,0.472897,0.0170338,0,22.7514,-2.19116e+07
11062.9
ratio: 0.000000
Gen:89
0.510069,0.472897,0.0170338,0,22.7514,-2.19116e+07
8463.8
ratio: 0.000000
Gen:90
0.510178,0.473343,0.0164783,0,22.7269,-2.18879e+07
8893.92
Gen:91
0.510292,0.473229,0.0164783,0,22.7222,-2.18834e+07
14220
Gen:92
0.510292,0.473229,0.0164783,0,22.7222,-2.18834e+07
7818.35
ratio: 0.000000
Gen:93
0.510292,0.473229,0.0164783,0,22.7222,-2.18834e+07
7125.4
ratio: 0.000000
Gen:94
0.510292,0.473229,0.0164783,0,22.7222,-2.18834e+07
11457.5
ratio: 0.000000
Gen:95
0.510292,0.473229,0.0164783,0,22.7222,-2.18834e+07
10877.7
ratio: 0.000000
Gen:96
0.510292,0.473229,0.0164783,0,22.7222,-2.18834e+07
8718.75
ratio: 0.000000
Gen:97
0.510292,0.473229,0.0164783,0,22.7222,-2.18834e+07
11543.2
ratio: 0.000000
Gen:98
0.510292,0.473229,0.0164783,0,22.7222,-2.18834e+07
10211.8
ratio: 0.000000
Gen:99
0.510292,0.473229,0.0164783,0,22.7222,-2.18834e+07
2785.08
ratio: 0.000000
Gen:100
0.510298,0.473224,0.0164783,0,22.7202,-2.18814e+07
10833
Gen:101
0.512125,0.471397,0.0164783,0,22.7129,-2.18744e+07
7674.85
Gen:102
0.512125,0.471397,0.0164783,0,22.7129,-2.18744e+07
5950.42
ratio: 0.000000
Gen:103
0.512125,0.471397,0.0164783,0,22.7129,-2.18744e+07
10187.5
ratio: 0.000000
Gen:104
0.512125,0.471397,0.0164783,0,22.7129,-2.18744e+07
9382.98
ratio: 0.000000
Gen:105
0.512125,0.471397,0.0164783,0,22.7129,-2.18744e+07
7910.41
ratio: 0.000000
Gen:106
0.512125,0.471397,0.0164783,0,22.7069,-2.18687e+07
7722.96
Gen:107
0.512125,0.471397,0.0164783,0,22.7069,-2.18687e+07
9640.11
ratio: 0.000000
Gen:108
0.512125,0.471397,0.0164783,0,22.7069,-2.18687e+07
6207.33
ratio: 0.000000
Gen:109
0.512125,0.471397,0.0164783,0,22.7069,-2.18687e+07
7800.81
ratio: 0.000000
Gen:110
0.512125,0.471397,0.0164783,0,22.7069,-2.18687e+07
9175.41
ratio: 0.000000
Gen:111
0.513184,0.470338,0.0164783,0,22.6969,-2.1859e+07
10711
Gen:112
0.513184,0.470338,0.0164783,0,22.6969,-2.1859e+07
10244.2
ratio: 0.000000
Gen:113
0.513184,0.470338,0.0164783,0,22.6919,-2.18542e+07
3472.97
Gen:114
0.513184,0.470338,0.0164783,0,22.6919,-2.18542e+07
9956.64
ratio: 0.000000
Gen:115
0.513184,0.470338,0.0164783,0,22.6919,-2.18542e+07
5621.16
ratio: 0.000000
Gen:116
0.513184,0.470338,0.0164783,0,22.6919,-2.18542e+07
8032.84
ratio: 0.000000
Gen:117
0.514165,0.469356,0.0164783,0,22.6834,-2.18461e+07
7888.79
Gen:118
0.514165,0.469356,0.0164783,0,22.6834,-2.18461e+07
10360.5
ratio: 0.000000
Gen:119
0.514233,0.469289,0.0164783,0,22.6834,-2.1846e+07
12517.2
ratio: 0.000003
Gen:120
0.514233,0.469289,0.0164783,0,22.6834,-2.1846e+07
6972.27
ratio: 0.000000
Gen:121
0.514233,0.469289,0.0164783,0,22.6834,-2.1846e+07
10878.5
ratio: 0.000000
Gen:122
0.514233,0.469289,0.0164783,0,22.6834,-2.1846e+07
7970.14
ratio: 0.000000
Gen:123
0.514233,0.469289,0.0164783,0,22.683,-2.18457e+07
5690.1
Gen:124
0.514233,0.469289,0.0164783,0,22.683,-2.18457e+07
7305.53
ratio: 0.000000
Gen:125
0.514233,0.469289,0.0164783,0,22.683,-2.18457e+07
6771.83
ratio: 0.000000
Gen:126
0.514233,0.469289,0.0164783,0,22.683,-2.18457e+07
9065.95
ratio: 0.000000
Gen:127
0.51455,0.468219,0.0172311,0,22.6744,-2.18374e+07
6544.73
Gen:128
0.51455,0.468219,0.0172311,0,22.6744,-2.18374e+07
11733.7
ratio: 0.000000
Gen:129
0.51455,0.468219,0.0172311,0,22.6744,-2.18374e+07
7493.33
ratio: 0.000000
Gen:130
0.51455,0.468219,0.0172311,0,22.6744,-2.18374e+07
8792.34
ratio: 0.000000
Gen:131
0.51455,0.468219,0.0172311,0,22.6744,-2.18374e+07
8605.53
ratio: 0.000000
Gen:132
0.514685,0.468084,0.0172311,0,22.6576,-2.18212e+07
7825.59
Gen:133
0.514685,0.468084,0.0172311,0,22.6576,-2.18212e+07
10075.9
ratio: 0.000000
Gen:134
0.514685,0.468084,0.0172311,0,22.6576,-2.18212e+07
6405.22
ratio: 0.000000
Gen:135
0.514685,0.468084,0.0172311,0,22.6573,-2.18209e+07
8335.15
ratio: 0.000010
Gen:136
0.515713,0.467056,0.0172311,0,22.6514,-2.18152e+07
7857.25
Gen:137
0.515713,0.467056,0.0172311,0,22.6514,-2.18152e+07
8480.24
ratio: 0.000000
Gen:138
0.515713,0.467056,0.0172311,0,22.6514,-2.18152e+07
5120.47
ratio: 0.000000
Gen:139
0.515713,0.467056,0.0172311,0,22.6514,-2.18152e+07
4559.02
ratio: 0.000000
Gen:140
0.516824,0.466584,0.0165925,0,22.639,-2.18033e+07
9588.71
Gen:141
0.516824,0.466584,0.0165925,0,22.639,-2.18033e+07
5180.26
ratio: 0.000000
Gen:142
0.516824,0.466584,0.0165925,0,22.639,-2.18033e+07
10083.2
ratio: 0.000000
Gen:143
0.516824,0.466584,0.0165925,0,22.639,-2.18033e+07
9137.02
ratio: 0.000000
Gen:144
0.516824,0.466584,0.0165925,0,22.639,-2.18033e+07
9470.86
ratio: 0.000000
Gen:145
0.516824,0.466584,0.0165925,0,22.639,-2.18033e+07
4608.59
ratio: 0.000000
Gen:146
0.516824,0.466584,0.0165925,0,22.6386,-2.18029e+07
3321.25
Gen:147
0.516824,0.466584,0.0165925,0,22.6386,-2.18029e+07
2803.84
ratio: 0.000000
Gen:148
0.516824,0.466584,0.0165925,0,22.6386,-2.18029e+07
9913.9
ratio: 0.000000
Gen:149
0.516824,0.466584,0.0165925,0,22.6386,-2.18029e+07
2912.79
ratio: 0.000000
Gen:150
0.516824,0.466584,0.0165925,0,22.6386,-2.18029e+07
8327.44
ratio: 0.000000
Gen:151
0.516824,0.466584,0.0165925,0,22.6386,-2.18029e+07
8907.39
ratio: 0.000000
Gen:152
0.516824,0.466584,0.0165925,0,22.6386,-2.18029e+07
7905.39
ratio: 0.000000
Gen:153
0.516824,0.466584,0.0165925,0,22.6386,-2.18029e+07
2402.52
ratio: 0.000000
Gen:154
0.516824,0.466584,0.0165925,0,22.6386,-2.18029e+07
8453.64
ratio: 0.000000
Gen:155
0.516824,0.466584,0.0165925,0,22.6386,-2.18029e+07
9489.09
ratio: 0.000000
Gen:156
0.516824,0.466584,0.0165925,0,22.6386,-2.18029e+07
6871.77
ratio: 0.000000
Gen:157
0.516824,0.466584,0.0165925,0,22.6386,-2.18029e+07
2732.97
ratio: 0.000000
FINAL Population size
18
Best : -2.18029e+07   31:49-11-31-1-16-10-52-64-58-45-36-22-33-43-61-60-17-55-8-56-6-47-40-4-25-57-41-27-67-65-32- ,  31:51-8-10-17-50-2-14-60-61-43-20-55-16-26-49-62-21-6-35-34-25-41-36-38-3-66-18-67-27-12-4- ,  31:65-37-5-54-19-22-33-20-17-59-11-9-1-26-8-51-41-12-27-67-18-69-0-2-14-44-60-61-43-50-23- ,  30:44-14-2-50-13-22-38-69-23-3-19-36-41-51-8-26-1-11-59-10-52-64-35-34-25-27-67-18-66-29- ,  31:9-59-68-11-15-30-63-6-47-40-12-41-51-8-26-62-21-24-42-49-1-16-10-52-64-35-57-25-4-7-46- ,  31:67-37-32-5-54-38-66-19-36-41-51-56-8-52-20-43-50-0-69-18-65-39-48-29-23-2-14-61-17-10-28- ,  31:31-1-26-8-51-41-12-25-34-58-64-52-10-59-68-9-17-50-23-69-48-39-32-37-65-5-54-36-45-22-13- ,  31:57-51-8-28-10-17-44-61-43-13-33-58-41-12-40-46-7-4-25-27-67-65-39-48-66-54-5-18-69-23-0- ,  30:32-18-19-22-33-43-50-23-69-66-54-5-37-65-39-48-3-0-2-14-44-17-10-16-26-30-63-21-62-24- ,  30:62-30-24-63-6-35-41-27-67-5-54-36-45-34-51-8-26-49-42-15-11-9-17-20-33-22-38-18-32-37- ,  27:40-7-46-53-47-6-35-41-36-38-22-33-58-51-8-26-49-1-59-17-44-61-43-20-10-28-56- ,  31:35-51-57-58-41-34-25-4-53-40-7-47-6-56-8-26-1-31-11-59-10-55-16-9-49-15-30-63-21-62-42- ,  31:24-30-26-16-10-17-50-0-69-38-36-45-34-51-56-28-8-52-64-35-6-47-53-4-25-27-67-65-19-22-13- ,  31:65-54-66-3-29-69-19-36-41-25-4-53-47-6-56-8-26-16-9-17-20-33-22-38-18-67-27-12-40-7-46- ,  31:66-19-29-48-39-18-54-36-41-51-8-26-49-15-11-9-17-50-23-69-38-22-33-58-35-6-63-24-42-30-21- , 

0.516824
0.466584
0.0165925
0
22.6386
-2.18029e+07
Initial : -2.24322e+07
0.461797
0.495039
0.0426079
0.000555507
23.2664

-----------------------------------------
Iteration:0 started

Gen:0
0.461797,0.495039,0.0426079,0.000555507,23.2664,-2.24322e+07
482092
ratio: 0.000000
Gen:1
0.461797,0.495039,0.0426079,0.000555507,23.2664,-2.24322e+07
170859
ratio: 0.000000
Gen:2
0.459523,0.495745,0.0441757,0.000555507,23.2514,-2.24177e+07
41028.5
Gen:3
0.459523,0.495745,0.0441757,0.000555507,23.2514,-2.24177e+07
10584.8
ratio: 0.000000
Gen:4
0.462571,0.49412,0.0427532,0.000555507,23.2137,-2.23814e+07
19715.8
Gen:5
0.464061,0.495071,0.0403132,0.000555507,23.2015,-2.23697e+07
16214.4
Gen:6
0.465239,0.494162,0.0400432,0.000555507,23.1855,-2.23543e+07
21744.3
Gen:7
0.466278,0.494276,0.0388906,0.000555507,23.168,-2.23374e+07
21832.5
Gen:8
0.467991,0.494354,0.0370995,0.000555507,23.1481,-2.23183e+07
9520.05
Gen:9
0.467991,0.494354,0.0370995,0.000555507,23.1481,-2.23183e+07
9069.25
ratio: 0.000000
Gen:10
0.46783,0.495283,0.0363312,0.000555507,23.1442,-2.23145e+07
8856.4
Gen:11
0.468614,0.494499,0.0363312,0.000555507,23.1434,-2.23137e+07
7075.84
Gen:12
0.470338,0.493534,0.0355732,0.000555507,23.1284,-2.22993e+07
8190.82
Gen:13
0.470338,0.493534,0.0355732,0.000555507,23.1284,-2.22993e+07
9673.34
ratio: 0.000000
Gen:14
0.470768,0.493103,0.0355732,0.000555507,23.1267,-2.22976e+07
8905.11
Gen:15
0.471386,0.492485,0.0355732,0.000555507,23.1223,-2.22935e+07
7306.45
Gen:16
0.470768,0.493103,0.0355732,0.000555507,23.1193,-2.22906e+07
8400.52
Gen:17
0.471345,0.492527,0.0355732,0.000555507,23.1165,-2.22878e+07
8905.19
Gen:18
0.471646,0.492226,0.0355732,0.000555507,23.1153,-2.22867e+07
19418.4
Gen:19
0.473587,0.490284,0.0355732,0.000555507,23.1117,-2.22833e+07
18982.5
Gen:20
0.476786,0.487086,0.0355732,0.000555507,23.099,-2.2271e+07
8449.33
Gen:21
0.478769,0.485985,0.0346906,0.000555507,23.084,-2.22566e+07
21525.4
Gen:22
0.478769,0.485985,0.0346906,0.000555507,23.0805,-2.22532e+07
22173.3
Gen:23
0.481416,0.484422,0.0336055,0.000555507,23.0739,-2.22469e+07
30024.1
Gen:24
0.481359,0.485585,0.0324997,0.000555507,23.0733,-2.22462e+07
8463.76
Gen:25
0.482034,0.48491,0.0324997,0.000555507,23.0656,-2.22389e+07
18955.8
Gen:26
0.485352,0.482154,0.031939,0.000555507,23.0566,-2.22302e+07
14642.2
Gen:27
0.482751,0.486214,0.0304802,0.000555507,23.0396,-2.22138e+07
11370.4
Gen:28
0.482751,0.486214,0.0304802,0.000555507,23.0396,-2.22138e+07
13436
ratio: 0.000000
Gen:29
0.483099,0.485866,0.0304802,0.000555507,23.0355,-2.22099e+07
10487.7
Gen:30
0.483872,0.485092,0.0304802,0.000555507,23.0324,-2.22069e+07
6512.54
Gen:31
0.488228,0.481037,0.0301791,0.000555507,23.0159,-2.2191e+07
25897.9
Gen:32
0.488228,0.481037,0.0301791,0.000555507,23.0159,-2.2191e+07
7143.23
ratio: 0.000000
Gen:33
0.489038,0.480228,0.0301791,0.000555507,23.0096,-2.21849e+07
6766.54
Gen:34
0.48951,0.480233,0.0297014,0.000555507,23.0078,-2.21832e+07
5331.36
Gen:35
0.491857,0.478312,0.0292757,0.000555507,23.0004,-2.21761e+07
19844.9
Gen:36
0.491857,0.478312,0.0292757,0.000555507,23.0004,-2.21761e+07
5288.55
ratio: 0.000000
Gen:37
0.49249,0.479226,0.0277286,0.000555507,22.9936,-2.21696e+07
6542.28
Gen:38
0.49249,0.479226,0.0277286,0.000555507,22.9936,-2.21696e+07
14379.9
ratio: 0.000000
Gen:39
0.491099,0.47826,0.0300856,0.000555507,22.9607,-2.21379e+07
4921.3
Gen:40
0.49412,0.475529,0.0297949,0.000555507,22.9565,-2.21338e+07
16909.1
Gen:41
0.493934,0.476137,0.0293744,0.000555507,22.9449,-2.21227e+07
13489
Gen:42
0.493934,0.476137,0.0293744,0.000555507,22.9449,-2.21227e+07
9801.79
ratio: 0.000000
Gen:43
0.494572,0.475498,0.0293744,0.000555507,22.9417,-2.21196e+07
3522.34
Gen:44
0.49533,0.47474,0.0293744,0.000555507,22.9409,-2.21189e+07
6403.05
Gen:45
0.49533,0.47474,0.0293744,0.000555507,22.9374,-2.21154e+07
3625.3
Gen:46
0.498419,0.471942,0.0290836,0.000555507,22.9287,-2.21071e+07
7709.35
Gen:47
0.494214,0.473899,0.0313316,0.000555507,22.9269,-2.21054e+07
5039.78
Gen:48
0.499141,0.471931,0.0283724,0.000555507,22.9259,-2.21044e+07
10132.1
Gen:49
0.499141,0.471931,0.0283724,0.000555507,22.9259,-2.21044e+07
3413.57
ratio: 0.000000
Gen:50
0.499603,0.47095,0.0288915,0.000555507,22.9149,-2.20938e+07
12452.2
Gen:51
0.497765,0.470436,0.0312433,0.000555507,22.911,-2.209e+07
7696.89
Gen:52
0.497765,0.470436,0.0312433,0.000555507,22.9074,-2.20866e+07
6092.56
Gen:53
0.497184,0.471059,0.0312018,0.000555507,22.9055,-2.20848e+07
3639.71
Gen:54
0.497692,0.47055,0.0312018,0.000555507,22.8993,-2.20788e+07
3529.96
Gen:55
0.498066,0.470177,0.0312018,0.000555507,22.8985,-2.2078e+07
4756.36
Gen:56
0.49818,0.470062,0.0312018,0.000555507,22.8984,-2.20779e+07
7132.01
ratio: 0.000005
Gen:57
0.498471,0.469772,0.0312018,0.000555507,22.8969,-2.20765e+07
4610.52
Gen:58
0.498585,0.469657,0.0312018,0.000555507,22.8968,-2.20764e+07
5251.05
ratio: 0.000005
Gen:59
0.498585,0.469657,0.0312018,0.000555507,22.8968,-2.20764e+07
6842.44
ratio: 0.000000
Gen:60
0.498585,0.469657,0.0312018,0.000555507,22.8968,-2.20764e+07
5147.4
ratio: 0.000000
Gen:61
0.498585,0.469657,0.0312018,0.000555507,22.8968,-2.20764e+07
5357.35
ratio: 0.000000
Gen:62
0.498585,0.469657,0.0312018,0.000555507,22.8968,-2.20764e+07
5520.4
ratio: 0.000000
Gen:63
0.498585,0.469657,0.0312018,0.000555507,22.8968,-2.20764e+07
2284.08
ratio: 0.000000
Gen:64
0.498886,0.469356,0.0312018,0.000555507,22.894,-2.20737e+07
7936.06
Gen:65
0.498886,0.469356,0.0312018,0.000555507,22.894,-2.20737e+07
2041.04
ratio: 0.000000
Gen:66
0.498886,0.469356,0.0312018,0.000555507,22.894,-2.20737e+07
4245.66
ratio: 0.000000
Gen:67
0.498886,0.469356,0.0312018,0.000555507,22.894,-2.20737e+07
7110.83
ratio: 0.000000
Gen:68
0.498886,0.469356,0.0312018,0.000555507,22.894,-2.20737e+07
4882.3
ratio: 0.000000
Gen:69
0.499177,0.469066,0.0312018,0.000555507,22.8931,-2.20728e+07
3173.48
Gen:70
0.499177,0.469066,0.0312018,0.000555507,22.8931,-2.20728e+07
2819.72
ratio: 0.000000
Gen:71
0.500932,0.467311,0.0312018,0.000555507,22.8895,-2.20693e+07
4332.36
Gen:72
0.50101,0.467233,0.0312018,0.000555507,22.8893,-2.20692e+07
3301.41
ratio: 0.000007
Gen:73
0.50101,0.467233,0.0312018,0.000555507,22.8893,-2.20692e+07
2086.04
ratio: 0.000000
Gen:74
0.50101,0.467233,0.0312018,0.000555507,22.8893,-2.20692e+07
3740.44
ratio: 0.000000
Gen:75
0.50101,0.467233,0.0312018,0.000555507,22.8893,-2.20692e+07
2716.7
ratio: 0.000000
Gen:76
0.500968,0.467274,0.0312018,0.000555507,22.8848,-2.20649e+07
2726.03
Gen:77
0.501363,0.46688,0.0312018,0.000555507,22.8825,-2.20626e+07
6727.55
Gen:78
0.501363,0.46688,0.0312018,0.000555507,22.8825,-2.20626e+07
2799.23
ratio: 0.000000
Gen:79
0.501363,0.46688,0.0312018,0.000555507,22.8825,-2.20626e+07
3033.41
ratio: 0.000000
Gen:80
0.501321,0.466921,0.0312018,0.000555507,22.8781,-2.20583e+07
4300.28
Gen:81
0.501321,0.466921,0.0312018,0.000555507,22.8781,-2.20583e+07
4252.91
ratio: 0.000000
Gen:82
0.501321,0.466921,0.0312018,0.000555507,22.8781,-2.20583e+07
3847.94
ratio: 0.000000
Gen:83
0.501321,0.466921,0.0312018,0.000555507,22.8781,-2.20583e+07
3886.65
ratio: 0.000000
Gen:84
0.501321,0.466921,0.0312018,0.000555507,22.8781,-2.20583e+07
2208.04
ratio: 0.000000
Gen:85
0.503756,0.467051,0.0286371,0.000555507,22.8659,-2.20467e+07
2505.59
Gen:86
0.503756,0.467051,0.0286371,0.000555507,22.8659,-2.20467e+07
5058.32
ratio: 0.000000
Gen:87
0.503756,0.467051,0.0286371,0.000555507,22.8659,-2.20467e+07
3592.7
ratio: 0.000000
Gen:88
0.502396,0.469896,0.0277078,0,22.8583,-2.20145e+07
2503.84
Gen:89
0.502396,0.469896,0.0277078,0,22.8583,-2.20145e+07
16232.4
ratio: 0.000000
Gen:90
0.502396,0.469896,0.0277078,0,22.8583,-2.20145e+07
7778.4
ratio: 0.000000
Gen:91
0.502157,0.470135,0.0277078,0,22.8562,-2.20125e+07
3511.16
Gen:92
0.502157,0.470135,0.0277078,0,22.8562,-2.20125e+07
7541.71
ratio: 0.000000
Gen:93
0.502157,0.470135,0.0277078,0,22.8562,-2.20125e+07
1393.66
ratio: 0.000000
Gen:94
0.502157,0.470135,0.0277078,0,22.8562,-2.20125e+07
3294.66
ratio: 0.000000
Gen:95
0.502157,0.470135,0.0277078,0,22.8562,-2.20125e+07
7618.56
ratio: 0.000000
Gen:96
0.502157,0.470135,0.0277078,0,22.8562,-2.20125e+07
3037.28
ratio: 0.000000
Gen:97
0.502157,0.470135,0.0277078,0,22.8562,-2.20125e+07
2929.85
ratio: 0.000000
Gen:98
0.502157,0.470135,0.0277078,0,22.8554,-2.20117e+07
7714.13
Gen:99
0.502157,0.470135,0.0277078,0,22.8554,-2.20117e+07
1968.53
ratio: 0.000000
Gen:100
0.502157,0.470135,0.0277078,0,22.8554,-2.20117e+07
2035.67
ratio: 0.000000
Gen:101
0.502157,0.470135,0.0277078,0,22.8554,-2.20117e+07
3267.78
ratio: 0.000000
Gen:102
0.502157,0.470135,0.0277078,0,22.8554,-2.20117e+07
1587.27
ratio: 0.000000
Gen:103
0.502157,0.470135,0.0277078,0,22.8554,-2.20117e+07
2566.51
ratio: 0.000000
Gen:104
0.502157,0.470135,0.0277078,0,22.8554,-2.20117e+07
9995.19
ratio: 0.000000
Gen:105
0.502157,0.470135,0.0277078,0,22.8554,-2.20117e+07
1947.36
ratio: 0.000000
Gen:106
0.502157,0.470135,0.0277078,0,22.8554,-2.20117e+07
1281.76
ratio: 0.000000
Gen:107
0.502157,0.470135,0.0277078,0,22.8554,-2.20117e+07
3199.92
ratio: 0.000000
Gen:108
0.502157,0.470135,0.0277078,0,22.8554,-2.20117e+07
2646.58
ratio: 0.000000
Gen:109
0.502157,0.470135,0.0277078,0,22.8554,-2.20117e+07
2952.42
ratio: 0.000000
Gen:110
0.502157,0.470135,0.0277078,0,22.8554,-2.20117e+07
1707.78
ratio: 0.000000
Gen:111
0.502157,0.470135,0.0277078,0,22.8554,-2.20117e+07
2822.42
ratio: 0.000000
Gen:112
0.502157,0.470135,0.0277078,0,22.8554,-2.20117e+07
2933.11
ratio: 0.000000
Gen:113
0.502946,0.469346,0.0277078,0,22.8529,-2.20093e+07
2617.37
Gen:114
0.503346,0.468946,0.0277078,0,22.8502,-2.20067e+07
3683.39
Gen:115
0.503346,0.468946,0.0277078,0,22.8502,-2.20067e+07
2220.61
ratio: 0.000000
Gen:116
0.503372,0.469367,0.0272614,0,22.8338,-2.19909e+07
10351.7
Gen:117
0.503372,0.469367,0.0272614,0,22.8338,-2.19909e+07
7341.59
ratio: 0.000000
Gen:118
0.503372,0.469367,0.0272614,0,22.8338,-2.19909e+07
2789.48
ratio: 0.000000
Gen:119
0.503372,0.469367,0.0272614,0,22.8338,-2.19909e+07
7391.87
ratio: 0.000000
Gen:120
0.503372,0.469367,0.0272614,0,22.8338,-2.19909e+07
4032.98
ratio: 0.000000
Gen:121
0.503372,0.469367,0.0272614,0,22.8338,-2.19909e+07
7699.06
ratio: 0.000000
Gen:122
0.503372,0.469367,0.0272614,0,22.8338,-2.19909e+07
7614.32
ratio: 0.000000
Gen:123
0.503372,0.469367,0.0272614,0,22.8338,-2.19909e+07
8212.22
ratio: 0.000000
Gen:124
0.504047,0.468692,0.0272614,0,22.8318,-2.19889e+07
8015.86
Gen:125
0.504047,0.468692,0.0272614,0,22.8318,-2.19889e+07
2167.05
ratio: 0.000000
Gen:126
0.504047,0.468692,0.0272614,0,22.8318,-2.19889e+07
4100.7
ratio: 0.000000
Gen:127
0.504047,0.468692,0.0272614,0,22.8318,-2.19889e+07
4250.95
ratio: 0.000000
Gen:128
0.504047,0.468692,0.0272614,0,22.8318,-2.19889e+07
10378.4
ratio: 0.000000
Gen:129
0.504099,0.46864,0.0272614,0,22.8317,-2.19889e+07
8110.25
ratio: 0.000002
Gen:130
0.504099,0.46864,0.0272614,0,22.8317,-2.19889e+07
2571.7
ratio: 0.000000
Gen:131
0.504654,0.468084,0.0272614,0,22.8306,-2.19878e+07
4225.01
Gen:132
0.504099,0.46864,0.0272614,0,22.8305,-2.19877e+07
5604.81
ratio: 0.000005
Gen:133
0.504146,0.468593,0.0272614,0,22.8302,-2.19875e+07
2114.32
Gen:134
0.504146,0.468593,0.0272614,0,22.8302,-2.19875e+07
4386.32
ratio: 0.000000
Gen:135
0.504146,0.468593,0.0272614,0,22.8302,-2.19875e+07
4306.44
ratio: 0.000000
Gen:136
0.504146,0.468593,0.0272614,0,22.8302,-2.19875e+07
7492.51
ratio: 0.000000
Gen:137
0.504146,0.468593,0.0272614,0,22.8302,-2.19875e+07
3035.11
ratio: 0.000000
Gen:138
0.504146,0.468593,0.0272614,0,22.8302,-2.19875e+07
3544.91
ratio: 0.000000
Gen:139
0.504146,0.468593,0.0272614,0,22.8302,-2.19875e+07
2271.6
ratio: 0.000000
Gen:140
0.504146,0.468593,0.0272614,0,22.8302,-2.19875e+07
4347.11
ratio: 0.000000
Gen:141
0.504146,0.468593,0.0272614,0,22.8302,-2.19875e+07
7525.58
ratio: 0.000000
Gen:142
0.504146,0.468593,0.0272614,0,22.8302,-2.19875e+07
2158.81
ratio: 0.000000
Gen:143
0.504146,0.468593,0.0272614,0,22.8302,-2.19875e+07
4528.04
ratio: 0.000000
FINAL Population size
18
Best : -2.19875e+07   31:30-26-1-16-10-52-64-58-45-36-22-33-43-61-60-17-55-8-56-6-47-40-4-25-57-41-27-67-65-54-32- ,  31:10-17-50-2-14-60-61-43-20-55-16-26-49-62-21-6-35-34-25-41-36-38-3-66-18-67-27-12-4-53-47- ,  31:3-48-39-32-37-5-65-54-19-22-33-20-17-59-11-9-1-26-8-51-41-12-27-67-18-69-0-2-14-44-60- ,  31:60-44-14-2-50-13-22-38-69-23-3-19-36-41-51-8-26-1-11-59-10-52-64-35-34-25-27-67-18-66-29- ,  31:59-68-11-15-30-63-6-47-40-12-41-51-8-26-62-21-24-42-49-1-16-10-52-64-35-57-25-4-7-46-53- ,  29:13-22-19-66-38-54-36-41-51-56-8-52-20-43-50-0-69-18-65-39-48-29-23-2-14-61-17-10-28- ,  31:30-42-15-49-11-31-1-26-8-51-41-12-25-34-58-64-52-10-59-68-9-17-50-23-69-48-39-32-37-67-27- ,  31:55-8-56-28-10-17-44-61-43-13-33-58-41-12-40-46-7-4-25-27-67-65-39-48-66-54-5-18-69-23-50- ,  28:32-18-19-22-33-43-50-23-69-66-54-5-37-65-39-48-3-0-2-14-44-17-10-16-26-30-63-21- ,  31:30-21-62-24-63-6-35-41-27-67-5-54-36-45-34-51-8-26-49-42-15-11-9-17-20-33-22-38-18-32-39- ,  28:57-34-25-12-40-7-47-6-35-41-36-38-22-33-58-51-8-26-49-1-59-17-44-61-43-20-10-28- ,  24:53-4-40-46-7-47-6-56-8-26-1-31-11-59-10-55-16-9-49-15-30-63-21-62- ,  31:15-42-24-30-26-16-10-17-50-0-69-38-36-45-34-51-56-28-8-52-64-35-6-47-53-4-25-27-67-65-32- ,  31:66-54-5-32-37-65-19-36-41-25-4-53-47-6-56-8-26-16-9-17-20-33-22-38-18-67-27-12-40-46-7- ,  30:19-29-48-39-18-54-36-41-51-8-26-49-15-11-9-17-50-23-69-38-22-33-58-35-6-63-24-42-62-30- , 

0.504146
0.468593
0.0272614
0
22.8302
-2.19875e+07
All Run Best : -2.18029e+07   31:49-11-31-1-16-10-52-64-58-45-36-22-33-43-61-60-17-55-8-56-6-47-40-4-25-57-41-27-67-65-32- ,  31:51-8-10-17-50-2-14-60-61-43-20-55-16-26-49-62-21-6-35-34-25-41-36-38-3-66-18-67-27-12-4- ,  31:65-37-5-54-19-22-33-20-17-59-11-9-1-26-8-51-41-12-27-67-18-69-0-2-14-44-60-61-43-50-23- ,  30:44-14-2-50-13-22-38-69-23-3-19-36-41-51-8-26-1-11-59-10-52-64-35-34-25-27-67-18-66-29- ,  31:9-59-68-11-15-30-63-6-47-40-12-41-51-8-26-62-21-24-42-49-1-16-10-52-64-35-57-25-4-7-46- ,  31:67-37-32-5-54-38-66-19-36-41-51-56-8-52-20-43-50-0-69-18-65-39-48-29-23-2-14-61-17-10-28- ,  31:31-1-26-8-51-41-12-25-34-58-64-52-10-59-68-9-17-50-23-69-48-39-32-37-65-5-54-36-45-22-13- ,  31:57-51-8-28-10-17-44-61-43-13-33-58-41-12-40-46-7-4-25-27-67-65-39-48-66-54-5-18-69-23-0- ,  30:32-18-19-22-33-43-50-23-69-66-54-5-37-65-39-48-3-0-2-14-44-17-10-16-26-30-63-21-62-24- ,  30:62-30-24-63-6-35-41-27-67-5-54-36-45-34-51-8-26-49-42-15-11-9-17-20-33-22-38-18-32-37- ,  27:40-7-46-53-47-6-35-41-36-38-22-33-58-51-8-26-49-1-59-17-44-61-43-20-10-28-56- ,  31:35-51-57-58-41-34-25-4-53-40-7-47-6-56-8-26-1-31-11-59-10-55-16-9-49-15-30-63-21-62-42- ,  31:24-30-26-16-10-17-50-0-69-38-36-45-34-51-56-28-8-52-64-35-6-47-53-4-25-27-67-65-19-22-13- ,  31:65-54-66-3-29-69-19-36-41-25-4-53-47-6-56-8-26-16-9-17-20-33-22-38-18-67-27-12-40-7-46- ,  31:66-19-29-48-39-18-54-36-41-51-8-26-49-15-11-9-17-50-23-69-38-22-33-58-35-6-63-24-42-30-21- , 

0.516824
0.466584
0.0165925
0
22.6386
-2.18029e+07
