routeSetSize:15,pSwap:0.06667,popSize:18,elite:2,pSm:1,pDelete:0.4,tFit:10,maxGen:250,run:1,stableCount:20,e:0.7,minGen:1,minFitnessRatio:1e-05,minRouteLength:10,maxRouteLength:30,maxIter:1,beta:0.8,beta:0.8, OpATT19.2695
Initial : -2.24321e+07
0.461797
0.495039
0.0426079
0.000555507
23.2664

-----------------------------------------
Iteration:0 started

Gen:0
0.461797,0.495039,0.0426079,0.000555507,23.2664,-2.24321e+07
482092
ratio: 0.000000
Gen:1
0.460878,0.496452,0.0421147,0.000555507,23.2081,-2.2376e+07
111843
Gen:2
0.464144,0.496394,0.0389062,0.000555507,23.1894,-2.2358e+07
31292.2
Gen:3
0.465587,0.498642,0.0357705,0,23.1365,-2.22824e+07
11888.2
Gen:4
0.467539,0.4994,0.0330604,0,23.106,-2.2253e+07
34318.3
Gen:5
0.46797,0.498969,0.0330604,0,23.1043,-2.22514e+07
11331.5
Gen:6
0.470961,0.497023,0.0320169,0,23.0854,-2.22332e+07
6131.14
Gen:7
0.471739,0.496244,0.0320169,0,23.0815,-2.22294e+07
5902.33
Gen:8
0.469543,0.497178,0.0332785,0,23.065,-2.22135e+07
5667.18
Gen:9
0.473411,0.494276,0.0323128,0,23.0614,-2.22101e+07
6847.41
Gen:10
0.472175,0.494977,0.0328476,0,23.0431,-2.21925e+07
8130.78
Gen:11
0.473707,0.493446,0.0328476,0,23.0343,-2.2184e+07
10555.6
Gen:12
0.47651,0.490434,0.0330552,0,23.0292,-2.21791e+07
7615.29
Gen:13
0.477362,0.489718,0.0329203,0,23.0222,-2.21724e+07
9905.41
Gen:14
0.480954,0.486805,0.0322401,0,23.0057,-2.21565e+07
18782.7
Gen:15
0.480669,0.487605,0.0317262,0,22.9932,-2.21444e+07
13135.4
Gen:16
0.48286,0.485414,0.0317262,0,22.9818,-2.21335e+07
8188.83
Gen:17
0.483234,0.48504,0.0317262,0,22.9804,-2.2132e+07
7229.92
Gen:18
0.485175,0.483099,0.0317262,0,22.9768,-2.21287e+07
6467.4
Gen:19
0.485783,0.483036,0.031181,0,22.9624,-2.21147e+07
5426.52
Gen:20
0.486001,0.483389,0.03061,0,22.9459,-2.20989e+07
8585.38
Gen:21
0.486042,0.484568,0.0293899,0,22.9343,-2.20877e+07
10356.3
Gen:22
0.486717,0.483311,0.0299714,0,22.9269,-2.20805e+07
10996.7
Gen:23
0.48747,0.482559,0.0299714,0,22.9231,-2.20769e+07
7195.01
Gen:24
0.488441,0.482346,0.0292134,0,22.9125,-2.20667e+07
6713.67
Gen:25
0.489194,0.481593,0.0292134,0,22.9088,-2.20631e+07
5333.49
Gen:26
0.489645,0.481853,0.0285022,0,22.9051,-2.20596e+07
9485.44
Gen:27
0.489759,0.481738,0.0285022,0,22.8974,-2.20521e+07
4993.76
Gen:28
0.491779,0.480409,0.0278117,0,22.8877,-2.20428e+07
9060.31
Gen:29
0.491779,0.480409,0.0278117,0,22.8877,-2.20428e+07
6238.53
ratio: 0.000000
Gen:30
0.493233,0.478956,0.0278117,0,22.8846,-2.20398e+07
2131.39
Gen:31
0.494183,0.478675,0.0271419,0,22.8762,-2.20317e+07
9611.36
Gen:32
0.494183,0.478675,0.0271419,0,22.8726,-2.20283e+07
5501.17
Gen:33
0.494993,0.477865,0.0271419,0,22.867,-2.20228e+07
4911.74
Gen:34
0.494993,0.477865,0.0271419,0,22.867,-2.20228e+07
4041.35
ratio: 0.000000
Gen:35
0.49561,0.477248,0.0271419,0,22.8639,-2.20198e+07
3736.98
Gen:36
0.49561,0.477248,0.0271419,0,22.8639,-2.20198e+07
3242.52
ratio: 0.000000
Gen:37
0.496275,0.476583,0.0271419,0,22.8625,-2.20186e+07
1974.11
Gen:38
0.496088,0.47677,0.0271419,0,22.8598,-2.20159e+07
8224.79
Gen:39
0.496088,0.47677,0.0271419,0,22.8598,-2.20159e+07
2599.88
ratio: 0.000000
Gen:40
0.496088,0.47677,0.0271419,0,22.8598,-2.20159e+07
4787.65
ratio: 0.000000
Gen:41
0.496088,0.47677,0.0271419,0,22.8574,-2.20136e+07
5284.26
Gen:42
0.496493,0.476365,0.0271419,0,22.857,-2.20132e+07
4447.25
Gen:43
0.496493,0.474974,0.0285333,0,22.8545,-2.20109e+07
4681.15
Gen:44
0.496493,0.476365,0.0271419,0,22.8536,-2.201e+07
4956.98
Gen:45
0.496493,0.476365,0.0271419,0,22.8536,-2.201e+07
4902.26
ratio: 0.000000
Gen:46
0.496493,0.476365,0.0271419,0,22.8536,-2.201e+07
3279.15
ratio: 0.000000
Gen:47
0.497469,0.475887,0.0266435,0,22.8082,-2.19663e+07
3570.87
Gen:48
0.497469,0.475887,0.0266435,0,22.8082,-2.19663e+07
19402.8
ratio: 0.000000
Gen:49
0.497469,0.475887,0.0266435,0,22.8082,-2.19663e+07
3886.52
ratio: 0.000000
Gen:50
0.498175,0.476043,0.0257817,0,22.798,-2.19564e+07
4087.63
Gen:51
0.498175,0.476043,0.0257817,0,22.798,-2.19564e+07
4915.14
ratio: 0.000000
Gen:52
0.498175,0.476043,0.0257817,0,22.798,-2.19564e+07
4097.15
ratio: 0.000000
Gen:53
0.498175,0.476043,0.0257817,0,22.798,-2.19564e+07
5026.58
ratio: 0.000000
Gen:54
0.498175,0.476043,0.0257817,0,22.798,-2.19564e+07
3784.25
ratio: 0.000000
Gen:55
0.498175,0.476043,0.0257817,0,22.798,-2.19564e+07
3947.66
ratio: 0.000000
Gen:56
0.498175,0.476043,0.0257817,0,22.798,-2.19564e+07
3089.83
ratio: 0.000000
Gen:57
0.499925,0.474294,0.0257817,0,22.7873,-2.19461e+07
5141.92
Gen:58
0.499925,0.474294,0.0257817,0,22.7873,-2.19461e+07
6049.2
ratio: 0.000000
Gen:59
0.499925,0.474294,0.0257817,0,22.7873,-2.19461e+07
5076.18
ratio: 0.000000
Gen:60
0.499925,0.474294,0.0257817,0,22.7873,-2.19461e+07
3794.92
ratio: 0.000000
Gen:61
0.499925,0.474294,0.0257817,0,22.7873,-2.19461e+07
3010.68
ratio: 0.000000
Gen:62
0.499925,0.474294,0.0257817,0,22.7873,-2.19461e+07
4539.62
ratio: 0.000000
Gen:63
0.499925,0.474294,0.0257817,0,22.7873,-2.19461e+07
3676.49
ratio: 0.000000
Gen:64
0.500589,0.473629,0.0257817,0,22.7866,-2.19454e+07
2484.95
Gen:65
0.500589,0.473629,0.0257817,0,22.7866,-2.19454e+07
5107.49
ratio: 0.000000
Gen:66
0.500589,0.473629,0.0257817,0,22.7866,-2.19454e+07
3224.96
ratio: 0.000000
Gen:67
0.500589,0.473629,0.0257817,0,22.7866,-2.19454e+07
4870.31
ratio: 0.000000
Gen:68
0.500589,0.473629,0.0257817,0,22.7866,-2.19454e+07
5193.5
ratio: 0.000000
Gen:69
0.500589,0.473629,0.0257817,0,22.7866,-2.19454e+07
3425.65
ratio: 0.000000
Gen:70
0.500589,0.473629,0.0257817,0,22.7866,-2.19454e+07
3649.17
ratio: 0.000000
Gen:71
0.500506,0.473712,0.0257817,0,22.778,-2.19371e+07
5497.5
Gen:72
0.502043,0.472175,0.0257817,0,22.7686,-2.19281e+07
6646.19
Gen:73
0.50211,0.472108,0.0257817,0,22.7683,-2.19278e+07
6293.79
Gen:74
0.50211,0.472108,0.0257817,0,22.7683,-2.19278e+07
3766.42
ratio: 0.000000
Gen:75
0.50211,0.472108,0.0257817,0,22.7671,-2.19267e+07
2760.47
Gen:76
0.50211,0.472108,0.0257817,0,22.7671,-2.19267e+07
5096.21
ratio: 0.000000
Gen:77
0.50211,0.472108,0.0257817,0,22.7671,-2.19267e+07
2695.6
ratio: 0.000000
Gen:78
0.502931,0.471288,0.0257817,0,22.7663,-2.19259e+07
4395.36
Gen:79
0.503704,0.470514,0.0257817,0,22.7656,-2.19252e+07
3513.15
Gen:80
0.503704,0.470514,0.0257817,0,22.7656,-2.19252e+07
5301.26
ratio: 0.000000
Gen:81
0.503704,0.470514,0.0257817,0,22.7656,-2.19252e+07
3432.66
ratio: 0.000000
Gen:82
0.503704,0.470514,0.0257817,0,22.7656,-2.19252e+07
3360.07
ratio: 0.000000
Gen:83
0.503704,0.470514,0.0257817,0,22.7656,-2.19252e+07
3607.82
ratio: 0.000000
Gen:84
0.503704,0.470514,0.0257817,0,22.7656,-2.19252e+07
4995.57
ratio: 0.000000
Gen:85
0.503704,0.470514,0.0257817,0,22.7656,-2.19252e+07
3318.4
ratio: 0.000000
Gen:86
0.504057,0.470161,0.0257817,0,22.7588,-2.19186e+07
1472.33
Gen:87
0.504519,0.470042,0.0254391,0,22.7551,-2.19151e+07
4567.78
Gen:88
0.504519,0.470042,0.0254391,0,22.7551,-2.19151e+07
2419.83
ratio: 0.000000
Gen:89
0.504846,0.469715,0.0254391,0,22.7528,-2.19129e+07
3908.77
Gen:90
0.504846,0.469715,0.0254391,0,22.7528,-2.19129e+07
3549.54
ratio: 0.000000
Gen:91
0.504846,0.469715,0.0254391,0,22.7528,-2.19129e+07
3523.97
ratio: 0.000000
Gen:92
0.504846,0.469715,0.0254391,0,22.7528,-2.19129e+07
3569.79
ratio: 0.000000
Gen:93
0.504846,0.469715,0.0254391,0,22.7528,-2.19129e+07
3185.52
ratio: 0.000000
Gen:94
0.505537,0.469024,0.0254391,0,22.7436,-2.1904e+07
3091.77
Gen:95
0.505537,0.469024,0.0254391,0,22.7436,-2.1904e+07
4148.49
ratio: 0.000000
Gen:96
0.505537,0.469024,0.0254391,0,22.7436,-2.1904e+07
3701.79
ratio: 0.000000
Gen:97
0.505537,0.469024,0.0254391,0,22.7436,-2.1904e+07
2786.03
ratio: 0.000000
Gen:98
0.505537,0.469024,0.0254391,0,22.7436,-2.1904e+07
4023.83
ratio: 0.000000
Gen:99
0.505537,0.469024,0.0254391,0,22.7436,-2.1904e+07
3406.25
ratio: 0.000000
Gen:100
0.505537,0.469024,0.0254391,0,22.7436,-2.1904e+07
2878.99
ratio: 0.000000
Gen:101
0.505537,0.469024,0.0254391,0,22.7436,-2.1904e+07
3740.75
ratio: 0.000000
Gen:102
0.505537,0.469024,0.0254391,0,22.7436,-2.1904e+07
5994.6
ratio: 0.000000
Gen:103
0.505537,0.469024,0.0254391,0,22.7432,-2.19036e+07
3497.57
Gen:104
0.505537,0.469024,0.0254391,0,22.7432,-2.19036e+07
2957.44
ratio: 0.000000
Gen:105
0.505537,0.469024,0.0254391,0,22.7432,-2.19036e+07
3089.03
ratio: 0.000000
Gen:106
0.505537,0.469024,0.0254391,0,22.7432,-2.19036e+07
3240.83
ratio: 0.000000
Gen:107
0.507084,0.468334,0.0245825,0,22.7359,-2.18966e+07
4164.27
Gen:108
0.507084,0.468334,0.0245825,0,22.7359,-2.18966e+07
4515.04
ratio: 0.000000
Gen:109
0.507084,0.468334,0.0245825,0,22.7359,-2.18966e+07
2172.45
ratio: 0.000000
Gen:110
0.507084,0.468334,0.0245825,0,22.7359,-2.18966e+07
2802.33
ratio: 0.000000
Gen:111
0.507084,0.468334,0.0245825,0,22.7359,-2.18966e+07
3690.24
ratio: 0.000000
Gen:112
0.507084,0.468334,0.0245825,0,22.7359,-2.18966e+07
4013
ratio: 0.000000
Gen:113
0.507084,0.468334,0.0245825,0,22.7359,-2.18966e+07
3221.77
ratio: 0.000000
Gen:114
0.507084,0.468334,0.0245825,0,22.7359,-2.18966e+07
3376.42
ratio: 0.000000
Gen:115
0.507375,0.468043,0.0245825,0,22.7338,-2.18946e+07
2305.33
Gen:116
0.507375,0.468043,0.0245825,0,22.7338,-2.18946e+07
3648.55
ratio: 0.000000
Gen:117
0.507375,0.468043,0.0245825,0,22.7338,-2.18946e+07
3808.43
ratio: 0.000000
Gen:118
0.507375,0.468043,0.0245825,0,22.7338,-2.18946e+07
2861.62
ratio: 0.000000
Gen:119
0.507375,0.468043,0.0245825,0,22.7338,-2.18946e+07
3601.93
ratio: 0.000000
Gen:120
0.507375,0.468043,0.0245825,0,22.7338,-2.18946e+07
3532.3
ratio: 0.000000
Gen:121
0.507375,0.468043,0.0245825,0,22.7338,-2.18946e+07
2952.09
ratio: 0.000000
Gen:122
0.507375,0.468043,0.0245825,0,22.7338,-2.18946e+07
3512.85
ratio: 0.000000
Gen:123
0.507375,0.468043,0.0245825,0,22.7338,-2.18946e+07
2989.68
ratio: 0.000000
Gen:124
0.507375,0.468043,0.0245825,0,22.7338,-2.18946e+07
3892.07
ratio: 0.000000
Gen:125
0.507375,0.468043,0.0245825,0,22.7338,-2.18946e+07
2982.6
ratio: 0.000000
Gen:126
0.508397,0.46702,0.0245825,0,22.726,-2.1887e+07
3575.73
Gen:127
0.508397,0.46702,0.0245825,0,22.726,-2.1887e+07
5128.3
ratio: 0.000000
Gen:128
0.509155,0.466994,0.0238504,0,22.723,-2.18842e+07
3303.77
Gen:129
0.509218,0.466932,0.0238504,0,22.7219,-2.18832e+07
3278.79
Gen:130
0.509887,0.466262,0.0238504,0,22.7152,-2.18767e+07
3404.91
Gen:131
0.509887,0.466262,0.0238504,0,22.7152,-2.18767e+07
5210.67
ratio: 0.000000
Gen:132
0.509887,0.466262,0.0238504,0,22.7152,-2.18767e+07
2113.83
ratio: 0.000000
Gen:133
0.509887,0.466262,0.0238504,0,22.7152,-2.18767e+07
3798.85
ratio: 0.000000
Gen:134
0.509887,0.466262,0.0238504,0,22.7152,-2.18767e+07
4265.89
ratio: 0.000000
Gen:135
0.510661,0.465489,0.0238504,0,22.7121,-2.18737e+07
4822.56
Gen:136
0.510661,0.465489,0.0238504,0,22.7121,-2.18737e+07
3012.2
ratio: 0.000000
Gen:137
0.510661,0.465489,0.0238504,0,22.7121,-2.18737e+07
3481.85
ratio: 0.000000
Gen:138
0.510661,0.465489,0.0238504,0,22.7121,-2.18737e+07
3023.41
ratio: 0.000000
Gen:139
0.510661,0.465489,0.0238504,0,22.7121,-2.18737e+07
3180.12
ratio: 0.000000
Gen:140
0.506368,0.467409,0.026223,0,22.7112,-2.18728e+07
3625.26
Gen:141
0.506368,0.467409,0.026223,0,22.7112,-2.18728e+07
3940.94
ratio: 0.000000
Gen:142
0.506368,0.467409,0.026223,0,22.7112,-2.18728e+07
3566.74
ratio: 0.000000
Gen:143
0.506368,0.467409,0.026223,0,22.7112,-2.18728e+07
2944.13
ratio: 0.000000
FINAL Population size
18
Best : -2.18728e+07   31:68-1-16-10-52-64-58-45-36-22-33-43-61-60-17-55-8-56-6-47-40-4-25-57-41-27-67-65-19-38-54- ,  31:28-8-10-17-50-2-14-60-61-43-20-55-16-26-49-62-21-6-35-34-25-41-36-38-3-66-18-67-27-12-4- ,  31:65-32-54-36-38-66-48-29-19-22-33-20-17-59-11-9-1-26-8-51-41-12-27-67-18-69-0-2-14-44-60- ,  31:44-14-2-50-13-22-38-69-23-3-19-36-41-51-8-26-1-11-59-10-52-64-35-34-25-27-67-18-66-29-48- ,  31:9-59-68-11-15-30-63-6-47-40-12-41-51-8-26-62-21-24-42-49-1-16-10-52-64-35-57-25-4-7-46- ,  31:40-12-27-67-5-32-54-19-36-41-51-56-8-52-20-43-50-0-69-18-65-39-48-29-23-2-14-61-17-10-28- ,  31:24-42-15-62-49-11-31-1-26-8-51-41-12-25-34-58-64-52-10-59-68-9-17-50-23-69-48-39-32-37-18- ,  31:21-6-56-28-10-17-44-61-43-13-33-58-41-12-40-46-7-4-25-27-67-65-39-48-66-54-5-18-69-23-50- ,  29:32-18-19-22-33-43-50-23-69-66-54-5-37-65-39-48-3-0-2-14-44-17-10-16-26-30-63-21-6- ,  30:62-24-63-6-35-41-27-67-5-54-36-45-34-51-8-26-49-42-15-11-9-17-20-33-22-38-18-32-65-37- ,  28:12-4-7-53-46-40-47-6-35-41-36-38-22-33-58-51-8-26-49-1-59-17-44-61-43-20-10-28- ,  31:37-67-27-12-41-58-34-25-4-53-46-40-7-47-6-56-8-26-1-31-11-59-10-55-16-9-49-15-30-63-21- ,  31:21-24-30-26-16-10-17-50-0-69-38-36-45-34-51-56-28-8-52-64-35-6-47-53-4-25-27-67-65-37-32- ,  23:40-53-4-12-41-45-22-33-43-61-44-14-2-0-50-17-10-8-56-6-47-7-46- ,  31:3-29-48-39-18-54-36-41-51-8-26-49-15-11-9-17-50-23-69-38-22-33-58-35-6-63-24-42-62-30-21- , 

0.506368
0.467409
0.026223
0
22.7112
-2.18728e+07
All Run Best : -2.18728e+07   31:68-1-16-10-52-64-58-45-36-22-33-43-61-60-17-55-8-56-6-47-40-4-25-57-41-27-67-65-19-38-54- ,  31:28-8-10-17-50-2-14-60-61-43-20-55-16-26-49-62-21-6-35-34-25-41-36-38-3-66-18-67-27-12-4- ,  31:65-32-54-36-38-66-48-29-19-22-33-20-17-59-11-9-1-26-8-51-41-12-27-67-18-69-0-2-14-44-60- ,  31:44-14-2-50-13-22-38-69-23-3-19-36-41-51-8-26-1-11-59-10-52-64-35-34-25-27-67-18-66-29-48- ,  31:9-59-68-11-15-30-63-6-47-40-12-41-51-8-26-62-21-24-42-49-1-16-10-52-64-35-57-25-4-7-46- ,  31:40-12-27-67-5-32-54-19-36-41-51-56-8-52-20-43-50-0-69-18-65-39-48-29-23-2-14-61-17-10-28- ,  31:24-42-15-62-49-11-31-1-26-8-51-41-12-25-34-58-64-52-10-59-68-9-17-50-23-69-48-39-32-37-18- ,  31:21-6-56-28-10-17-44-61-43-13-33-58-41-12-40-46-7-4-25-27-67-65-39-48-66-54-5-18-69-23-50- ,  29:32-18-19-22-33-43-50-23-69-66-54-5-37-65-39-48-3-0-2-14-44-17-10-16-26-30-63-21-6- ,  30:62-24-63-6-35-41-27-67-5-54-36-45-34-51-8-26-49-42-15-11-9-17-20-33-22-38-18-32-65-37- ,  28:12-4-7-53-46-40-47-6-35-41-36-38-22-33-58-51-8-26-49-1-59-17-44-61-43-20-10-28- ,  31:37-67-27-12-41-58-34-25-4-53-46-40-7-47-6-56-8-26-1-31-11-59-10-55-16-9-49-15-30-63-21- ,  31:21-24-30-26-16-10-17-50-0-69-38-36-45-34-51-56-28-8-52-64-35-6-47-53-4-25-27-67-65-37-32- ,  23:40-53-4-12-41-45-22-33-43-61-44-14-2-0-50-17-10-8-56-6-47-7-46- ,  31:3-29-48-39-18-54-36-41-51-8-26-49-15-11-9-17-50-23-69-38-22-33-58-35-6-63-24-42-62-30-21- , 

0.506368
0.467409
0.026223
0
22.7112
-2.18728e+07
