routeSetSize:15,pSwap:0.06667,popSize:18,elite:2,pSm:0.7,pDelete:0.4,tFit:10,maxGen:250,run:3,stableCount:20,e:0.7,minGen:1,minFitnessRatio:1e-05,minRouteLength:10,maxRouteLength:30,maxIter:1,beta:0.8,beta:0.8, OpATT19.2695
Initial : -2.24321e+07
0.461797
0.495039
0.0426079
0.000555507
23.2664

-----------------------------------------
Iteration:0 started

Gen:0
0.461797,0.495039,0.0426079,0.000555507,23.2664,-2.24321e+07
482092
ratio: 0.000000
Gen:1
0.462929,0.494676,0.0418395,0.000555507,23.2587,-2.24247e+07
326083
Gen:2
0.463505,0.4941,0.0418395,0.000555507,23.2543,-2.24205e+07
125051
Gen:3
0.464362,0.493549,0.0415332,0.000555507,23.2477,-2.24142e+07
121608
Gen:4
0.465489,0.492999,0.0409569,0.000555507,23.2379,-2.24047e+07
79608
Gen:5
0.468479,0.491052,0.0399134,0.000555507,23.219,-2.23865e+07
53958.6
Gen:6
0.468832,0.490699,0.0399134,0.000555507,23.2151,-2.23828e+07
91071.8
Gen:7
0.469969,0.487096,0.0423794,0.000555507,23.1354,-2.2306e+07
111669
Gen:8
0.470343,0.486722,0.0423794,0.000555507,23.1339,-2.23046e+07
93798.4
Gen:9
0.471905,0.490331,0.0377641,0,23.1063,-2.22533e+07
80340.3
Gen:10
0.472207,0.490029,0.0377641,0,23.1051,-2.22521e+07
62669
Gen:11
0.474148,0.488088,0.0377641,0,23.1015,-2.22488e+07
112713
Gen:12
0.471947,0.492314,0.0357393,0,23.0847,-2.22325e+07
104976
Gen:13
0.471947,0.492314,0.0357393,0,23.0847,-2.22325e+07
143651
ratio: 0.000000
Gen:14
0.47554,0.490164,0.034296,0,23.0713,-2.22196e+07
95650.2
Gen:15
0.477959,0.489396,0.0326451,0,23.0608,-2.22095e+07
144756
Gen:16
0.478847,0.488508,0.0326451,0,23.0562,-2.22051e+07
124565
Gen:17
0.480337,0.487018,0.0326451,0,23.0494,-2.21985e+07
120582
Gen:18
0.481915,0.490227,0.0278584,0,23.024,-2.2174e+07
92107.7
Gen:19
0.483317,0.488825,0.0278584,0,23.021,-2.21712e+07
121193
Gen:20
0.481863,0.488711,0.0294263,0,23.0061,-2.21568e+07
137834
Gen:21
0.483213,0.487361,0.0294263,0,23.0023,-2.21531e+07
123792
Gen:22
0.484781,0.485793,0.0294263,0,22.9949,-2.21461e+07
92093
Gen:23
0.485492,0.485019,0.0294886,0,22.9832,-2.21348e+07
107794
Gen:24
0.486068,0.485077,0.0288552,0,22.9825,-2.21341e+07
90368.4
Gen:25
0.487641,0.483441,0.0289175,0,22.9691,-2.21212e+07
100218
Gen:26
0.488399,0.483301,0.0282997,0,22.9606,-2.2113e+07
128614
Gen:27
0.488399,0.483301,0.0282997,0,22.9606,-2.2113e+07
103600
ratio: 0.000000
Gen:28
0.488399,0.482683,0.0289175,0,22.9512,-2.2104e+07
74505.2
Gen:29
0.489515,0.484422,0.0260621,0,22.9333,-2.20867e+07
92616.1
Gen:30
0.491706,0.482232,0.0260621,0,22.9225,-2.20763e+07
118470
Gen:31
0.491706,0.482232,0.0260621,0,22.9225,-2.20763e+07
114117
ratio: 0.000000
Gen:32
0.49316,0.480778,0.0260621,0,22.9213,-2.20752e+07
102735
Gen:33
0.493072,0.481484,0.0254443,0,22.9134,-2.20676e+07
96471.8
Gen:34
0.493072,0.481484,0.0254443,0,22.9065,-2.20609e+07
153728
Gen:35
0.493072,0.481484,0.0254443,0,22.9059,-2.20604e+07
59804.6
Gen:36
0.493778,0.481536,0.0246863,0,22.8992,-2.20539e+07
53969.6
Gen:37
0.493778,0.481536,0.0246863,0,22.8986,-2.20533e+07
99280.8
Gen:38
0.494396,0.480918,0.0246863,0,22.8949,-2.20497e+07
78210.7
Gen:39
0.494396,0.480918,0.0246863,0,22.8949,-2.20497e+07
70419
ratio: 0.000000
Gen:40
0.493279,0.482034,0.0246863,0,22.8842,-2.20394e+07
118669
Gen:41
0.493394,0.48192,0.0246863,0,22.8838,-2.20391e+07
52893
Gen:42
0.493394,0.48192,0.0246863,0,22.8838,-2.20391e+07
121372
ratio: 0.000000
Gen:43
0.493394,0.48192,0.0246863,0,22.8838,-2.20391e+07
83532.7
ratio: 0.000000
Gen:44
0.493394,0.48192,0.0246863,0,22.8838,-2.20391e+07
135468
ratio: 0.000000
Gen:45
0.494172,0.481141,0.0246863,0,22.877,-2.20325e+07
87128.6
Gen:46
0.494172,0.481141,0.0246863,0,22.8764,-2.20319e+07
88532.3
Gen:47
0.494172,0.481141,0.0246863,0,22.8764,-2.20319e+07
142371
ratio: 0.000000
Gen:48
0.497106,0.480466,0.0224279,0,22.8718,-2.20275e+07
75333.9
Gen:49
0.496716,0.480856,0.0224279,0,22.8686,-2.20244e+07
74320.5
Gen:50
0.497106,0.480466,0.0224279,0,22.8683,-2.20241e+07
44765.8
Gen:51
0.497106,0.480466,0.0224279,0,22.8683,-2.20241e+07
133171
ratio: 0.000000
Gen:52
0.496716,0.480856,0.0224279,0,22.8586,-2.20147e+07
109438
Gen:53
0.496716,0.480856,0.0224279,0,22.8579,-2.20141e+07
126778
Gen:54
0.497412,0.48016,0.0224279,0,22.8545,-2.20108e+07
77980.3
Gen:55
0.497412,0.48016,0.0224279,0,22.8545,-2.20108e+07
87504.7
ratio: 0.000000
Gen:56
0.497412,0.48016,0.0224279,0,22.8545,-2.20108e+07
96384.8
ratio: 0.000000
Gen:57
0.498165,0.479963,0.0218724,0,22.8475,-2.20041e+07
80657.5
Gen:58
0.498165,0.479963,0.0218724,0,22.8475,-2.20041e+07
138554
ratio: 0.000000
Gen:59
0.498165,0.479963,0.0218724,0,22.8475,-2.20041e+07
76563.9
ratio: 0.000000
Gen:60
0.498165,0.479963,0.0218724,0,22.8475,-2.20041e+07
138531
ratio: 0.000000
Gen:61
0.498165,0.479963,0.0218724,0,22.8475,-2.20041e+07
117136
ratio: 0.000000
Gen:62
0.498165,0.479963,0.0218724,0,22.8475,-2.20041e+07
120523
ratio: 0.000000
Gen:63
0.498565,0.479563,0.0218724,0,22.845,-2.20016e+07
129841
Gen:64
0.498565,0.479563,0.0218724,0,22.845,-2.20016e+07
111394
ratio: 0.000000
Gen:65
0.498565,0.479563,0.0218724,0,22.8425,-2.19993e+07
48979.3
Gen:66
0.499203,0.478924,0.0218724,0,22.8378,-2.19948e+07
56972.4
Gen:67
0.499203,0.478924,0.0218724,0,22.8359,-2.19929e+07
75665.9
Gen:68
0.499203,0.478924,0.0218724,0,22.8359,-2.19929e+07
23856.3
ratio: 0.000000
Gen:69
0.499203,0.478924,0.0218724,0,22.8359,-2.19929e+07
86601.5
ratio: 0.000000
Gen:70
0.499203,0.478924,0.0218724,0,22.8359,-2.19929e+07
117459
ratio: 0.000000
Gen:71
0.499992,0.478478,0.0215298,0,22.8271,-2.19844e+07
119286
Gen:72
0.500475,0.478551,0.0209743,0,22.826,-2.19834e+07
75504.6
Gen:73
0.500475,0.478551,0.0209743,0,22.826,-2.19834e+07
63223.7
ratio: 0.000000
Gen:74
0.50088,0.478146,0.0209743,0,22.8232,-2.19807e+07
108120
Gen:75
0.501773,0.477253,0.0209743,0,22.8176,-2.19753e+07
111151
Gen:76
0.501773,0.477253,0.0209743,0,22.8176,-2.19753e+07
113980
ratio: 0.000000
Gen:77
0.501773,0.477253,0.0209743,0,22.8176,-2.19753e+07
86583.3
ratio: 0.000000
Gen:78
0.502064,0.476962,0.0209743,0,22.8167,-2.19744e+07
72366.7
Gen:79
0.502645,0.476381,0.0209743,0,22.8156,-2.19734e+07
121546
Gen:80
0.502645,0.476381,0.0209743,0,22.8156,-2.19734e+07
92335.2
ratio: 0.000000
Gen:81
0.502645,0.476381,0.0209743,0,22.8156,-2.19734e+07
91689.9
ratio: 0.000000
Gen:82
0.502645,0.476381,0.0209743,0,22.8156,-2.19734e+07
110015
ratio: 0.000000
Gen:83
0.502645,0.476381,0.0209743,0,22.8156,-2.19734e+07
118416
ratio: 0.000000
Gen:84
0.502645,0.476381,0.0209743,0,22.8156,-2.19734e+07
76777.5
ratio: 0.000000
Gen:85
0.502645,0.476381,0.0209743,0,22.8156,-2.19734e+07
94164.4
ratio: 0.000000
Gen:86
0.502645,0.476381,0.0209743,0,22.8156,-2.19734e+07
77252
ratio: 0.000000
Gen:87
0.504488,0.474538,0.0209743,0,22.7969,-2.19553e+07
111726
Gen:88
0.504488,0.474538,0.0209743,0,22.7965,-2.1955e+07
99536.6
Gen:89
0.504488,0.474538,0.0209743,0,22.7965,-2.1955e+07
116326
ratio: 0.000000
Gen:90
0.504909,0.474117,0.0209743,0,22.7876,-2.19464e+07
90402.3
Gen:91
0.504909,0.474117,0.0209743,0,22.7876,-2.19464e+07
105188
ratio: 0.000000
Gen:92
0.504909,0.474117,0.0209743,0,22.7876,-2.19464e+07
115560
ratio: 0.000000
Gen:93
0.503829,0.475197,0.0209743,0,22.7701,-2.19295e+07
114569
Gen:94
0.503829,0.475197,0.0209743,0,22.7701,-2.19295e+07
87865.1
ratio: 0.000000
Gen:95
0.503829,0.475197,0.0209743,0,22.7701,-2.19295e+07
84942.5
ratio: 0.000000
Gen:96
0.503829,0.475197,0.0209743,0,22.7701,-2.19295e+07
44485.6
ratio: 0.000000
Gen:97
0.50426,0.474766,0.0209743,0,22.7683,-2.19278e+07
106703
Gen:98
0.50426,0.474766,0.0209743,0,22.7683,-2.19278e+07
109660
ratio: 0.000000
Gen:99
0.50426,0.474766,0.0209743,0,22.7683,-2.19278e+07
72900.6
ratio: 0.000000
Gen:100
0.504576,0.47501,0.0204136,0,22.7584,-2.19183e+07
113270
Gen:101
0.504576,0.47501,0.0204136,0,22.7584,-2.19183e+07
112510
ratio: 0.000000
Gen:102
0.504576,0.47501,0.0204136,0,22.7584,-2.19183e+07
109921
ratio: 0.000000
Gen:103
0.504576,0.47501,0.0204136,0,22.7584,-2.19183e+07
105943
ratio: 0.000000
Gen:104
0.504576,0.47501,0.0204136,0,22.7584,-2.19183e+07
87110.1
ratio: 0.000000
Gen:105
0.504634,0.474953,0.0204136,0,22.7553,-2.19153e+07
78839.5
Gen:106
0.504634,0.474953,0.0204136,0,22.7553,-2.19153e+07
82193.8
ratio: 0.000000
Gen:107
0.504634,0.474953,0.0204136,0,22.7553,-2.19153e+07
112464
ratio: 0.000000
Gen:108
0.504634,0.474953,0.0204136,0,22.7553,-2.19153e+07
99181.1
ratio: 0.000000
Gen:109
0.504634,0.474953,0.0204136,0,22.7553,-2.19153e+07
100357
ratio: 0.000000
Gen:110
0.504634,0.474953,0.0204136,0,22.7553,-2.19153e+07
85429.9
ratio: 0.000000
Gen:111
0.504634,0.474953,0.0204136,0,22.7553,-2.19153e+07
106294
ratio: 0.000000
Gen:112
0.504634,0.474953,0.0204136,0,22.7553,-2.19153e+07
113382
ratio: 0.000000
Gen:113
0.505168,0.474418,0.0204136,0,22.7517,-2.19118e+07
107799
Gen:114
0.505168,0.474418,0.0204136,0,22.7517,-2.19118e+07
71402.8
ratio: 0.000000
Gen:115
0.505168,0.474418,0.0204136,0,22.7517,-2.19118e+07
91079.7
ratio: 0.000000
Gen:116
0.505168,0.474418,0.0204136,0,22.7517,-2.19118e+07
106768
ratio: 0.000000
Gen:117
0.505168,0.474418,0.0204136,0,22.7517,-2.19118e+07
118883
ratio: 0.000000
Gen:118
0.505168,0.474418,0.0204136,0,22.7517,-2.19118e+07
115895
ratio: 0.000000
Gen:119
0.505199,0.474387,0.0204136,0,22.7516,-2.19117e+07
112118
ratio: 0.000003
Gen:120
0.505199,0.474387,0.0204136,0,22.7516,-2.19117e+07
37291.4
ratio: 0.000000
Gen:121
0.506388,0.475124,0.0184875,0,22.7363,-2.1897e+07
82599.6
Gen:122
0.506798,0.474714,0.0184875,0,22.7343,-2.18951e+07
137833
Gen:123
0.506798,0.474714,0.0184875,0,22.7343,-2.18951e+07
108577
ratio: 0.000000
Gen:124
0.506798,0.474714,0.0184875,0,22.7343,-2.18951e+07
120620
ratio: 0.000000
Gen:125
0.506798,0.474714,0.0184875,0,22.7343,-2.18951e+07
77730.1
ratio: 0.000000
Gen:126
0.508257,0.473484,0.018259,0,22.726,-2.18871e+07
59458.1
Gen:127
0.508257,0.473484,0.018259,0,22.726,-2.18871e+07
109376
ratio: 0.000000
Gen:128
0.508257,0.473484,0.018259,0,22.726,-2.18871e+07
101137
ratio: 0.000000
Gen:129
0.508257,0.473484,0.018259,0,22.726,-2.18871e+07
21423.7
ratio: 0.000000
Gen:130
0.508257,0.473484,0.018259,0,22.726,-2.18871e+07
102468
ratio: 0.000000
Gen:131
0.508257,0.473484,0.018259,0,22.726,-2.18871e+07
91502.6
ratio: 0.000000
Gen:132
0.508257,0.473484,0.018259,0,22.726,-2.18871e+07
81604
ratio: 0.000000
Gen:133
0.508257,0.473484,0.018259,0,22.726,-2.18871e+07
101684
ratio: 0.000000
Gen:134
0.508257,0.473484,0.018259,0,22.726,-2.18871e+07
91850
ratio: 0.000000
Gen:135
0.508257,0.473484,0.018259,0,22.726,-2.18871e+07
91287.9
ratio: 0.000000
Gen:136
0.508257,0.473484,0.018259,0,22.726,-2.18871e+07
75802.9
ratio: 0.000000
Gen:137
0.508257,0.473484,0.018259,0,22.726,-2.18871e+07
115338
ratio: 0.000000
Gen:138
0.508257,0.473484,0.018259,0,22.7256,-2.18867e+07
78168.8
Gen:139
0.508257,0.473484,0.018259,0,22.7256,-2.18867e+07
52638.9
ratio: 0.000000
Gen:140
0.508257,0.473484,0.018259,0,22.7256,-2.18867e+07
64403
ratio: 0.000000
Gen:141
0.508257,0.473484,0.018259,0,22.7256,-2.18867e+07
71800.8
ratio: 0.000000
Gen:142
0.508257,0.473484,0.018259,0,22.7256,-2.18867e+07
99582.9
ratio: 0.000000
Gen:143
0.508257,0.473484,0.018259,0,22.7256,-2.18867e+07
104073
ratio: 0.000000
Gen:144
0.508257,0.473484,0.018259,0,22.7256,-2.18867e+07
103737
ratio: 0.000000
Gen:145
0.508257,0.473484,0.018259,0,22.7256,-2.18867e+07
97871.9
ratio: 0.000000
Gen:146
0.508257,0.473484,0.018259,0,22.7256,-2.18867e+07
100030
ratio: 0.000000
Gen:147
0.508257,0.473484,0.018259,0,22.7256,-2.18867e+07
123533
ratio: 0.000000
Gen:148
0.508257,0.473484,0.018259,0,22.7256,-2.18867e+07
77923.4
ratio: 0.000000
Gen:149
0.508257,0.473484,0.018259,0,22.7256,-2.18867e+07
103090
ratio: 0.000000
Gen:150
0.508257,0.473484,0.018259,0,22.7256,-2.18867e+07
98357.9
ratio: 0.000000
Gen:151
0.508257,0.473484,0.018259,0,22.7256,-2.18867e+07
103331
ratio: 0.000000
Gen:152
0.508257,0.473484,0.018259,0,22.7256,-2.18867e+07
82323.5
ratio: 0.000000
Gen:153
0.508257,0.473484,0.018259,0,22.7256,-2.18867e+07
67942.8
ratio: 0.000000
Gen:154
0.508257,0.473484,0.018259,0,22.7256,-2.18867e+07
99611.5
ratio: 0.000000
Gen:155
0.508257,0.473484,0.018259,0,22.7256,-2.18867e+07
44081.5
ratio: 0.000000
FINAL Population size
18
Best : -2.18867e+07   31:30-26-1-16-10-52-64-58-45-36-22-33-43-61-60-17-55-8-56-6-47-40-4-25-57-41-27-67-65-37-32- ,  31:10-17-50-2-14-60-61-43-20-55-16-26-49-62-21-6-35-34-25-41-36-38-3-66-18-67-27-12-4-53-40- ,  31:25-34-58-45-36-38-3-29-19-22-33-20-17-59-11-9-1-26-8-51-41-12-27-67-18-69-0-2-14-44-60- ,  30:44-14-2-50-13-22-38-69-23-3-19-36-41-51-8-26-1-11-59-10-52-64-35-34-25-27-67-18-66-29- ,  31:9-59-68-11-15-30-63-6-47-40-12-41-51-8-26-62-21-24-42-49-1-16-10-52-64-35-57-25-4-7-46- ,  31:57-34-45-22-38-54-66-19-36-41-51-56-8-52-20-43-50-0-69-18-65-39-48-29-23-2-14-61-17-10-28- ,  30:21-62-15-11-31-1-26-8-51-41-12-25-34-58-64-52-10-59-68-9-17-50-23-69-48-39-32-37-67-27- ,  31:26-8-28-10-17-44-61-43-13-33-58-41-12-40-46-7-4-25-27-67-65-39-48-66-54-5-18-69-23-50-2- ,  31:32-18-19-22-33-43-50-23-69-66-54-5-37-65-39-48-3-0-2-14-44-17-10-16-26-30-63-21-62-24-42- ,  31:62-30-24-63-6-35-41-27-67-5-54-36-45-34-51-8-26-49-42-15-11-9-17-20-33-22-38-18-32-37-65- ,  28:12-40-7-46-53-47-6-35-41-36-38-22-33-58-51-8-26-49-1-59-17-44-61-43-20-10-28-56- ,  31:67-27-41-36-45-58-57-51-34-25-4-40-46-7-47-6-56-8-26-1-31-11-59-10-55-16-9-49-15-30-63- ,  31:24-30-26-16-10-17-50-0-69-38-36-45-34-51-56-28-8-52-64-35-6-47-53-4-25-27-67-65-37-18-19- ,  30:37-5-32-54-65-19-36-41-25-4-53-47-6-56-8-26-16-9-17-20-33-22-38-18-67-27-12-40-46-7- ,  30:19-29-48-39-18-54-36-41-51-8-26-49-15-11-9-17-50-23-69-38-22-33-58-35-6-63-24-42-30-21- , 

0.508257
0.473484
0.018259
0
22.7256
-2.18867e+07
Initial : -2.24321e+07
0.461797
0.495039
0.0426079
0.000555507
23.2664

-----------------------------------------
Iteration:0 started

Gen:0
0.461797,0.495039,0.0426079,0.000555507,23.2664,-2.24321e+07
482092
ratio: 0.000000
Gen:1
0.461797,0.495039,0.0426079,0.000555507,23.2664,-2.24321e+07
495946
ratio: 0.000000
Gen:2
0.459705,0.497625,0.0421147,0.000555507,23.216,-2.23836e+07
117177
Gen:3
0.464497,0.49816,0.0373435,0,23.1907,-2.23346e+07
123740
Gen:4
0.46485,0.497807,0.0373435,0,23.1889,-2.23329e+07
113339
Gen:5
0.465707,0.497256,0.0370372,0,23.1824,-2.23266e+07
89591.3
Gen:6
0.466272,0.497267,0.036461,0,23.1638,-2.23087e+07
121189
Gen:7
0.468297,0.496,0.035703,0,23.149,-2.22945e+07
101778
Gen:8
0.468297,0.496,0.035703,0,23.149,-2.22945e+07
140612
ratio: 0.000000
Gen:9
0.469964,0.493627,0.036409,0,23.1035,-2.22506e+07
73147.5
Gen:10
0.469071,0.495081,0.0358483,0,23.0964,-2.22438e+07
79233.2
Gen:11
0.470114,0.496545,0.0333408,0,23.0665,-2.2215e+07
118202
Gen:12
0.473494,0.494307,0.0321986,0,23.0582,-2.2207e+07
103573
Gen:13
0.474216,0.494297,0.0314874,0,23.0553,-2.22042e+07
115953
Gen:14
0.475747,0.491701,0.0325516,0,23.0013,-2.21522e+07
150722
Gen:15
0.475825,0.491623,0.0325516,0,23.0007,-2.21516e+07
102623
Gen:16
0.476661,0.490787,0.0325516,0,22.9987,-2.21497e+07
96196.2
Gen:17
0.47893,0.488519,0.0325516,0,22.9873,-2.21387e+07
108850
Gen:18
0.4807,0.488399,0.0309007,0,22.9763,-2.21281e+07
85553.3
Gen:19
0.482496,0.486395,0.0311084,0,22.9697,-2.21217e+07
115056
Gen:20
0.483555,0.485544,0.0309007,0,22.9648,-2.21171e+07
122816
Gen:21
0.483555,0.485544,0.0309007,0,22.9648,-2.21171e+07
85613.9
ratio: 0.000000
Gen:22
0.484833,0.48679,0.0283776,0,22.9458,-2.20988e+07
115224
Gen:23
0.485902,0.484298,0.0298001,0,22.922,-2.20758e+07
93135.2
Gen:24
0.486572,0.484396,0.0290317,0,22.9139,-2.20681e+07
104627
Gen:25
0.487018,0.48395,0.0290317,0,22.9124,-2.20666e+07
128678
Gen:26
0.487018,0.48395,0.0290317,0,22.9088,-2.20632e+07
97364.7
Gen:27
0.487543,0.483426,0.0290317,0,22.9056,-2.206e+07
115376
Gen:28
0.487849,0.483119,0.0290317,0,22.9043,-2.20588e+07
116212
Gen:29
0.490995,0.480954,0.0280505,0,22.8996,-2.20543e+07
88192
Gen:30
0.488539,0.482429,0.0290317,0,22.8995,-2.20541e+07
115213
ratio: 0.000007
Gen:31
0.491571,0.480378,0.0280505,0,22.8985,-2.20532e+07
113703
Gen:32
0.491821,0.480129,0.0280505,0,22.8871,-2.20422e+07
126875
Gen:33
0.491821,0.480129,0.0280505,0,22.8871,-2.20422e+07
131571
ratio: 0.000000
Gen:34
0.492298,0.480274,0.0274275,0,22.8704,-2.20262e+07
122573
Gen:35
0.492989,0.479584,0.0274275,0,22.8642,-2.20202e+07
97277.3
Gen:36
0.493617,0.478956,0.0274275,0,22.8614,-2.20175e+07
67156.6
Gen:37
0.493991,0.478582,0.0274275,0,22.8596,-2.20157e+07
102349
Gen:38
0.494567,0.478006,0.0274275,0,22.8584,-2.20146e+07
84715.6
Gen:39
0.494567,0.478006,0.0274275,0,22.8584,-2.20146e+07
105298
ratio: 0.000000
Gen:40
0.494567,0.478006,0.0274275,0,22.8584,-2.20146e+07
128816
ratio: 0.000000
Gen:41
0.494577,0.477995,0.0274275,0,22.8584,-2.20146e+07
83531.8
ratio: 0.000002
Gen:42
0.495195,0.477377,0.0274275,0,22.8541,-2.20104e+07
122542
Gen:43
0.495943,0.47663,0.0274275,0,22.851,-2.20074e+07
120394
Gen:44
0.495943,0.47663,0.0274275,0,22.851,-2.20074e+07
85355
ratio: 0.000000
Gen:45
0.496753,0.47582,0.0274275,0,22.8453,-2.2002e+07
80188.3
Gen:46
0.496753,0.47582,0.0274275,0,22.8453,-2.2002e+07
113635
ratio: 0.000000
Gen:47
0.49736,0.475212,0.0274275,0,22.8447,-2.20014e+07
77952.8
Gen:48
0.49804,0.474532,0.0274275,0,22.8389,-2.19958e+07
123259
Gen:49
0.49804,0.474532,0.0274275,0,22.8389,-2.19958e+07
86328.3
ratio: 0.000000
Gen:50
0.49804,0.474532,0.0274275,0,22.838,-2.19949e+07
74850.3
Gen:51
0.49804,0.474532,0.0274275,0,22.838,-2.19949e+07
109284
ratio: 0.000000
Gen:52
0.49885,0.473722,0.0274275,0,22.8339,-2.1991e+07
107589
Gen:53
0.498928,0.473645,0.0274275,0,22.8334,-2.19905e+07
74900.7
Gen:54
0.499489,0.473084,0.0274275,0,22.8304,-2.19876e+07
63095.3
Gen:55
0.499489,0.473084,0.0274275,0,22.8304,-2.19876e+07
52963.7
ratio: 0.000000
Gen:56
0.499489,0.473084,0.0274275,0,22.8304,-2.19876e+07
99160.9
ratio: 0.000000
Gen:57
0.499489,0.473084,0.0274275,0,22.8304,-2.19876e+07
86301.4
ratio: 0.000000
Gen:58
0.499489,0.473084,0.0274275,0,22.8304,-2.19876e+07
117635
ratio: 0.000000
Gen:59
0.499489,0.473084,0.0274275,0,22.8304,-2.19876e+07
109520
ratio: 0.000000
Gen:60
0.499489,0.473146,0.0273652,0,22.824,-2.19815e+07
87836.8
Gen:61
0.499489,0.473146,0.0273652,0,22.824,-2.19815e+07
111192
ratio: 0.000000
Gen:62
0.499894,0.472741,0.0273652,0,22.8214,-2.1979e+07
144974
Gen:63
0.499894,0.472741,0.0273652,0,22.8214,-2.1979e+07
119532
ratio: 0.000000
Gen:64
0.499894,0.472741,0.0273652,0,22.8214,-2.1979e+07
113082
ratio: 0.000000
Gen:65
0.499894,0.472741,0.0273652,0,22.8206,-2.19782e+07
74077.7
Gen:66
0.499894,0.472741,0.0273652,0,22.8206,-2.19782e+07
98332.7
ratio: 0.000000
Gen:67
0.500657,0.471781,0.0275625,0,22.8168,-2.19745e+07
108927
Gen:68
0.500657,0.471781,0.0275625,0,22.8168,-2.19745e+07
80230.8
ratio: 0.000000
Gen:69
0.500657,0.471781,0.0275625,0,22.8168,-2.19745e+07
79557.2
ratio: 0.000000
Gen:70
0.500657,0.471781,0.0275625,0,22.8168,-2.19745e+07
75092
ratio: 0.000000
Gen:71
0.500657,0.471781,0.0275625,0,22.8168,-2.19745e+07
118064
ratio: 0.000000
Gen:72
0.500657,0.471781,0.0275625,0,22.8168,-2.19745e+07
148682
ratio: 0.000000
Gen:73
0.500657,0.471781,0.0275625,0,22.8168,-2.19745e+07
88204
ratio: 0.000000
Gen:74
0.500657,0.471781,0.0275625,0,22.8168,-2.19745e+07
75328.5
ratio: 0.000000
Gen:75
0.500984,0.471796,0.0272198,0,22.8113,-2.19692e+07
125796
Gen:76
0.500984,0.471796,0.0272198,0,22.8113,-2.19692e+07
65525.7
ratio: 0.000000
Gen:77
0.501648,0.471132,0.0272198,0,22.8079,-2.19659e+07
95973
Gen:78
0.501648,0.471132,0.0272198,0,22.8079,-2.19659e+07
118607
ratio: 0.000000
Gen:79
0.501648,0.471132,0.0272198,0,22.8079,-2.19659e+07
90838.1
ratio: 0.000000
Gen:80
0.501648,0.471132,0.0272198,0,22.8079,-2.19659e+07
73865.7
ratio: 0.000000
Gen:81
0.501648,0.471132,0.0272198,0,22.8079,-2.19659e+07
120043
ratio: 0.000000
Gen:82
0.501648,0.471132,0.0272198,0,22.8079,-2.19659e+07
96068.3
ratio: 0.000000
Gen:83
0.501648,0.471132,0.0272198,0,22.8079,-2.19659e+07
125175
ratio: 0.000000
Gen:84
0.501648,0.471132,0.0272198,0,22.8079,-2.19659e+07
89879.1
ratio: 0.000000
Gen:85
0.501648,0.471132,0.0272198,0,22.8079,-2.19659e+07
56381.1
ratio: 0.000000
Gen:86
0.501648,0.471132,0.0272198,0,22.8079,-2.19659e+07
83838.4
ratio: 0.000000
Gen:87
0.501648,0.471132,0.0272198,0,22.8079,-2.19659e+07
93401
ratio: 0.000000
Gen:88
0.501882,0.470644,0.0274742,0,22.8072,-2.19652e+07
130769
Gen:89
0.501882,0.470644,0.0274742,0,22.8072,-2.19652e+07
78281.7
ratio: 0.000000
Gen:90
0.501882,0.470644,0.0274742,0,22.8072,-2.19652e+07
119539
ratio: 0.000000
Gen:91
0.501882,0.470644,0.0274742,0,22.8072,-2.19652e+07
90480.9
ratio: 0.000000
Gen:92
0.501882,0.470644,0.0274742,0,22.8072,-2.19652e+07
115977
ratio: 0.000000
Gen:93
0.501882,0.470644,0.0274742,0,22.8072,-2.19652e+07
101843
ratio: 0.000000
Gen:94
0.502235,0.470545,0.0272198,0,22.8012,-2.19595e+07
36218.1
Gen:95
0.502235,0.470545,0.0272198,0,22.8012,-2.19595e+07
58046.1
ratio: 0.000000
Gen:96
0.502235,0.470545,0.0272198,0,22.8012,-2.19595e+07
109850
ratio: 0.000000
Gen:97
0.502235,0.470545,0.0272198,0,22.8012,-2.19595e+07
125535
ratio: 0.000000
Gen:98
0.502235,0.470545,0.0272198,0,22.8012,-2.19595e+07
99393.6
ratio: 0.000000
Gen:99
0.502235,0.470545,0.0272198,0,22.8012,-2.19595e+07
90683.8
ratio: 0.000000
Gen:100
0.502235,0.470545,0.0272198,0,22.8012,-2.19595e+07
79614.5
ratio: 0.000000
Gen:101
0.504026,0.469559,0.0264151,0,22.7928,-2.19514e+07
136369
Gen:102
0.50331,0.469471,0.0272198,0,22.7924,-2.1951e+07
92143.4
Gen:103
0.50331,0.469471,0.0272198,0,22.7924,-2.1951e+07
133419
ratio: 0.000000
Gen:104
0.503741,0.46904,0.0272198,0,22.7907,-2.19493e+07
102998
Gen:105
0.503741,0.46904,0.0272198,0,22.7907,-2.19493e+07
98397.5
ratio: 0.000000
Gen:106
0.503741,0.46904,0.0272198,0,22.7907,-2.19493e+07
103363
ratio: 0.000000
Gen:107
0.503741,0.46904,0.0272198,0,22.7907,-2.19493e+07
124975
ratio: 0.000000
Gen:108
0.50453,0.46825,0.0272198,0,22.7859,-2.19448e+07
42215.8
Gen:109
0.50453,0.46825,0.0272198,0,22.7859,-2.19448e+07
88093
ratio: 0.000000
Gen:110
0.50453,0.46825,0.0272198,0,22.7859,-2.19448e+07
45011.3
ratio: 0.000000
Gen:111
0.50453,0.46825,0.0272198,0,22.7859,-2.19448e+07
90693.2
ratio: 0.000000
Gen:112
0.50453,0.46825,0.0272198,0,22.7859,-2.19448e+07
109522
ratio: 0.000000
Gen:113
0.50453,0.46825,0.0272198,0,22.7859,-2.19448e+07
112955
ratio: 0.000000
Gen:114
0.50453,0.46825,0.0272198,0,22.7859,-2.19448e+07
102365
ratio: 0.000000
Gen:115
0.50453,0.46825,0.0272198,0,22.7847,-2.19436e+07
73528.7
Gen:116
0.50453,0.46825,0.0272198,0,22.7847,-2.19436e+07
87036.8
ratio: 0.000000
Gen:117
0.506856,0.467581,0.0255637,0,22.7798,-2.19389e+07
106195
Gen:118
0.506856,0.467581,0.0255637,0,22.7798,-2.19389e+07
113203
ratio: 0.000000
Gen:119
0.506856,0.467581,0.0255637,0,22.7798,-2.19389e+07
105180
ratio: 0.000000
Gen:120
0.507525,0.466911,0.0255637,0,22.7791,-2.19382e+07
103712
Gen:121
0.507525,0.466911,0.0255637,0,22.7791,-2.19382e+07
89575.2
ratio: 0.000000
Gen:122
0.507525,0.466911,0.0255637,0,22.7791,-2.19382e+07
95767.9
ratio: 0.000000
Gen:123
0.507525,0.466911,0.0255637,0,22.7791,-2.19382e+07
60629.1
ratio: 0.000000
Gen:124
0.507525,0.466911,0.0255637,0,22.7791,-2.19382e+07
80672.4
ratio: 0.000000
Gen:125
0.507525,0.466911,0.0255637,0,22.7791,-2.19382e+07
69660.6
ratio: 0.000000
Gen:126
0.507525,0.466911,0.0255637,0,22.7791,-2.19382e+07
128323
ratio: 0.000000
Gen:127
0.507525,0.466911,0.0255637,0,22.7791,-2.19382e+07
119631
ratio: 0.000000
Gen:128
0.507525,0.466911,0.0255637,0,22.7791,-2.19382e+07
116933
ratio: 0.000000
Gen:129
0.507525,0.466911,0.0255637,0,22.7791,-2.19382e+07
146850
ratio: 0.000000
Gen:130
0.507525,0.466911,0.0255637,0,22.7791,-2.19382e+07
86673.9
ratio: 0.000000
Gen:131
0.507525,0.466911,0.0255637,0,22.7791,-2.19382e+07
91029.9
ratio: 0.000000
Gen:132
0.507525,0.466911,0.0255637,0,22.7791,-2.19382e+07
99541.8
ratio: 0.000000
Gen:133
0.507525,0.466911,0.0255637,0,22.7791,-2.19382e+07
87167.2
ratio: 0.000000
FINAL Population size
18
Best : -2.19382e+07   31:24-62-26-1-16-10-52-64-58-45-36-22-33-43-61-60-17-55-8-56-6-47-40-4-25-57-41-27-67-65-39- ,  31:8-10-17-50-2-14-60-61-43-20-55-16-26-49-62-21-6-35-34-25-41-36-38-3-66-18-67-27-12-4-53- ,  31:5-65-37-32-54-19-22-33-20-17-59-11-9-1-26-8-51-41-12-27-67-18-69-0-2-14-44-60-61-43-13- ,  30:44-14-2-50-13-22-38-69-23-3-19-36-41-51-8-26-1-11-59-10-52-64-35-34-25-27-67-18-66-29- ,  31:59-68-11-15-30-63-6-47-40-12-41-51-8-26-62-21-24-42-49-1-16-10-52-64-35-57-25-4-7-46-53- ,  31:32-37-5-54-38-3-66-19-36-41-51-56-8-52-20-43-50-0-69-18-65-39-48-29-23-2-14-61-17-10-28- ,  30:24-62-49-11-31-1-26-8-51-41-12-25-34-58-64-52-10-59-68-9-17-50-23-69-48-39-32-37-67-27- ,  31:51-56-28-10-17-44-61-43-13-33-58-41-12-40-46-7-4-25-27-67-65-39-48-66-54-5-18-69-23-50-0- ,  31:32-18-19-22-33-43-50-23-69-66-54-5-37-65-39-48-3-0-2-14-44-17-10-16-26-30-63-21-62-15-11- ,  31:21-30-62-24-63-6-35-41-27-67-5-54-36-45-34-51-8-26-49-42-15-11-9-17-20-33-22-38-18-32-65- ,  27:7-4-12-40-47-6-35-41-36-38-22-33-58-51-8-26-49-1-59-17-44-61-43-20-10-28-56- ,  25:4-53-40-46-7-47-6-56-8-26-1-31-11-59-10-55-16-9-49-15-30-63-21-62-42- ,  31:63-21-24-30-26-16-10-17-50-0-69-38-36-45-34-51-56-28-8-52-64-35-6-47-53-4-25-27-67-65-54- ,  31:13-50-0-3-69-29-19-36-41-25-4-53-47-6-56-8-26-16-9-17-20-33-22-38-18-67-27-12-40-7-46- ,  31:2-0-3-29-48-39-18-54-36-41-51-8-26-49-15-11-9-17-50-23-69-38-22-33-58-35-6-63-24-42-30- , 

0.507525
0.466911
0.0255637
0
22.7791
-2.19382e+07
Initial : -2.24322e+07
0.461797
0.495039
0.0426079
0.000555507
23.2664

-----------------------------------------
Iteration:0 started

Gen:0
0.461797,0.495039,0.0426079,0.000555507,23.2664,-2.24322e+07
482092
ratio: 0.000000
Gen:1
0.461797,0.495039,0.0426079,0.000555507,23.2664,-2.24322e+07
185609
ratio: 0.000000
Gen:2
0.463988,0.492849,0.0426079,0.000555507,23.2556,-2.24217e+07
93985.8
Gen:3
0.464393,0.491945,0.0431063,0.000555507,23.2536,-2.24198e+07
80721.6
Gen:4
0.465509,0.492989,0.0409465,0.000555507,23.2358,-2.24027e+07
126018
Gen:5
0.466117,0.492381,0.0409465,0.000555507,23.2309,-2.2398e+07
72338.9
Gen:6
0.466548,0.49195,0.0409465,0.000555507,23.2292,-2.23963e+07
48757.6
Gen:7
0.466574,0.492324,0.0405468,0.000555507,23.2205,-2.23879e+07
112076
Gen:8
0.467705,0.491961,0.0397784,0.000555507,23.2127,-2.23805e+07
82730.1
Gen:9
0.468323,0.491343,0.0397784,0.000555507,23.2084,-2.23763e+07
127867
Gen:10
0.470992,0.491384,0.0370684,0.000555507,23.1802,-2.23492e+07
112085
Gen:11
0.470992,0.491384,0.0370684,0.000555507,23.1802,-2.23492e+07
130188
ratio: 0.000000
Gen:12
0.471293,0.491083,0.0370684,0.000555507,23.179,-2.23481e+07
80800.9
Gen:13
0.472181,0.491078,0.0367413,0,23.1734,-2.2318e+07
107930
Gen:14
0.473821,0.489438,0.0367413,0,23.1711,-2.23157e+07
78627
Gen:15
0.475135,0.48923,0.0356355,0,23.158,-2.23032e+07
112149
Gen:16
0.475057,0.490227,0.0347166,0,23.1523,-2.22976e+07
160975
Gen:17
0.476204,0.492065,0.0317314,0,23.1394,-2.22852e+07
21562.3
Gen:18
0.476204,0.492065,0.0317314,0,23.139,-2.22848e+07
43224
Gen:19
0.477279,0.49099,0.0317314,0,23.1336,-2.22796e+07
106703
Gen:20
0.475908,0.495226,0.0288656,0,23.1183,-2.22649e+07
79277
Gen:21
0.478608,0.490029,0.0313628,0,23.0976,-2.22449e+07
111508
Gen:22
0.478862,0.492236,0.0289019,0,23.0914,-2.2239e+07
128305
Gen:23
0.479387,0.491712,0.0289019,0,23.0881,-2.22358e+07
99349.9
Gen:24
0.482034,0.490149,0.0278169,0,23.078,-2.22261e+07
107972
Gen:25
0.483052,0.489131,0.0278169,0,23.0768,-2.22249e+07
104937
Gen:26
0.482325,0.489858,0.0278169,0,23.0667,-2.22152e+07
92802.1
Gen:27
0.483888,0.488295,0.0278169,0,23.0646,-2.22131e+07
81113.5
Gen:28
0.486131,0.486541,0.0273288,0,23.0529,-2.22019e+07
124141
Gen:29
0.486307,0.486364,0.0273288,0,23.0506,-2.21997e+07
102912
Gen:30
0.485326,0.487345,0.0273288,0,23.0397,-2.21892e+07
75547.6
Gen:31
0.489168,0.484376,0.0264566,0,23.019,-2.21692e+07
130279
Gen:32
0.488425,0.485118,0.0264566,0,23.0126,-2.21631e+07
134822
Gen:33
0.488441,0.485103,0.0264566,0,23.0089,-2.21596e+07
87595.3
Gen:34
0.489235,0.484308,0.0264566,0,23.0065,-2.21572e+07
86250.7
Gen:35
0.489588,0.483955,0.0264566,0,22.9986,-2.21497e+07
128511
Gen:36
0.490959,0.482585,0.0264566,0,22.9934,-2.21446e+07
78511.9
Gen:37
0.491566,0.481977,0.0264566,0,22.9928,-2.2144e+07
61281.3
Gen:38
0.491566,0.481977,0.0264566,0,22.9928,-2.2144e+07
107966
ratio: 0.000000
Gen:39
0.491566,0.481977,0.0264566,0,22.9928,-2.2144e+07
131595
ratio: 0.000000
Gen:40
0.492407,0.481152,0.0264411,0,22.9885,-2.21399e+07
129803
Gen:41
0.492407,0.481152,0.0264411,0,22.9885,-2.21399e+07
151138
ratio: 0.000000
Gen:42
0.493861,0.479698,0.0264411,0,22.9805,-2.21322e+07
104341
Gen:43
0.494712,0.478421,0.0268668,0,22.9741,-2.2126e+07
96993.5
Gen:44
0.494728,0.478405,0.0268668,0,22.9733,-2.21252e+07
108012
Gen:45
0.496711,0.476848,0.0264411,0,22.9709,-2.21229e+07
123667
Gen:46
0.497386,0.476173,0.0264411,0,22.9682,-2.21203e+07
113088
Gen:47
0.497386,0.476173,0.0264411,0,22.9682,-2.21203e+07
78201.1
ratio: 0.000000
Gen:48
0.497962,0.475597,0.0264411,0,22.967,-2.21192e+07
36336.8
Gen:49
0.497962,0.475597,0.0264411,0,22.9647,-2.2117e+07
90136.9
Gen:50
0.497962,0.475597,0.0264411,0,22.9647,-2.2117e+07
101357
ratio: 0.000000
Gen:51
0.497843,0.472497,0.0291044,0.000555507,22.9088,-2.20879e+07
18107.8
Gen:52
0.497843,0.472497,0.0291044,0.000555507,22.9088,-2.20879e+07
84613.3
ratio: 0.000000
Gen:53
0.497843,0.472497,0.0291044,0.000555507,22.8985,-2.2078e+07
102038
Gen:54
0.489552,0.478395,0.0314977,0.000555507,22.8928,-2.20726e+07
68970
Gen:55
0.489552,0.478395,0.0314977,0.000555507,22.8928,-2.20726e+07
85044.2
ratio: 0.000000
Gen:56
0.4914,0.476547,0.0314977,0.000555507,22.8809,-2.20611e+07
79107.9
Gen:57
0.489323,0.479615,0.0305061,0.000555507,22.8774,-2.20577e+07
48043.2
Gen:58
0.4914,0.477767,0.0302777,0.000555507,22.8716,-2.20521e+07
26861.6
Gen:59
0.492381,0.476557,0.0305061,0.000555507,22.8667,-2.20474e+07
345309
Gen:60
0.494167,0.474771,0.0305061,0.000555507,22.8649,-2.20457e+07
100920
Gen:61
0.494811,0.474127,0.0305061,0.000555507,22.863,-2.20438e+07
118899
Gen:62
0.494811,0.474127,0.0305061,0.000555507,22.863,-2.20438e+07
48305.5
ratio: 0.000000
Gen:63
0.494811,0.474127,0.0305061,0.000555507,22.863,-2.20438e+07
133720
ratio: 0.000000
Gen:64
0.494811,0.474127,0.0305061,0.000555507,22.863,-2.20438e+07
334869
ratio: 0.000000
Gen:65
0.494811,0.474127,0.0305061,0.000555507,22.863,-2.20438e+07
325713
ratio: 0.000000
Gen:66
0.494811,0.474127,0.0305061,0.000555507,22.863,-2.20438e+07
113624
ratio: 0.000000
Gen:67
0.494811,0.474127,0.0305061,0.000555507,22.863,-2.20438e+07
71332.8
ratio: 0.000000
Gen:68
0.496919,0.47202,0.0305061,0.000555507,22.8611,-2.2042e+07
6885.85
Gen:69
0.496919,0.47202,0.0305061,0.000555507,22.8611,-2.2042e+07
73663.1
ratio: 0.000000
Gen:70
0.497173,0.471765,0.0305061,0.000555507,22.86,-2.20409e+07
435352
Gen:71
0.497609,0.471329,0.0305061,0.000555507,22.8577,-2.20387e+07
47244.2
Gen:72
0.497609,0.471329,0.0305061,0.000555507,22.8577,-2.20387e+07
314358
ratio: 0.000000
Gen:73
0.497609,0.471329,0.0305061,0.000555507,22.8577,-2.20387e+07
325453
ratio: 0.000000
Gen:74
0.498196,0.473266,0.027983,0.000555507,22.8421,-2.20237e+07
82386.8
Gen:75
0.498196,0.473266,0.027983,0.000555507,22.8421,-2.20237e+07
337518
ratio: 0.000000
Gen:76
0.49845,0.473011,0.027983,0.000555507,22.841,-2.20226e+07
98437
Gen:77
0.49884,0.472622,0.027983,0.000555507,22.8389,-2.20206e+07
343724
Gen:78
0.501098,0.470363,0.027983,0.000555507,22.8305,-2.20126e+07
58659.8
Gen:79
0.501098,0.470363,0.027983,0.000555507,22.8305,-2.20126e+07
115522
ratio: 0.000000
Gen:80
0.50223,0.469232,0.027983,0.000555507,22.8271,-2.20093e+07
77866.9
Gen:81
0.50223,0.469232,0.027983,0.000555507,22.8271,-2.20093e+07
70410
ratio: 0.000000
Gen:82
0.501799,0.470005,0.0276403,0.000555507,22.8225,-2.20049e+07
71846.2
Gen:83
0.501799,0.470005,0.0276403,0.000555507,22.8225,-2.20049e+07
344555
ratio: 0.000000
Gen:84
0.502931,0.468873,0.0276403,0.000555507,22.8191,-2.20016e+07
116089
Gen:85
0.501783,0.470021,0.0276403,0.000555507,22.8114,-2.19942e+07
47265.3
Gen:86
0.501783,0.470021,0.0276403,0.000555507,22.8114,-2.19942e+07
164354
ratio: 0.000000
Gen:87
0.50264,0.468624,0.0281803,0.000555507,22.8054,-2.19884e+07
141315
Gen:88
0.50264,0.468624,0.0281803,0.000555507,22.8054,-2.19884e+07
98773.1
ratio: 0.000000
Gen:89
0.504576,0.466688,0.0281803,0.000555507,22.7971,-2.19805e+07
111788
Gen:90
0.505734,0.46553,0.0281803,0.000555507,22.7933,-2.19767e+07
103366
Gen:91
0.506399,0.464866,0.0281803,0.000555507,22.7899,-2.19735e+07
438607
Gen:92
0.506399,0.464866,0.0281803,0.000555507,22.7899,-2.19735e+07
112388
ratio: 0.000000
Gen:93
0.507806,0.463459,0.0281803,0.000555507,22.7867,-2.19704e+07
115210
Gen:94
0.507806,0.463459,0.0281803,0.000555507,22.7867,-2.19704e+07
86235.7
ratio: 0.000000
Gen:95
0.509586,0.461678,0.0281803,0.000555507,22.7849,-2.19687e+07
82796.2
Gen:96
0.509586,0.461678,0.0281803,0.000555507,22.7849,-2.19687e+07
328929
ratio: 0.000000
Gen:97
0.508397,0.462867,0.0281803,0.000555507,22.7838,-2.19676e+07
61713.8
Gen:98
0.509483,0.461782,0.0281803,0.000555507,22.7792,-2.19632e+07
109346
Gen:99
0.509534,0.46173,0.0281803,0.000555507,22.779,-2.19629e+07
127841
Gen:100
0.509534,0.46173,0.0281803,0.000555507,22.779,-2.19629e+07
68296.4
ratio: 0.000000
Gen:101
0.509534,0.46173,0.0281803,0.000555507,22.779,-2.19629e+07
133713
ratio: 0.000000
Gen:102
0.509534,0.46173,0.0281803,0.000555507,22.779,-2.19629e+07
86189.9
ratio: 0.000000
Gen:103
0.509534,0.46173,0.0281803,0.000555507,22.7781,-2.19622e+07
131853
Gen:104
0.510344,0.461564,0.0275365,0.000555507,22.7627,-2.19473e+07
119657
Gen:105
0.510344,0.461564,0.0275365,0.000555507,22.7627,-2.19473e+07
102873
ratio: 0.000000
Gen:106
0.510344,0.461564,0.0275365,0.000555507,22.7627,-2.19473e+07
80453.7
ratio: 0.000000
Gen:107
0.510344,0.461564,0.0275365,0.000555507,22.7627,-2.19473e+07
127139
ratio: 0.000000
Gen:108
0.511102,0.460806,0.0275365,0.000555507,22.7589,-2.19437e+07
118670
Gen:109
0.511102,0.460806,0.0275365,0.000555507,22.7589,-2.19437e+07
67591.7
ratio: 0.000000
Gen:110
0.511642,0.460266,0.0275365,0.000555507,22.7553,-2.19402e+07
115644
Gen:111
0.511642,0.460266,0.0275365,0.000555507,22.7543,-2.19392e+07
110839
Gen:112
0.511642,0.460266,0.0275365,0.000555507,22.7543,-2.19392e+07
104546
ratio: 0.000000
Gen:113
0.511642,0.460266,0.0275365,0.000555507,22.7543,-2.19392e+07
91867.6
ratio: 0.000000
Gen:114
0.513423,0.458485,0.0275365,0.000555507,22.7525,-2.19375e+07
89309.5
Gen:115
0.513423,0.458485,0.0275365,0.000555507,22.7525,-2.19375e+07
95213.9
ratio: 0.000000
Gen:116
0.513869,0.458038,0.0275365,0.000555507,22.7496,-2.19347e+07
103731
Gen:117
0.513869,0.458038,0.0275365,0.000555507,22.7496,-2.19347e+07
114367
ratio: 0.000000
Gen:118
0.513869,0.458038,0.0275365,0.000555507,22.7496,-2.19347e+07
107135
ratio: 0.000000
Gen:119
0.514051,0.457857,0.0275365,0.000555507,22.7484,-2.19335e+07
127360
Gen:120
0.514051,0.457857,0.0275365,0.000555507,22.7484,-2.19335e+07
49161.7
ratio: 0.000000
Gen:121
0.514051,0.457857,0.0275365,0.000555507,22.7484,-2.19335e+07
69425.8
ratio: 0.000000
Gen:122
0.514051,0.457857,0.0275365,0.000555507,22.7484,-2.19335e+07
89827.4
ratio: 0.000000
Gen:123
0.514051,0.457857,0.0275365,0.000555507,22.7484,-2.19335e+07
114193
ratio: 0.000000
Gen:124
0.514051,0.457857,0.0275365,0.000555507,22.7484,-2.19335e+07
84708.3
ratio: 0.000000
Gen:125
0.514051,0.457857,0.0275365,0.000555507,22.7484,-2.19335e+07
120407
ratio: 0.000000
Gen:126
0.514716,0.458298,0.0264307,0.000555507,22.7466,-2.19318e+07
99939.7
Gen:127
0.514716,0.458298,0.0264307,0.000555507,22.7466,-2.19318e+07
105053
ratio: 0.000000
Gen:128
0.514716,0.458298,0.0264307,0.000555507,22.7466,-2.19318e+07
55770.2
ratio: 0.000000
Gen:129
0.514716,0.458298,0.0264307,0.000555507,22.7466,-2.19318e+07
105713
ratio: 0.000000
Gen:130
0.514716,0.458298,0.0264307,0.000555507,22.7466,-2.19318e+07
77785.2
ratio: 0.000000
Gen:131
0.514716,0.458298,0.0264307,0.000555507,22.7466,-2.19318e+07
103180
ratio: 0.000000
Gen:132
0.514814,0.458199,0.0264307,0.000555507,22.7446,-2.19298e+07
96013.9
Gen:133
0.515095,0.457919,0.0264307,0.000555507,22.7432,-2.19285e+07
80941
Gen:134
0.515095,0.457919,0.0264307,0.000555507,22.7432,-2.19285e+07
99938.8
ratio: 0.000000
Gen:135
0.515095,0.457919,0.0264307,0.000555507,22.7432,-2.19285e+07
110701
ratio: 0.000000
Gen:136
0.515095,0.457919,0.0264307,0.000555507,22.7432,-2.19285e+07
128877
ratio: 0.000000
Gen:137
0.515842,0.457171,0.0264307,0.000555507,22.7406,-2.19261e+07
67210.1
Gen:138
0.515842,0.457171,0.0264307,0.000555507,22.7406,-2.19261e+07
132469
ratio: 0.000000
Gen:139
0.516299,0.45619,0.026955,0.000555507,22.739,-2.19245e+07
107910
Gen:140
0.516299,0.45619,0.026955,0.000555507,22.739,-2.19245e+07
79762.8
ratio: 0.000000
Gen:141
0.516299,0.45619,0.026955,0.000555507,22.739,-2.19245e+07
96213.9
ratio: 0.000000
Gen:142
0.516299,0.45619,0.026955,0.000555507,22.739,-2.19245e+07
76111.1
ratio: 0.000000
Gen:143
0.516299,0.45619,0.026955,0.000555507,22.7366,-2.19222e+07
113222
Gen:144
0.516299,0.45619,0.026955,0.000555507,22.7366,-2.19222e+07
121209
ratio: 0.000000
Gen:145
0.516938,0.455552,0.026955,0.000555507,22.7352,-2.19208e+07
67066.5
Gen:146
0.516938,0.455552,0.026955,0.000555507,22.7352,-2.19208e+07
119671
ratio: 0.000000
Gen:147
0.516938,0.455552,0.026955,0.000555507,22.7352,-2.19208e+07
60295.8
ratio: 0.000000
Gen:148
0.516938,0.455552,0.026955,0.000555507,22.7352,-2.19208e+07
138189
ratio: 0.000000
Gen:149
0.516938,0.455552,0.026955,0.000555507,22.7352,-2.19208e+07
105720
ratio: 0.000000
Gen:150
0.516938,0.455552,0.026955,0.000555507,22.7352,-2.19208e+07
89880.7
ratio: 0.000000
Gen:151
0.516938,0.455552,0.026955,0.000555507,22.7352,-2.19208e+07
122651
ratio: 0.000000
Gen:152
0.51686,0.456154,0.0264307,0.000555507,22.7319,-2.19177e+07
111698
Gen:153
0.51686,0.456154,0.0264307,0.000555507,22.7319,-2.19177e+07
107083
ratio: 0.000000
Gen:154
0.51686,0.456154,0.0264307,0.000555507,22.7319,-2.19177e+07
96035.2
ratio: 0.000000
Gen:155
0.51686,0.456154,0.0264307,0.000555507,22.7319,-2.19177e+07
116398
ratio: 0.000000
Gen:156
0.515868,0.457146,0.0264307,0.000555507,22.7318,-2.19175e+07
121183
ratio: 0.000008
Gen:157
0.515868,0.457146,0.0264307,0.000555507,22.7318,-2.19175e+07
120355
ratio: 0.000000
Gen:158
0.515868,0.457146,0.0264307,0.000555507,22.7318,-2.19175e+07
91395.9
ratio: 0.000000
Gen:159
0.515868,0.457146,0.0264307,0.000555507,22.7318,-2.19175e+07
53416
ratio: 0.000000
Gen:160
0.516538,0.456476,0.0264307,0.000555507,22.7297,-2.19155e+07
72772.1
Gen:161
0.516538,0.456476,0.0264307,0.000555507,22.7297,-2.19155e+07
102745
ratio: 0.000000
Gen:162
0.516538,0.456476,0.0264307,0.000555507,22.7297,-2.19155e+07
112769
ratio: 0.000000
Gen:163
0.516538,0.456476,0.0264307,0.000555507,22.7297,-2.19155e+07
146690
ratio: 0.000000
Gen:164
0.516538,0.456476,0.0264307,0.000555507,22.7297,-2.19155e+07
92270.2
ratio: 0.000000
Gen:165
0.516538,0.456476,0.0264307,0.000555507,22.7297,-2.19155e+07
80233.3
ratio: 0.000000
Gen:166
0.516538,0.456476,0.0264307,0.000555507,22.7297,-2.19155e+07
72623.1
ratio: 0.000000
Gen:167
0.516538,0.456476,0.0264307,0.000555507,22.7297,-2.19155e+07
132387
ratio: 0.000000
Gen:168
0.516538,0.456476,0.0264307,0.000555507,22.7297,-2.19155e+07
120001
ratio: 0.000000
Gen:169
0.516538,0.456476,0.0264307,0.000555507,22.7297,-2.19155e+07
103295
ratio: 0.000000
Gen:170
0.517561,0.455266,0.0266176,0.000555507,22.7293,-2.19151e+07
112837
Gen:171
0.517561,0.455266,0.0266176,0.000555507,22.7293,-2.19151e+07
100425
ratio: 0.000000
Gen:172
0.517561,0.455266,0.0266176,0.000555507,22.7293,-2.19151e+07
93134.4
ratio: 0.000000
Gen:173
0.517561,0.455266,0.0266176,0.000555507,22.7293,-2.19151e+07
118616
ratio: 0.000000
Gen:174
0.517561,0.455266,0.0266176,0.000555507,22.7293,-2.19151e+07
110119
ratio: 0.000000
Gen:175
0.517561,0.455266,0.0266176,0.000555507,22.7293,-2.19151e+07
108650
ratio: 0.000000
Gen:176
0.517561,0.455266,0.0266176,0.000555507,22.7293,-2.19151e+07
114720
ratio: 0.000000
Gen:177
0.517561,0.455266,0.0266176,0.000555507,22.7293,-2.19151e+07
83876.6
ratio: 0.000000
Gen:178
0.517561,0.455266,0.0266176,0.000555507,22.7293,-2.19151e+07
80604.5
ratio: 0.000000
Gen:179
0.517561,0.455266,0.0266176,0.000555507,22.7293,-2.19151e+07
140920
ratio: 0.000000
Gen:180
0.517561,0.455266,0.0266176,0.000555507,22.7293,-2.19151e+07
121391
ratio: 0.000000
Gen:181
0.517301,0.455526,0.0266176,0.000555507,22.7276,-2.19135e+07
98295.9
Gen:182
0.517301,0.455526,0.0266176,0.000555507,22.7276,-2.19135e+07
79891
ratio: 0.000000
Gen:183
0.517301,0.455526,0.0266176,0.000555507,22.7276,-2.19135e+07
99739.4
ratio: 0.000000
Gen:184
0.517301,0.455526,0.0266176,0.000555507,22.7276,-2.19135e+07
51752.7
ratio: 0.000000
Gen:185
0.517301,0.455526,0.0266176,0.000555507,22.7276,-2.19135e+07
94114
ratio: 0.000000
Gen:186
0.517301,0.455526,0.0266176,0.000555507,22.7276,-2.19135e+07
83234.4
ratio: 0.000000
Gen:187
0.517301,0.455526,0.0266176,0.000555507,22.7276,-2.19135e+07
124895
ratio: 0.000000
Gen:188
0.517301,0.455526,0.0266176,0.000555507,22.7276,-2.19135e+07
79116.4
ratio: 0.000000
Gen:189
0.517301,0.455526,0.0266176,0.000555507,22.7276,-2.19135e+07
102036
ratio: 0.000000
Gen:190
0.517301,0.455526,0.0266176,0.000555507,22.7276,-2.19135e+07
139577
ratio: 0.000000
Gen:191
0.517301,0.455526,0.0266176,0.000555507,22.7276,-2.19135e+07
115420
ratio: 0.000000
Gen:192
0.517301,0.455526,0.0266176,0.000555507,22.7276,-2.19135e+07
116260
ratio: 0.000000
Gen:193
0.517301,0.455526,0.0266176,0.000555507,22.7276,-2.19135e+07
73162
ratio: 0.000000
Gen:194
0.517301,0.455526,0.0266176,0.000555507,22.7276,-2.19135e+07
56728.4
ratio: 0.000000
Gen:195
0.517301,0.455526,0.0266176,0.000555507,22.7276,-2.19135e+07
82489.7
ratio: 0.000000
Gen:196
0.517301,0.455526,0.0266176,0.000555507,22.7276,-2.19135e+07
106801
ratio: 0.000000
Gen:197
0.517301,0.455526,0.0266176,0.000555507,22.7276,-2.19135e+07
111966
ratio: 0.000000
Gen:198
0.517301,0.455526,0.0266176,0.000555507,22.7276,-2.19135e+07
90305.1
ratio: 0.000000
Gen:199
0.517301,0.455526,0.0266176,0.000555507,22.7276,-2.19135e+07
120757
ratio: 0.000000
Gen:200
0.517301,0.455526,0.0266176,0.000555507,22.7276,-2.19135e+07
88969.5
ratio: 0.000000
Gen:201
0.517301,0.455526,0.0266176,0.000555507,22.7276,-2.19135e+07
120829
ratio: 0.000000
FINAL Population size
18
Best : -2.19135e+07   31:1-16-10-52-64-58-45-36-22-33-43-61-60-17-55-8-56-6-47-40-4-25-57-41-27-67-65-37-32-54-66- ,  31:56-8-10-17-50-2-14-60-61-43-20-55-16-26-49-62-21-6-35-34-25-41-36-38-3-66-18-67-27-12-4- ,  31:58-34-45-36-54-5-37-65-19-22-33-20-17-59-11-9-1-26-8-51-41-12-27-67-18-69-0-2-14-44-60- ,  31:43-61-14-2-50-13-22-38-69-23-3-19-36-41-51-8-26-1-11-59-10-52-64-35-34-25-27-67-18-66-29- ,  31:59-68-11-15-30-63-6-47-40-12-41-51-8-26-62-21-24-42-49-1-16-10-52-64-35-57-25-4-7-46-53- ,  31:53-4-12-27-67-5-54-19-36-41-51-56-8-52-20-43-50-0-69-18-65-39-48-29-23-2-14-61-17-10-28- ,  31:62-49-11-31-1-26-8-51-41-12-25-34-58-64-52-10-59-68-9-17-50-23-69-48-39-32-37-5-18-38-66- ,  31:30-26-8-28-10-17-44-61-43-13-33-58-41-12-40-46-7-4-25-27-67-65-39-48-66-54-5-18-69-23-50- ,  31:32-18-19-22-33-43-50-23-69-66-54-5-37-65-39-48-3-0-2-14-44-17-10-16-26-30-63-21-62-15-11- ,  31:21-30-62-24-63-6-35-41-27-67-5-54-36-45-34-51-8-26-49-42-15-11-9-17-20-33-22-38-18-32-65- ,  26:40-53-7-47-6-35-41-36-38-22-33-58-51-8-26-49-1-59-17-44-61-43-20-10-28-56- ,  31:61-44-14-2-50-33-58-57-25-12-4-40-46-53-47-6-63-24-42-15-11-31-9-59-10-52-8-26-62-30-21- ,  31:21-24-30-26-16-10-17-50-0-69-38-36-45-34-51-56-28-8-52-64-35-6-47-53-4-25-27-67-65-37-18- ,  31:29-48-39-32-37-65-19-36-41-25-4-53-47-6-56-8-26-16-9-17-20-33-22-38-18-67-27-12-40-7-46- ,  31:27-67-37-32-39-18-54-36-41-51-8-26-49-15-11-9-17-50-23-69-38-22-33-58-35-6-63-24-42-30-62- , 

0.517301
0.455526
0.0266176
0.000555507
22.7276
-2.19135e+07
All Run Best : -2.18867e+07   31:30-26-1-16-10-52-64-58-45-36-22-33-43-61-60-17-55-8-56-6-47-40-4-25-57-41-27-67-65-37-32- ,  31:10-17-50-2-14-60-61-43-20-55-16-26-49-62-21-6-35-34-25-41-36-38-3-66-18-67-27-12-4-53-40- ,  31:25-34-58-45-36-38-3-29-19-22-33-20-17-59-11-9-1-26-8-51-41-12-27-67-18-69-0-2-14-44-60- ,  30:44-14-2-50-13-22-38-69-23-3-19-36-41-51-8-26-1-11-59-10-52-64-35-34-25-27-67-18-66-29- ,  31:9-59-68-11-15-30-63-6-47-40-12-41-51-8-26-62-21-24-42-49-1-16-10-52-64-35-57-25-4-7-46- ,  31:57-34-45-22-38-54-66-19-36-41-51-56-8-52-20-43-50-0-69-18-65-39-48-29-23-2-14-61-17-10-28- ,  30:21-62-15-11-31-1-26-8-51-41-12-25-34-58-64-52-10-59-68-9-17-50-23-69-48-39-32-37-67-27- ,  31:26-8-28-10-17-44-61-43-13-33-58-41-12-40-46-7-4-25-27-67-65-39-48-66-54-5-18-69-23-50-2- ,  31:32-18-19-22-33-43-50-23-69-66-54-5-37-65-39-48-3-0-2-14-44-17-10-16-26-30-63-21-62-24-42- ,  31:62-30-24-63-6-35-41-27-67-5-54-36-45-34-51-8-26-49-42-15-11-9-17-20-33-22-38-18-32-37-65- ,  28:12-40-7-46-53-47-6-35-41-36-38-22-33-58-51-8-26-49-1-59-17-44-61-43-20-10-28-56- ,  31:67-27-41-36-45-58-57-51-34-25-4-40-46-7-47-6-56-8-26-1-31-11-59-10-55-16-9-49-15-30-63- ,  31:24-30-26-16-10-17-50-0-69-38-36-45-34-51-56-28-8-52-64-35-6-47-53-4-25-27-67-65-37-18-19- ,  30:37-5-32-54-65-19-36-41-25-4-53-47-6-56-8-26-16-9-17-20-33-22-38-18-67-27-12-40-46-7- ,  30:19-29-48-39-18-54-36-41-51-8-26-49-15-11-9-17-50-23-69-38-22-33-58-35-6-63-24-42-30-21- , 

0.508257
0.473484
0.018259
0
22.7256
-2.18867e+07
