routeSetSize:15,pSwap:0.0666667,popSize:25,elite:2,pSm:0.7,pDelete:0.4,tFit:10,maxGen:300,run:5,stableCount:20,e:0.7,minGen:1,minFitnessRatio:1e-05,minRouteLength:10,maxRouteLength:30,maxIter:1,beta:0.8,beta:0.8, OpATT19.2695
minRputeSize: 10 maxRouteSize: 30
Initial : -2.24321e+07
0.461797
0.491535
0.0461122
0.000555507
23.2664

-----------------------------------------
Iteration:0 started

Gen:0
0.471573,0.49085,0.0368348,0.000742406,23.0842,-2.22651e+07
445780
Time: 5.884178
Gen:1
0.48029,0.488581,0.0308384,0.000290732,23.0138,-2.21772e+07
227363
Time: 6.670380
Gen:2
0.480778,0.488259,0.0306723,0.000290732,23.0058,-2.21695e+07
202456
Time: 5.869026
Gen:3
0.48435,0.484687,0.0306723,0.000290732,22.9961,-2.21601e+07
4454.26
Time: 6.248838
Gen:4
0.48435,0.484687,0.0306723,0.000290732,22.9961,-2.21601e+07
8322.98
ratio: 0.000000 stable count: -3
Time: 6.597677
Gen:5
0.49424,0.483254,0.0223812,0.0001246,22.9013,-2.20615e+07
5806.92
Time: 5.964372
Gen:6
0.496192,0.481302,0.0223812,0.0001246,22.8929,-2.20534e+07
40612
Time: 6.288468
Gen:7
0.497168,0.480326,0.0223812,0.0001246,22.8877,-2.20484e+07
39634.2
Time: 6.984659
Gen:8
0.49844,0.48042,0.0210158,0.0001246,22.8535,-2.20154e+07
11415.5
Time: 7.340401
Gen:9
0.499416,0.479444,0.0210158,0.0001246,22.8483,-2.20104e+07
61356.7
Time: 6.331011
Gen:10
0.502131,0.476728,0.0210158,0.0001246,22.8361,-2.19986e+07
15466.1
Time: 6.996009
Gen:11
0.502131,0.476728,0.0210158,0.0001246,22.8361,-2.19986e+07
14095.6
ratio: 0.000000 stable count: -8
Time: 6.696766
Gen:12
0.502552,0.476308,0.0210158,0.0001246,22.828,-2.19909e+07
12976.3
Time: 6.732065
Gen:13
0.504467,0.47527,0.020263,0,22.8016,-2.19599e+07
9162.51
Time: 6.421127
Gen:14
0.504737,0.47461,0.0205278,0.0001246,22.7921,-2.19563e+07
19285
Time: 6.796740
Gen:15
0.507396,0.471952,0.0205278,0.0001246,22.7814,-2.1946e+07
12033.2
Time: 7.130885
Gen:16
0.508548,0.4708,0.0205278,0.0001246,22.775,-2.19398e+07
17300.2
Time: 6.124976
Gen:17
0.512598,0.466465,0.0208133,0.0001246,22.7723,-2.19372e+07
14234.2
Time: 6.520238
Gen:18
0.508735,0.470483,0.0206576,0.0001246,22.7542,-2.19198e+07
10715.8
Time: 6.878913
Gen:19
0.513812,0.469154,0.0170338,0,22.7461,-2.19065e+07
12356.3
Time: 6.888754
Gen:20
0.516569,0.465416,0.0178904,0.0001246,22.7105,-2.18777e+07
16336.1
Time: 5.868483
Gen:21
0.517047,0.464938,0.0178904,0.0001246,22.7095,-2.18768e+07
21530.8
Time: 7.251998
Gen:22
0.51808,0.465535,0.0162602,0.0001246,22.6865,-2.18546e+07
26327.1
Time: 7.284666
Gen:23
0.51808,0.465535,0.0162602,0.0001246,22.6865,-2.18546e+07
16664.9
ratio: 0.000000 stable count: -18
Time: 7.300602
Gen:24
0.520053,0.463266,0.0165562,0.0001246,22.6529,-2.18223e+07
24782.4
Time: 5.932272
Gen:25
0.520053,0.463266,0.0165562,0.0001246,22.6529,-2.18223e+07
13019.8
ratio: 0.000000 stable count: -18
Time: 7.326789
Gen:26
0.521454,0.461865,0.0165562,0.0001246,22.6408,-2.18106e+07
15429.6
Time: 6.997657
Gen:27
0.523817,0.459503,0.0165562,0.0001246,22.6318,-2.18019e+07
11264.5
Time: 7.029661
Gen:28
0.523998,0.459648,0.0162291,0.0001246,22.6106,-2.17816e+07
12944.4
Time: 7.803690
Gen:29
0.523998,0.459648,0.0162291,0.0001246,22.6106,-2.17816e+07
8939.18
ratio: 0.000000 stable count: -20
Time: 6.393532
Gen:30
0.524128,0.459518,0.0162291,0.0001246,22.61,-2.17809e+07
9519.2
Time: 7.462338
Gen:31
0.524128,0.459518,0.0162291,0.0001246,22.61,-2.17809e+07
13395.4
ratio: 0.000000 stable count: -20
Time: 7.479252
Gen:32
0.524528,0.459118,0.0162291,0.0001246,22.6061,-2.17772e+07
8785.32
Time: 7.137869
Gen:33
0.524658,0.458989,0.0162291,0.0001246,22.6054,-2.17765e+07
8357.76
Time: 6.430220
Gen:34
0.522623,0.461024,0.0162291,0.0001246,22.5986,-2.177e+07
10717.4
Time: 7.136803
Gen:35
0.529803,0.458464,0.0117331,0,22.571,-2.17378e+07
12179.9
Time: 7.506902
Gen:36
0.526506,0.461761,0.0117331,0,22.569,-2.17358e+07
25014.1
Time: 7.152302
Gen:37
0.528089,0.46065,0.0112607,0,22.5527,-2.17202e+07
10677.9
Time: 6.426376
Gen:38
0.529398,0.459342,0.0112607,0,22.5473,-2.1715e+07
6541.93
Time: 6.071582
Gen:39
0.530109,0.45863,0.0112607,0,22.5412,-2.17091e+07
12695.2
Time: 6.809791
Gen:40
0.532341,0.45904,0.00861814,0,22.5244,-2.16929e+07
9852.43
Time: 7.898357
Gen:41
0.532341,0.45904,0.00861814,0,22.5244,-2.16929e+07
13507.5
ratio: 0.000000 stable count: -28
Time: 7.586672
Gen:42
0.532341,0.45904,0.00861814,0,22.5244,-2.16929e+07
9847.42
ratio: 0.000000 stable count: -27
Time: 7.595157
Gen:43
0.534854,0.456528,0.00861814,0,22.518,-2.16868e+07
8645.92
Time: 7.619724
Gen:44
0.534854,0.456528,0.00861814,0,22.518,-2.16868e+07
6285.72
ratio: 0.000000 stable count: -27
Time: 7.650245
Gen:45
0.535124,0.456258,0.00861814,0,22.5148,-2.16837e+07
10739.4
Time: 8.072484
Gen:46
0.536043,0.455339,0.00861814,0,22.5143,-2.16832e+07
6437.07
Time: 7.346671
Gen:47
0.536043,0.455339,0.00861814,0,22.5143,-2.16832e+07
8740.49
ratio: 0.000000 stable count: -28
Time: 6.633699
Gen:48
0.554079,0.438019,0.00790169,0,22.4241,-2.15963e+07
4550.16
Time: 7.391671
Gen:49
0.554079,0.438019,0.00790169,0,22.4241,-2.15963e+07
47634.1
ratio: 0.000000 stable count: -28
Time: 8.097752
Gen:50
0.554219,0.437879,0.00790169,0,22.4228,-2.15951e+07
56448.4
Time: 7.747494
Gen:51
0.554219,0.437879,0.00790169,0,22.4228,-2.15951e+07
5910.18
ratio: 0.000000 stable count: -28
Time: 7.377658
Gen:52
0.554219,0.437879,0.00790169,0,22.4228,-2.15951e+07
7911.15
ratio: 0.000000 stable count: -27
Time: 7.029969
Gen:53
0.554219,0.437879,0.00790169,0,22.4228,-2.15951e+07
9469.18
ratio: 0.000000 stable count: -26
Time: 7.760918
Gen:54
0.554219,0.437879,0.00790169,0,22.4175,-2.15899e+07
11130.5
Time: 7.362303
Gen:55
0.554219,0.437879,0.00790169,0,22.4175,-2.15899e+07
13788.2
ratio: 0.000000 stable count: -26
Time: 7.003627
Gen:56
0.557651,0.434048,0.00830145,0,22.4121,-2.15847e+07
8116.59
Time: 7.021092
Gen:57
0.557651,0.434048,0.00830145,0,22.4121,-2.15847e+07
4802.28
ratio: 0.000000 stable count: -26
Time: 7.036430
Gen:58
0.557651,0.434048,0.00830145,0,22.4121,-2.15847e+07
5348.05
ratio: 0.000000 stable count: -25
Time: 7.396989
Gen:59
0.557651,0.434048,0.00830145,0,22.4121,-2.15847e+07
8957.6
ratio: 0.000000 stable count: -24
Time: 7.395064
Gen:60
0.557651,0.434048,0.00830145,0,22.4121,-2.15847e+07
8411.6
ratio: 0.000000 stable count: -23
Time: 7.794508
Gen:61
0.557651,0.434048,0.00830145,0,22.4121,-2.15847e+07
8845.56
ratio: 0.000000 stable count: -22
Time: 6.679227
Gen:62
0.557651,0.434048,0.00830145,0,22.4121,-2.15847e+07
5754.64
ratio: 0.000000 stable count: -21
Time: 7.415476
Gen:63
0.557651,0.434048,0.00830145,0,22.4121,-2.15847e+07
3604.89
ratio: 0.000000 stable count: -20
Time: 7.025436
Gen:64
0.557651,0.434048,0.00830145,0,22.4121,-2.15847e+07
7218.11
ratio: 0.000000 stable count: -19
Time: 7.768565
Gen:65
0.557651,0.434048,0.00830145,0,22.4121,-2.15847e+07
8890.87
ratio: 0.000000 stable count: -18
Time: 8.134404
Gen:66
0.557651,0.434048,0.00830145,0,22.4121,-2.15847e+07
8688.11
ratio: 0.000000 stable count: -17
Time: 7.417866
Gen:67
0.557651,0.434048,0.00830145,0,22.4121,-2.15847e+07
11884.4
ratio: 0.000000 stable count: -16
Time: 8.137141
Gen:68
0.563304,0.429085,0.00761096,0,22.3976,-2.15708e+07
6988.09
Time: 8.130518
Gen:69
0.563304,0.429085,0.00761096,0,22.3976,-2.15708e+07
7386.76
ratio: 0.000000 stable count: -16
Time: 7.830212
Gen:70
0.563304,0.429085,0.00761096,0,22.3976,-2.15708e+07
11752.4
ratio: 0.000000 stable count: -15
Time: 7.460783
Gen:71
0.563813,0.428576,0.00761096,0,22.3959,-2.15692e+07
8054.86
Time: 7.874237
Gen:72
0.563813,0.428576,0.00761096,0,22.3959,-2.15692e+07
17610.8
ratio: 0.000000 stable count: -15
Time: 7.124053
Gen:73
0.563813,0.428576,0.00761096,0,22.3959,-2.15692e+07
8332.85
ratio: 0.000000 stable count: -14
Time: 8.268020
Gen:74
0.563813,0.428576,0.00761096,0,22.3959,-2.15692e+07
8284.01
ratio: 0.000000 stable count: -13
Time: 7.143642
Gen:75
0.563813,0.428576,0.00761096,0,22.3959,-2.15692e+07
8588.81
ratio: 0.000000 stable count: -12
Time: 7.519073
Gen:76
0.573303,0.421204,0.00549277,0,22.3734,-2.15475e+07
9036.96
Time: 7.149498
Gen:77
0.573303,0.421204,0.00549277,0,22.3734,-2.15475e+07
11871.1
ratio: 0.000000 stable count: -12
Time: 7.499878
Gen:78
0.573303,0.421204,0.00549277,0,22.3734,-2.15475e+07
9952.08
ratio: 0.000000 stable count: -11
Time: 8.240311
Gen:79
0.573303,0.421204,0.00549277,0,22.3734,-2.15475e+07
7770.22
ratio: 0.000000 stable count: -10
Time: 7.481919
Gen:80
0.573303,0.421204,0.00549277,0,22.3734,-2.15475e+07
10051.9
ratio: 0.000000 stable count: -9
Time: 7.892175
Gen:81
0.571419,0.422564,0.00601712,0,22.3508,-2.15257e+07
9892
Time: 7.494599
Gen:82
0.571419,0.422564,0.00601712,0,22.3508,-2.15257e+07
18978.4
ratio: 0.000000 stable count: -9
Time: 6.672668
Gen:83
0.571419,0.422564,0.00601712,0,22.3508,-2.15257e+07
9079.86
ratio: 0.000000 stable count: -8
Time: 6.687475
Gen:84
0.572847,0.419953,0.00720082,0,22.3157,-2.14919e+07
8421.67
Time: 8.151906
Gen:85
0.572847,0.419953,0.00720082,0,22.3157,-2.14919e+07
23809.9
ratio: 0.000000 stable count: -8
Time: 7.746633
Gen:86
0.575053,0.417746,0.00720082,0,22.3109,-2.14872e+07
10287.3
Time: 7.783216
Gen:87
0.574222,0.418577,0.00720082,0,22.3071,-2.14836e+07
11820.7
Time: 7.422289
Gen:88
0.574222,0.418577,0.00720082,0,22.3071,-2.14836e+07
8666.98
ratio: 0.000000 stable count: -9
Time: 8.179257
Gen:89
0.575038,0.417762,0.00720082,0,22.3038,-2.14805e+07
10101.9
Time: 7.064062
Gen:90
0.575038,0.417762,0.00720082,0,22.3038,-2.14805e+07
7788.68
ratio: 0.000000 stable count: -9
Time: 7.083279
Gen:91
0.575515,0.417284,0.00720082,0,22.2929,-2.147e+07
7718.63
Time: 7.842909
Gen:92
0.575515,0.417284,0.00720082,0,22.2929,-2.147e+07
7564.62
ratio: 0.000000 stable count: -9
Time: 7.850213
Gen:93
0.575515,0.417284,0.00720082,0,22.2929,-2.147e+07
12612.4
ratio: 0.000000 stable count: -8
Time: 7.126903
Gen:94
0.575889,0.41691,0.00720082,0,22.2921,-2.14691e+07
15078.5
Time: 7.871652
Gen:95
0.576709,0.41609,0.00720082,0,22.2887,-2.1466e+07
11899.1
Time: 7.139668
Gen:96
0.577083,0.415716,0.00720082,0,22.2879,-2.14651e+07
11400
Time: 7.545202
Gen:97
0.577083,0.415716,0.00720082,0,22.2879,-2.14651e+07
4392.52
ratio: 0.000000 stable count: -10
Time: 7.529354
Gen:98
0.577083,0.415716,0.00720082,0,22.2879,-2.14651e+07
9242.44
ratio: 0.000000 stable count: -9
Time: 7.935830
Gen:99
0.577083,0.415716,0.00720082,0,22.2879,-2.14651e+07
8378.57
ratio: 0.000000 stable count: -8
Time: 7.567151
Gen:100
0.577083,0.415716,0.00720082,0,22.2879,-2.14651e+07
13457.6
ratio: 0.000000 stable count: -7
Time: 7.555795
Gen:101
0.577083,0.415716,0.00720082,0,22.2879,-2.14651e+07
7960.67
ratio: 0.000000 stable count: -6
Time: 8.315565
Gen:102
0.577083,0.415716,0.00720082,0,22.2879,-2.14651e+07
8165.64
ratio: 0.000000 stable count: -5
Time: 7.933800
Gen:103
0.577083,0.415716,0.00720082,0,22.2879,-2.14651e+07
8731.71
ratio: 0.000000 stable count: -4
Time: 7.937571
Gen:104
0.577083,0.415716,0.00720082,0,22.2879,-2.14651e+07
11610
ratio: 0.000000 stable count: -3
Time: 7.570071
Gen:105
0.577083,0.415716,0.00720082,0,22.2879,-2.14651e+07
9216.43
ratio: 0.000000 stable count: -2
Time: 8.324951
Gen:106
0.577083,0.415716,0.00720082,0,22.2879,-2.14651e+07
6586.67
ratio: 0.000000 stable count: -1
Time: 7.939059
Gen:107
0.577083,0.415716,0.00720082,0,22.2879,-2.14651e+07
5123.89
ratio: 0.000000 stable count: 0
Time: 7.557817
Gen:108
0.577083,0.415716,0.00720082,0,22.2879,-2.14651e+07
6902.2
ratio: 0.000000 stable count: 1
Time: 7.561120
Gen:109
0.577083,0.415716,0.00720082,0,22.2879,-2.14651e+07
8588.13
ratio: 0.000000 stable count: 2
Time: 7.562191
Gen:110
0.577488,0.415311,0.00720082,0,22.2819,-2.14594e+07
10773.4
Time: 7.923300
Gen:111
0.577488,0.415311,0.00720082,0,22.2819,-2.14594e+07
4406.6
ratio: 0.000000 stable count: 2
Time: 7.564176
Gen:112
0.577488,0.415311,0.00720082,0,22.2819,-2.14594e+07
9719.41
ratio: 0.000000 stable count: 3
Time: 7.198254
Gen:113
0.577488,0.415311,0.00720082,0,22.2819,-2.14594e+07
10470.9
ratio: 0.000000 stable count: 4
Time: 7.966309
Gen:114
0.577488,0.415311,0.00720082,0,22.2819,-2.14594e+07
11307.3
ratio: 0.000000 stable count: 5
Time: 6.816544
Gen:115
0.577488,0.415311,0.00720082,0,22.2819,-2.14594e+07
13322.3
ratio: 0.000000 stable count: 6
Time: 7.586936
Gen:116
0.577488,0.415311,0.00720082,0,22.2819,-2.14594e+07
11672.2
ratio: 0.000000 stable count: 7
Time: 7.589674
Gen:117
0.577488,0.415311,0.00720082,0,22.2819,-2.14594e+07
5963.33
ratio: 0.000000 stable count: 8
Time: 7.585334
Gen:118
0.577488,0.415311,0.00720082,0,22.2819,-2.14594e+07
11356.5
ratio: 0.000000 stable count: 9
Time: 7.589428
Gen:119
0.577488,0.415311,0.00720082,0,22.2819,-2.14594e+07
6834.11
ratio: 0.000000 stable count: 10
Time: 7.191503
Gen:120
0.577488,0.415311,0.00720082,0,22.2819,-2.14594e+07
10978.5
ratio: 0.000000 stable count: 11
Time: 7.966644
Gen:121
0.577488,0.415311,0.00720082,0,22.2819,-2.14594e+07
8632.88
ratio: 0.000000 stable count: 12
Time: 7.376420
Gen:122
0.577488,0.415311,0.00720082,0,22.2819,-2.14594e+07
7757.24
ratio: 0.000000 stable count: 13
Time: 7.688947
Gen:123
0.577488,0.415311,0.00720082,0,22.2819,-2.14594e+07
11239.5
ratio: 0.000000 stable count: 14
Time: 8.349419
Gen:124
0.577488,0.415311,0.00720082,0,22.2819,-2.14594e+07
15760.8
ratio: 0.000000 stable count: 15
Time: 7.970724
Gen:125
0.577488,0.415311,0.00720082,0,22.2819,-2.14594e+07
9197.93
ratio: 0.000000 stable count: 16
Time: 7.920533
Gen:126
0.577488,0.415311,0.00720082,0,22.2819,-2.14594e+07
9430.7
ratio: 0.000000 stable count: 17
Time: 7.511836
Gen:127
0.577488,0.415311,0.00720082,0,22.2819,-2.14594e+07
6671.55
ratio: 0.000000 stable count: 18
Time: 7.867578
Gen:128
0.577488,0.415311,0.00720082,0,22.2819,-2.14594e+07
6810.09
ratio: 0.000000 stable count: 19
Time: 7.511576
Gen:129
0.577488,0.415311,0.00720082,0,22.2819,-2.14594e+07
9518
FINAL Population size
25
Best : -2.14594e+07   30:26-1-16-10-20-33-22-36-45-58-33-50-0-69-29-19-22-13-43-17-59-11-49-26-8-51-34-57-41-25- ,  30:54-19-22-33-43-20-52-64-51-34-25-4-7-40-12-41-36-38-69-23-2-50-17-10-28-56-6-47-53-46- ,  30:9-68-11-15-62-21-6-47-6-35-58-64-52-55-17-60-14-2-0-69-18-67-27-12-40-47-6-21-62-30- ,  30:0-23-3-29-66-19-36-41-51-41-12-25-27-41-51-8-26-62-21-6-35-64-52-10-16-1-49-15-30-63- ,  30:45-22-19-69-23-3-38-36-41-51-8-10-59-17-20-33-22-38-3-23-50-17-59-11-1-16-55-8-26-49- ,  30:11-31-1-26-8-51-56-8-52-20-43-50-0-69-18-65-39-48-3-23-50-17-10-16-26-30-63-21-24-62- ,  30:65-37-5-32-18-19-22-33-20-17-9-11-1-31-9-16-55-8-28-56-51-41-36-54-18-67-27-12-40-46- ,  30:59-10-55-8-51-34-58-33-50-0-69-38-36-41-35-6-63-24-30-26-1-68-9-17-44-61-43-20-10-28- ,  30:44-61-43-13-33-58-41-12-40-46-7-4-25-34-58-64-52-10-16-9-49-1-59-17-20-13-22-19-18-39- ,  30:32-54-36-45-41-12-4-53-47-40-4-25-57-51-8-26-30-63-24-42-49-62-21-6-47-40-7-4-53-46- ,  29:14-60-44-17-20-33-22-19-65-37-67-27-67-18-39-48-69-23-2-14-61-17-59-1-49-15-30-42-24- ,  30:31-11-68-59-10-52-64-58-35-6-63-30-26-1-16-10-52-64-58-45-36-38-69-0-2-14-61-43-13-50- ,  30:57-41-36-54-65-67-27-25-4-53-47-6-35-58-33-58-34-25-27-67-37-32-18-66-48-39-65-5-54-38- ,  30:13-43-61-60-17-59-1-49-26-8-51-41-36-38-66-18-67-27-25-4-53-47-6-35-58-33-50-2-14-44- ,  30:67-27-41-51-8-26-49-42-62-21-6-47-40-46-7-4-25-34-58-33-50-2-14-61-17-20-52-64-35-57- , 

0.577488
0.415311
0.00720082
0
22.2819
-2.14594e+07
Initial : -2.24321e+07
0.461797
0.491535
0.0461122
0.000555507
23.2664

-----------------------------------------
Iteration:0 started

Gen:0
0.471573,0.49085,0.0368348,0.000742406,23.0842,-2.22651e+07
445780
Time: 5.649710
Gen:1
0.474797,0.488337,0.0361962,0.000669723,23.0658,-2.22441e+07
418259
Time: 7.067200
Gen:2
0.489791,0.478,0.0320065,0.000202474,23.002,-2.21619e+07
213189
Time: 6.488336
Gen:3
0.489791,0.478,0.0320065,0.000202474,23.002,-2.21619e+07
27410.8
ratio: 0.000000 stable count: -2
Time: 6.440850
Gen:4
0.497583,0.475041,0.0273756,0,22.9459,-2.20988e+07
19201.6
Time: 7.131658
Gen:5
0.498269,0.474262,0.027469,0,22.9424,-2.20955e+07
81126.7
Time: 5.849510
Gen:6
0.498689,0.473354,0.027957,0,22.9327,-2.20861e+07
19296.7
Time: 6.848915
Gen:7
0.499587,0.472347,0.0280661,0,22.9174,-2.20714e+07
10416.5
Time: 6.578288
Gen:8
0.500823,0.471111,0.0280661,0,22.9056,-2.20601e+07
7588.39
Time: 5.973345
Gen:9
0.501228,0.470706,0.0280661,0,22.8933,-2.20482e+07
14937.7
Time: 7.013266
Gen:10
0.507141,0.473951,0.018908,0,22.8326,-2.19897e+07
12518.1
Time: 6.020608
Gen:11
0.50995,0.471142,0.018908,0,22.8258,-2.19832e+07
31408.9
Time: 6.696100
Gen:12
0.511943,0.469149,0.018908,0,22.8124,-2.19703e+07
16616.3
Time: 6.716106
Gen:13
0.52486,0.458854,0.0162862,0,22.7615,-2.19213e+07
12922.6
Time: 6.426755
Gen:14
0.531916,0.452888,0.015196,0,22.722,-2.18832e+07
239996
Time: 7.105797
Gen:15
0.539002,0.447463,0.0135346,0,22.715,-2.18765e+07
26281.7
Time: 6.089904
Gen:16
0.531111,0.454166,0.0147235,0,22.7081,-2.18699e+07
15635.2
Time: 7.101142
Gen:17
0.540887,0.445895,0.0132179,0,22.7028,-2.18648e+07
13336.6
Time: 7.476989
Gen:18
0.543758,0.442708,0.0135346,0,22.6749,-2.18379e+07
12676.7
Time: 6.475638
Gen:19
0.543758,0.442708,0.0135346,0,22.6749,-2.18379e+07
8149.69
ratio: 0.000000 stable count: -16
Time: 6.151607
Gen:20
0.544672,0.442266,0.0130622,0,22.6731,-2.18361e+07
14813.4
Time: 6.497796
Gen:21
0.544672,0.442266,0.0130622,0,22.6731,-2.18361e+07
13672.1
ratio: 0.000000 stable count: -16
Time: 7.552697
Gen:22
0.549707,0.435735,0.0145574,0,22.6599,-2.18234e+07
11861.1
Time: 6.548038
Gen:23
0.549707,0.436145,0.0141472,0,22.658,-2.18216e+07
27519.2
Time: 7.247529
Gen:24
0.548674,0.436176,0.0151492,0,22.6535,-2.18173e+07
14076.2
Time: 7.247600
Gen:25
0.550211,0.43519,0.0145989,0,22.6506,-2.18145e+07
22405.2
Time: 6.916891
Gen:26
0.549079,0.436182,0.0147391,0,22.6462,-2.18102e+07
13900.7
Time: 6.592736
Gen:27
0.54937,0.435984,0.0146456,0,22.6358,-2.18002e+07
27872.1
Time: 7.318528
Gen:28
0.54937,0.435984,0.0146456,0,22.6358,-2.18002e+07
25152
ratio: 0.000000 stable count: -21
Time: 6.282898
Gen:29
0.551732,0.432506,0.0157618,0,22.6225,-2.17874e+07
24201.9
Time: 6.975228
Gen:30
0.555854,0.427496,0.0166496,0,22.596,-2.17618e+07
32610.2
Time: 6.632313
Gen:31
0.555854,0.427496,0.0166496,0,22.596,-2.17618e+07
27049.8
ratio: 0.000000 stable count: -22
Time: 7.345553
Gen:32
0.554614,0.429588,0.0157982,0,22.5924,-2.17584e+07
17086.6
Time: 7.707743
Gen:33
0.554614,0.429588,0.0157982,0,22.5924,-2.17584e+07
20439.4
ratio: 0.000000 stable count: -22
Time: 7.373837
Gen:34
0.558492,0.426333,0.0151752,0,22.5777,-2.17442e+07
26303.6
Time: 6.399945
Gen:35
0.558492,0.426333,0.0151752,0,22.5777,-2.17442e+07
13766.6
ratio: 0.000000 stable count: -22
Time: 6.028816
Gen:36
0.558492,0.426639,0.0148689,0,22.5716,-2.17384e+07
13150.8
Time: 6.740330
Gen:37
0.559286,0.425539,0.0151752,0,22.57,-2.17369e+07
19753.6
Time: 7.129419
Gen:38
0.553638,0.432776,0.0135865,0,22.563,-2.17301e+07
22356
Time: 7.846737
Gen:39
0.560553,0.424272,0.0151752,0,22.5621,-2.17293e+07
11564.2
Time: 7.131837
Gen:40
0.560553,0.424578,0.0148689,0,22.5561,-2.17234e+07
16580.2
Time: 7.527225
Gen:41
0.55967,0.425772,0.0145574,0,22.5557,-2.1723e+07
20929.7
Time: 6.831343
Gen:42
0.55952,0.424127,0.0163537,0,22.5459,-2.17136e+07
11983.2
Time: 6.834960
Gen:43
0.559618,0.423556,0.0168261,0,22.5452,-2.17129e+07
20448.1
Time: 7.560767
Gen:44
0.562157,0.421121,0.0167223,0,22.5372,-2.17052e+07
28365.2
Time: 7.219799
Gen:45
0.572068,0.411521,0.0164108,0,22.473,-2.16434e+07
11576.3
Time: 7.477827
Gen:46
0.572831,0.410737,0.0164316,0,22.47,-2.16406e+07
36853.2
Time: 7.830329
Gen:47
0.575313,0.408277,0.0164108,0,22.4576,-2.16286e+07
9959.11
Time: 7.511193
Gen:48
0.575313,0.408277,0.0164108,0,22.4576,-2.16286e+07
26927.4
ratio: 0.000000 stable count: -33
Time: 6.085148
Gen:49
0.575313,0.408277,0.0164108,0,22.4576,-2.16286e+07
10993.5
ratio: 0.000000 stable count: -32
Time: 7.543938
Gen:50
0.575313,0.408277,0.0164108,0,22.4576,-2.16286e+07
11944.4
ratio: 0.000000 stable count: -31
Time: 7.177628
Gen:51
0.575313,0.408277,0.0164108,0,22.4576,-2.16286e+07
20991.8
ratio: 0.000000 stable count: -30
Time: 7.539093
Gen:52
0.575313,0.408277,0.0164108,0,22.4576,-2.16286e+07
28790.6
ratio: 0.000000 stable count: -29
Time: 7.541591
Gen:53
0.577493,0.406392,0.0161149,0,22.4563,-2.16273e+07
16799
Time: 7.927166
Gen:54
0.583978,0.399497,0.016525,0,22.4312,-2.16032e+07
9480.73
Time: 7.197248
Gen:55
0.585286,0.398838,0.0158761,0,22.4298,-2.16018e+07
19603.6
Time: 6.454889
Gen:56
0.584787,0.398688,0.016525,0,22.4228,-2.15951e+07
13429.7
Time: 7.556198
Gen:57
0.586968,0.396917,0.0161149,0,22.4215,-2.15938e+07
22578.4
Time: 7.568770
Gen:58
0.586968,0.396917,0.0161149,0,22.4215,-2.15938e+07
28944.6
ratio: 0.000000 stable count: -33
Time: 7.240167
Gen:59
0.588432,0.395889,0.0156788,0,22.4092,-2.1582e+07
21553.9
Time: 7.256573
Gen:60
0.588551,0.395749,0.0156995,0,22.4087,-2.15815e+07
10909.7
Time: 7.620400
Gen:61
0.588551,0.395749,0.0156995,0,22.4087,-2.15815e+07
8286
ratio: 0.000000 stable count: -34
Time: 7.296531
Gen:62
0.589091,0.395209,0.0156995,0,22.4077,-2.15805e+07
15519.9
Time: 8.026137
Gen:63
0.589263,0.395059,0.0156788,0,22.4017,-2.15748e+07
22061.3
Time: 6.601856
Gen:64
0.589803,0.394519,0.0156788,0,22.4006,-2.15737e+07
17355.8
Time: 7.361180
Gen:65
0.589803,0.394519,0.0156788,0,22.4006,-2.15737e+07
15552.7
ratio: 0.000000 stable count: -36
Time: 7.006141
Gen:66
0.589803,0.394519,0.0156788,0,22.4006,-2.15737e+07
15911.6
ratio: 0.000000 stable count: -35
Time: 7.380249
Gen:67
0.589803,0.394519,0.0156788,0,22.4006,-2.15737e+07
15447.1
ratio: 0.000000 stable count: -34
Time: 7.744458
Gen:68
0.589803,0.394519,0.0156788,0,22.4006,-2.15737e+07
11966.4
ratio: 0.000000 stable count: -33
Time: 7.014024
Gen:69
0.589803,0.394519,0.0156788,0,22.4006,-2.15737e+07
18989.6
ratio: 0.000000 stable count: -32
Time: 7.006365
Gen:70
0.589803,0.394519,0.0156788,0,22.4006,-2.15737e+07
5925.23
ratio: 0.000000 stable count: -31
Time: 6.972077
Gen:71
0.589803,0.394519,0.0156788,0,22.4006,-2.15737e+07
8129.45
ratio: 0.000000 stable count: -30
Time: 7.695162
Gen:72
0.592331,0.392702,0.0149675,0,22.3935,-2.15668e+07
5845.62
Time: 6.967641
Gen:73
0.592331,0.392702,0.0149675,0,22.3935,-2.15668e+07
12201.6
ratio: 0.000000 stable count: -30
Time: 7.714282
Gen:74
0.591791,0.392816,0.0153932,0,22.3887,-2.15622e+07
15730.5
Time: 6.624910
Gen:75
0.591791,0.392816,0.0153932,0,22.3887,-2.15622e+07
7855.6
ratio: 0.000000 stable count: -30
Time: 6.992599
Gen:76
0.591791,0.392816,0.0153932,0,22.3887,-2.15622e+07
17119.8
ratio: 0.000000 stable count: -29
Time: 6.978923
Gen:77
0.591791,0.392816,0.0153932,0,22.3887,-2.15622e+07
11281.5
ratio: 0.000000 stable count: -28
Time: 6.624001
Gen:78
0.591791,0.392816,0.0153932,0,22.3887,-2.15622e+07
11601.3
ratio: 0.000000 stable count: -27
Time: 7.334977
Gen:79
0.591791,0.392816,0.0153932,0,22.3887,-2.15622e+07
12892.4
ratio: 0.000000 stable count: -26
Time: 6.605674
Gen:80
0.591791,0.392816,0.0153932,0,22.3887,-2.15622e+07
13674.3
ratio: 0.000000 stable count: -25
Time: 6.987918
Gen:81
0.591791,0.392816,0.0153932,0,22.3887,-2.15622e+07
11878.1
ratio: 0.000000 stable count: -24
Time: 6.971118
Gen:82
0.591791,0.392816,0.0153932,0,22.3887,-2.15622e+07
14899.7
ratio: 0.000000 stable count: -23
Time: 6.987434
Gen:83
0.59271,0.391897,0.0153932,0,22.3852,-2.15588e+07
13621.6
Time: 7.354229
Gen:84
0.59271,0.391897,0.0153932,0,22.3852,-2.15588e+07
9218.78
ratio: 0.000000 stable count: -23
Time: 6.615143
Gen:85
0.59271,0.391897,0.0153932,0,22.3852,-2.15588e+07
10182.9
ratio: 0.000000 stable count: -22
Time: 6.603940
Gen:86
0.59271,0.391897,0.0153932,0,22.3852,-2.15588e+07
13093.1
ratio: 0.000000 stable count: -21
Time: 7.331230
Gen:87
0.591511,0.393096,0.0153932,0,22.3772,-2.15511e+07
10823.1
Time: 6.975010
Gen:88
0.591511,0.393096,0.0153932,0,22.3772,-2.15511e+07
16335.1
ratio: 0.000000 stable count: -21
Time: 7.717898
Gen:89
0.591511,0.393096,0.0153932,0,22.3772,-2.15511e+07
14593.4
ratio: 0.000000 stable count: -20
Time: 7.731610
Gen:90
0.591511,0.393096,0.0153932,0,22.3772,-2.15511e+07
13149.8
ratio: 0.000000 stable count: -19
Time: 7.014487
Gen:91
0.591511,0.393096,0.0153932,0,22.3772,-2.15511e+07
13864
ratio: 0.000000 stable count: -18
Time: 6.642115
Gen:92
0.591511,0.393096,0.0153932,0,22.3772,-2.15511e+07
10017.2
ratio: 0.000000 stable count: -17
Time: 6.283616
Gen:93
0.591511,0.393096,0.0153932,0,22.3772,-2.15511e+07
6264.84
ratio: 0.000000 stable count: -16
Time: 7.381153
Gen:94
0.591511,0.393096,0.0153932,0,22.3772,-2.15511e+07
7406.23
ratio: 0.000000 stable count: -15
Time: 6.651064
Gen:95
0.591511,0.393096,0.0153932,0,22.3772,-2.15511e+07
18591.7
ratio: 0.000000 stable count: -14
Time: 7.771161
Gen:96
0.591511,0.393096,0.0153932,0,22.3772,-2.15511e+07
18991.1
ratio: 0.000000 stable count: -13
Time: 8.120510
Gen:97
0.588406,0.394799,0.016795,0,22.3748,-2.15488e+07
12709.4
Time: 7.367585
Gen:98
0.591973,0.392011,0.0160162,0,22.3709,-2.1545e+07
21614.1
Time: 7.001702
Gen:99
0.591973,0.392011,0.0160162,0,22.3709,-2.1545e+07
8778.43
ratio: 0.000000 stable count: -14
Time: 6.984279
Gen:100
0.591973,0.392011,0.0160162,0,22.3709,-2.1545e+07
12386.7
ratio: 0.000000 stable count: -13
Time: 7.341811
Gen:101
0.591973,0.392011,0.0160162,0,22.3709,-2.1545e+07
10501
ratio: 0.000000 stable count: -12
Time: 7.710112
Gen:102
0.591973,0.392011,0.0160162,0,22.3709,-2.1545e+07
11963.3
ratio: 0.000000 stable count: -11
Time: 6.972679
Gen:103
0.593525,0.390459,0.0160162,0,22.3679,-2.15422e+07
16807.6
Time: 7.349590
Gen:104
0.593525,0.390459,0.0160162,0,22.3679,-2.15422e+07
10023.3
ratio: 0.000000 stable count: -11
Time: 7.002206
Gen:105
0.593525,0.390459,0.0160162,0,22.3679,-2.15422e+07
12403
ratio: 0.000000 stable count: -10
Time: 6.997346
Gen:106
0.593525,0.390459,0.0160162,0,22.3679,-2.15422e+07
10716.4
ratio: 0.000000 stable count: -9
Time: 6.618284
Gen:107
0.593525,0.390459,0.0160162,0,22.3679,-2.15422e+07
21330.9
ratio: 0.000000 stable count: -8
Time: 6.985548
Gen:108
0.593525,0.390459,0.0160162,0,22.3679,-2.15422e+07
12229.7
ratio: 0.000000 stable count: -7
Time: 6.606965
Gen:109
0.593525,0.390459,0.0160162,0,22.3679,-2.15422e+07
11867.6
ratio: 0.000000 stable count: -6
Time: 7.799177
Gen:110
0.593525,0.390459,0.0160162,0,22.3679,-2.15422e+07
10384.6
ratio: 0.000000 stable count: -5
Time: 8.100293
Gen:111
0.593525,0.390459,0.0160162,0,22.3679,-2.15422e+07
13855.7
ratio: 0.000000 stable count: -4
Time: 6.592393
Gen:112
0.593525,0.390459,0.0160162,0,22.3679,-2.15422e+07
14819.7
ratio: 0.000000 stable count: -3
Time: 6.990313
Gen:113
0.593525,0.390459,0.0160162,0,22.3679,-2.15422e+07
13019.9
ratio: 0.000000 stable count: -2
Time: 5.506286
Gen:114
0.593525,0.390459,0.0160162,0,22.3679,-2.15422e+07
15737.3
ratio: 0.000000 stable count: -1
Time: 7.688759
Gen:115
0.593525,0.390459,0.0160162,0,22.3679,-2.15422e+07
12534.8
ratio: 0.000000 stable count: 0
Time: 6.594556
Gen:116
0.593525,0.390459,0.0160162,0,22.3679,-2.15422e+07
22034.3
ratio: 0.000000 stable count: 1
Time: 8.048911
Gen:117
0.593525,0.390459,0.0160162,0,22.3679,-2.15422e+07
21613.3
ratio: 0.000000 stable count: 2
Time: 7.321629
Gen:118
0.593525,0.390459,0.0160162,0,22.3679,-2.15422e+07
7476.24
ratio: 0.000000 stable count: 3
Time: 7.688292
Gen:119
0.593525,0.390459,0.0160162,0,22.3679,-2.15422e+07
14593.2
ratio: 0.000000 stable count: 4
Time: 7.662753
Gen:120
0.593525,0.390459,0.0160162,0,22.3679,-2.15422e+07
12323
ratio: 0.000000 stable count: 5
Time: 7.704679
Gen:121
0.593525,0.390459,0.0160162,0,22.3679,-2.15422e+07
17330.9
ratio: 0.000000 stable count: 6
Time: 8.063105
Gen:122
0.593525,0.390459,0.0160162,0,22.3679,-2.15422e+07
9856.15
ratio: 0.000000 stable count: 7
Time: 7.694093
Gen:123
0.593525,0.390459,0.0160162,0,22.3679,-2.15422e+07
13168
ratio: 0.000000 stable count: 8
Time: 8.065311
Gen:124
0.593525,0.390459,0.0160162,0,22.3679,-2.15422e+07
5247.29
ratio: 0.000000 stable count: 9
Time: 7.689351
Gen:125
0.593317,0.390666,0.0160162,0,22.3605,-2.1535e+07
17227.6
Time: 6.614808
Gen:126
0.593317,0.390666,0.0160162,0,22.3605,-2.1535e+07
12460
ratio: 0.000000 stable count: 9
Time: 7.744369
Gen:127
0.593317,0.390666,0.0160162,0,22.3605,-2.1535e+07
10365.4
ratio: 0.000000 stable count: 10
Time: 7.368091
Gen:128
0.593317,0.390666,0.0160162,0,22.3605,-2.1535e+07
13482.6
ratio: 0.000000 stable count: 11
Time: 7.366111
Gen:129
0.593317,0.390666,0.0160162,0,22.3605,-2.1535e+07
12164.6
ratio: 0.000000 stable count: 12
Time: 8.108895
Gen:130
0.594195,0.389789,0.0160162,0,22.3536,-2.15284e+07
13554
Time: 7.407414
Gen:131
0.594454,0.390578,0.0149675,0,22.3468,-2.15219e+07
19132.9
Time: 7.056999
Gen:132
0.594454,0.390578,0.0149675,0,22.3468,-2.15219e+07
7705.72
ratio: 0.000000 stable count: 11
Time: 6.695489
Gen:133
0.594454,0.390578,0.0149675,0,22.3468,-2.15219e+07
20740.1
ratio: 0.000000 stable count: 12
Time: 7.813903
Gen:134
0.594454,0.390578,0.0149675,0,22.3468,-2.15219e+07
10248.1
ratio: 0.000000 stable count: 13
Time: 7.829004
Gen:135
0.594454,0.390578,0.0149675,0,22.3468,-2.15219e+07
11027.3
ratio: 0.000000 stable count: 14
Time: 7.806298
Gen:136
0.594454,0.390578,0.0149675,0,22.3468,-2.15219e+07
10035
ratio: 0.000000 stable count: 15
Time: 7.818073
Gen:137
0.594454,0.390578,0.0149675,0,22.3468,-2.15219e+07
13554.2
ratio: 0.000000 stable count: 16
Time: 7.798119
Gen:138
0.594454,0.390578,0.0149675,0,22.3468,-2.15219e+07
8829.08
ratio: 0.000000 stable count: 17
Time: 6.681990
Gen:139
0.594454,0.390578,0.0149675,0,22.3468,-2.15219e+07
16968.1
ratio: 0.000000 stable count: 18
Time: 7.429093
Gen:140
0.594454,0.390578,0.0149675,0,22.3468,-2.15219e+07
16208.2
ratio: 0.000000 stable count: 19
Time: 7.427112
Gen:141
0.594807,0.389446,0.0157463,0,22.345,-2.15202e+07
9372.37
Time: 6.313483
Gen:142
0.594807,0.389446,0.0157463,0,22.345,-2.15202e+07
16763.6
ratio: 0.000000 stable count: 19
Time: 7.810046
Gen:143
0.594807,0.389446,0.0157463,0,22.345,-2.15202e+07
14534.7
FINAL Population size
25
Best : -2.15202e+07   30:62-26-1-16-10-20-33-22-19-65-37-67-27-41-51-8-10-59-17-20-33-58-34-25-27-67-27-12-40-46- ,  30:19-22-33-20-17-9-11-1-31-9-16-55-8-28-56-51-41-36-54-18-67-37-32-18-66-48-39-65-5-54- ,  30:1-68-11-15-62-21-6-47-40-4-25-4-7-40-12-41-36-38-69-23-2-50-17-10-28-56-6-47-53-46- ,  30:3-19-36-41-51-56-8-52-20-43-50-0-69-18-67-27-25-4-53-47-6-35-64-52-10-16-1-49-15-11- ,  30:18-37-5-65-32-54-65-67-27-25-4-53-47-6-35-58-33-22-38-3-23-50-17-59-11-49-26-8-51-34- ,  30:59-9-68-11-31-1-26-8-51-41-12-25-27-67-18-39-48-69-23-50-17-10-16-26-30-15-30-63-21-62- ,  30:32-18-19-22-33-43-20-52-64-51-34-25-57-51-8-26-30-63-24-42-49-1-59-17-44-61-43-20-10-28- ,  30:13-20-55-8-51-34-58-64-52-55-17-60-14-2-0-69-29-19-22-13-43-17-59-11-1-16-55-8-26-30- ,  29:60-44-61-43-13-33-58-35-6-63-30-26-1-16-10-52-64-58-45-36-38-69-0-2-14-61-43-13-22- ,  30:37-65-32-54-36-45-22-19-69-23-3-38-36-41-51-8-26-62-21-6-35-41-27-67-18-19-22-13-43-61- ,  30:44-17-20-33-22-36-45-58-33-50-0-2-14-61-17-59-1-26-30-24-21-6-35-58-33-50-2-14-44-60- ,  30:68-59-10-52-64-58-41-12-40-46-7-4-25-34-58-64-52-10-16-9-49-62-21-6-47-40-7-4-53-46- ,  30:34-57-41-51-8-26-49-42-62-21-6-47-40-46-7-4-25-34-58-33-50-2-14-61-17-20-52-64-35-57- ,  30:22-13-43-61-60-17-59-1-49-26-8-51-41-36-38-66-18-65-39-48-3-23-2-14-61-17-59-1-49-15- ,  30:34-57-41-36-54-36-45-41-12-4-53-47-6-35-58-33-50-0-69-18-67-27-12-40-47-6-21-62-30-42- , 

0.594807
0.389446
0.0157463
0
22.345
-2.15202e+07
Initial : -2.24321e+07
0.461797
0.491535
0.0461122
0.000555507
23.2664

-----------------------------------------
Iteration:0 started

Gen:0
0.471573,0.49085,0.0368348,0.000742406,23.0842,-2.22651e+07
445780
Time: 5.584507
Gen:1
0.487761,0.485964,0.0262749,0,23.0163,-2.21667e+07
298619
Time: 6.632119
Gen:2
0.490772,0.478016,0.0312122,0,22.9233,-2.20771e+07
96978.1
Time: 5.895905
Gen:3
0.498061,0.474787,0.0271523,0,22.8645,-2.20204e+07
81546.5
Time: 6.240989
Gen:4
0.499468,0.47338,0.0271523,0,22.8376,-2.19946e+07
31987.8
Time: 6.275530
Gen:5
0.51078,0.46351,0.025709,0,22.7866,-2.19454e+07
217266
Time: 5.744704
Gen:6
0.509971,0.46471,0.0253197,0,22.7755,-2.19348e+07
40149.5
Time: 5.146534
Gen:7
0.507728,0.470644,0.0216284,0,22.7616,-2.19213e+07
19037
Time: 6.037281
Gen:8
0.509939,0.467555,0.0225058,0,22.7256,-2.18867e+07
30237.5
Time: 5.241439
Gen:9
0.517623,0.462529,0.0198477,0,22.6965,-2.18586e+07
19475.4
Time: 6.453593
Gen:10
0.515474,0.464938,0.0195881,0,22.6956,-2.18578e+07
16702.6
Time: 6.378827
Gen:11
0.514664,0.465296,0.0200398,0,22.6846,-2.18472e+07
10263.3
Time: 5.530717
Gen:12
0.517213,0.462747,0.0200398,0,22.6792,-2.1842e+07
8516.85
Time: 5.263749
Gen:13
0.52092,0.458781,0.0202994,0,22.6577,-2.18213e+07
8062.22
Time: 6.164751
Gen:14
0.521486,0.458215,0.0202994,0,22.6526,-2.18164e+07
9622.17
Time: 4.680141
Gen:15
0.53055,0.451616,0.0178333,0,22.6101,-2.17754e+07
19156.5
Time: 5.545067
Gen:16
0.53055,0.451616,0.0178333,0,22.6071,-2.17726e+07
21543.1
Time: 5.542821
Gen:17
0.531272,0.450952,0.0177762,0,22.6032,-2.17688e+07
11107.1
Time: 5.588420
Gen:18
0.53799,0.445698,0.0163122,0,22.5679,-2.17348e+07
14684.8
Time: 5.612952
Gen:19
0.53799,0.445698,0.0163122,0,22.5679,-2.17348e+07
17412.6
ratio: 0.000000 stable count: -18
Time: 5.875908
Gen:20
0.539303,0.444384,0.0163122,0,22.5583,-2.17256e+07
21424.6
Time: 6.199640
Gen:21
0.53976,0.443928,0.0163122,0,22.553,-2.17205e+07
8050.23
Time: 6.237919
Gen:22
0.541702,0.44156,0.0167379,0,22.5411,-2.1709e+07
16579.9
Time: 5.970400
Gen:23
0.549209,0.43465,0.0161408,0,22.5138,-2.16828e+07
20120.8
Time: 5.970138
Gen:24
0.549209,0.43465,0.0161408,0,22.5138,-2.16828e+07
24128.9
ratio: 0.000000 stable count: -21
Time: 6.243561
Gen:25
0.552449,0.431348,0.0162031,0,22.4836,-2.16537e+07
18544.7
Time: 5.947732
Gen:26
0.563128,0.421515,0.0153569,0,22.4725,-2.16429e+07
16700.4
Time: 6.549115
Gen:27
0.565417,0.419226,0.0153569,0,22.4629,-2.16337e+07
260678
Time: 4.777038
Gen:28
0.558663,0.427216,0.0141213,0,22.4213,-2.15936e+07
13418
Time: 6.304571
Gen:29
0.558663,0.427216,0.0141213,0,22.4074,-2.15802e+07
35025.4
Time: 6.019171
Gen:30
0.559312,0.426141,0.014547,0,22.4038,-2.15768e+07
13665.1
Time: 6.323237
Gen:31
0.560688,0.424765,0.014547,0,22.3945,-2.15678e+07
9581.05
Time: 5.763312
Gen:32
0.561368,0.424085,0.014547,0,22.3904,-2.15638e+07
5371.16
Time: 6.717563
Gen:33
0.569077,0.41582,0.0151025,0,22.3677,-2.1542e+07
25578
Time: 5.498537
Gen:34
0.569077,0.41582,0.0151025,0,22.3677,-2.1542e+07
21697.7
ratio: 0.000000 stable count: -29
Time: 6.693263
Gen:35
0.572073,0.413068,0.0148585,0,22.3499,-2.15248e+07
19229.5
Time: 6.405807
Gen:36
0.572073,0.413068,0.0148585,0,22.3499,-2.15248e+07
10584.3
ratio: 0.000000 stable count: -29
Time: 6.420250
Gen:37
0.572073,0.413068,0.0148585,0,22.3466,-2.15216e+07
17876.3
Time: 6.135197
Gen:38
0.57429,0.410867,0.0148429,0,22.3415,-2.15167e+07
14304
Time: 6.474214
Gen:39
0.575017,0.41014,0.0148429,0,22.3351,-2.15106e+07
10699.4
Time: 6.509327
Gen:40
0.575681,0.409476,0.0148429,0,22.3338,-2.15093e+07
17771
Time: 6.569329
Gen:41
0.577234,0.408391,0.0143757,0,22.3233,-2.14992e+07
16274.9
Time: 6.914350
Gen:42
0.581475,0.404575,0.01395,0,22.2941,-2.14711e+07
6530.82
Time: 6.609174
Gen:43
0.581792,0.403832,0.0143757,0,22.2916,-2.14687e+07
19713
Time: 6.016065
Gen:44
0.582809,0.402815,0.0143757,0,22.2873,-2.14646e+07
6968.33
Time: 6.362655
Gen:45
0.585104,0.400946,0.01395,0,22.281,-2.14585e+07
7559.45
Time: 6.393860
Gen:46
0.585717,0.400333,0.01395,0,22.2786,-2.14562e+07
6377.52
Time: 6.747140
Gen:47
0.584097,0.402664,0.0132387,0,22.2753,-2.14531e+07
12056.7
Time: 6.445163
Gen:48
0.597149,0.388979,0.0138721,0,22.2386,-2.14177e+07
11115.7
Time: 6.465142
Gen:49
0.598722,0.387655,0.0136229,0,22.2211,-2.14008e+07
42519.9
Time: 7.124782
Gen:50
0.603836,0.382542,0.0136229,0,22.2172,-2.1397e+07
7477.33
Time: 6.817322
Gen:51
0.602278,0.384021,0.0137008,0,22.1906,-2.13715e+07
8402.7
Time: 6.880711
Gen:52
0.6083,0.378445,0.0132543,0,22.1593,-2.13413e+07
11457
Time: 6.902867
Gen:53
0.608389,0.378357,0.0132543,0,22.1592,-2.13412e+07
16387.9
ratio: 0.000008 stable count: -44
Time: 6.257297
Gen:54
0.609868,0.376877,0.0132543,0,22.1546,-2.13368e+07
18297.7
Time: 7.276947
Gen:55
0.611857,0.375008,0.0131349,0,22.1439,-2.13265e+07
8511.42
Time: 6.969440
Gen:56
0.611997,0.374868,0.0131349,0,22.1416,-2.13242e+07
16094.8
Time: 6.657369
Gen:57
0.621819,0.365565,0.0126157,0,22.115,-2.12987e+07
12250.3
Time: 6.343633
Gen:58
0.619566,0.366832,0.0136021,0,22.0893,-2.12738e+07
34995.6
Time: 6.316611
Gen:59
0.619566,0.366832,0.0136021,0,22.0893,-2.12738e+07
37378.3
ratio: 0.000000 stable count: -48
Time: 7.037258
Gen:60
0.635967,0.351843,0.01219,0,22.0871,-2.12717e+07
16931.3
Time: 5.045251
Gen:61
0.633817,0.354268,0.0119148,0,22.0828,-2.12676e+07
19834.4
Time: 6.060096
Gen:62
0.628278,0.358759,0.0129635,0,22.0731,-2.12582e+07
16686.4
Time: 7.052889
Gen:63
0.629752,0.357284,0.0129635,0,22.0704,-2.12557e+07
22997
Time: 6.049340
Gen:64
0.629379,0.357658,0.0129635,0,22.0654,-2.12509e+07
16447.3
Time: 7.093260
Gen:65
0.631222,0.356173,0.0126053,0,22.0633,-2.12488e+07
6401.38
Time: 7.122313
Gen:66
0.631658,0.355737,0.0126053,0,22.0587,-2.12444e+07
8301.33
Time: 6.814553
Gen:67
0.63349,0.353904,0.0126053,0,22.0503,-2.12363e+07
5844.5
Time: 6.164832
Gen:68
0.633485,0.35391,0.0126053,0,22.0449,-2.12311e+07
5419.49
Time: 6.860716
Gen:69
0.633485,0.35391,0.0126053,0,22.0449,-2.12311e+07
3838.27
ratio: 0.000000 stable count: -56
Time: 6.860936
Gen:70
0.633651,0.353743,0.0126053,0,22.0441,-2.12303e+07
3917.06
Time: 7.228630
Gen:71
0.632597,0.354496,0.0129064,0,22.0196,-2.12067e+07
7662.93
Time: 7.604148
Gen:72
0.638189,0.349331,0.0124807,0,21.9956,-2.11837e+07
10584
Time: 6.241326
Gen:73
0.638189,0.349331,0.0124807,0,21.9956,-2.11837e+07
29659.6
ratio: 0.000000 stable count: -58
Time: 6.577251
Gen:74
0.6389,0.348619,0.0124807,0,21.9921,-2.11802e+07
236276
Time: 6.948630
Gen:75
0.6389,0.348619,0.0124807,0,21.9921,-2.11802e+07
13126.2
ratio: 0.000000 stable count: -58
Time: 5.559258
Gen:76
0.639393,0.348126,0.0124807,0,21.9882,-2.11765e+07
12148
Time: 6.972190
Gen:77
0.639393,0.348126,0.0124807,0,21.9882,-2.11765e+07
13247.9
ratio: 0.000000 stable count: -58
Time: 7.680047
Gen:78
0.639393,0.348126,0.0124807,0,21.9882,-2.11765e+07
13969.4
ratio: 0.000000 stable count: -57
Time: 6.627520
Gen:79
0.640058,0.347462,0.0124807,0,21.9851,-2.11735e+07
12932
Time: 7.703744
Gen:80
0.640463,0.347057,0.0124807,0,21.9831,-2.11716e+07
9098.08
Time: 6.682864
Gen:81
0.642321,0.345909,0.0117695,0,21.9792,-2.11679e+07
5885.86
Time: 7.079178
Gen:82
0.642321,0.345909,0.0117695,0,21.9792,-2.11679e+07
8202.81
ratio: 0.000000 stable count: -59
Time: 7.448591
Gen:83
0.642321,0.345909,0.0117695,0,21.9792,-2.11679e+07
10712.4
ratio: 0.000000 stable count: -58
Time: 7.822613
Gen:84
0.643697,0.344533,0.0117695,0,21.9771,-2.11658e+07
9589.27
Time: 7.133810
Gen:85
0.643033,0.345198,0.0117695,0,21.9742,-2.1163e+07
19523.6
Time: 7.492907
Gen:86
0.643536,0.344694,0.0117695,0,21.9717,-2.11606e+07
6675.24
Time: 7.839168
Gen:87
0.643536,0.344694,0.0117695,0,21.9717,-2.11606e+07
22327.5
ratio: 0.000000 stable count: -60
Time: 7.504136
Gen:88
0.643536,0.344694,0.0117695,0,21.9711,-2.11601e+07
12186.8
Time: 7.885122
Gen:89
0.643536,0.344694,0.0117695,0,21.9711,-2.11601e+07
2827.22
ratio: 0.000000 stable count: -60
Time: 7.172267
Gen:90
0.643536,0.344694,0.0117695,0,21.9711,-2.11601e+07
6025.76
ratio: 0.000000 stable count: -59
Time: 7.542329
Gen:91
0.643557,0.344674,0.0117695,0,21.9675,-2.11565e+07
12424.5
Time: 7.922953
Gen:92
0.644715,0.343516,0.0117695,0,21.9672,-2.11563e+07
11170.7
Time: 7.941955
Gen:93
0.643412,0.344819,0.0117695,0,21.9641,-2.11533e+07
12865.1
Time: 6.157805
Gen:94
0.645353,0.342877,0.0117695,0,21.9624,-2.11517e+07
18777.6
Time: 7.257394
Gen:95
0.646542,0.341688,0.0117695,0,21.9616,-2.11509e+07
5338.37
Time: 6.940076
Gen:96
0.648411,0.338278,0.0133114,0,21.9598,-2.11492e+07
4605.53
Time: 7.662810
Gen:97
0.650602,0.336087,0.0133114,0,21.9519,-2.11416e+07
22696.3
Time: 7.308739
Gen:98
0.649984,0.337063,0.0129532,0,21.9518,-2.11414e+07
10037.3
ratio: 0.000007 stable count: -65
Time: 7.316022
Gen:99
0.649984,0.337063,0.0129532,0,21.9518,-2.11414e+07
10041.2
ratio: 0.000000 stable count: -64
Time: 6.948115
Gen:100
0.650109,0.336938,0.0129532,0,21.9457,-2.11356e+07
2692.35
Time: 6.215142
Gen:101
0.650109,0.336938,0.0129532,0,21.9457,-2.11356e+07
6398.04
ratio: 0.000000 stable count: -64
Time: 6.587579
Gen:102
0.650109,0.336938,0.0129532,0,21.9457,-2.11356e+07
4236.02
ratio: 0.000000 stable count: -63
Time: 6.589235
Gen:103
0.650109,0.336938,0.0129532,0,21.9457,-2.11356e+07
4098.62
ratio: 0.000000 stable count: -62
Time: 6.200129
Gen:104
0.650109,0.336938,0.0129532,0,21.9457,-2.11356e+07
10718
ratio: 0.000000 stable count: -61
Time: 7.667160
Gen:105
0.650524,0.336824,0.0126521,0,21.9424,-2.11324e+07
11389.7
Time: 7.281322
Gen:106
0.651386,0.335661,0.0129532,0,21.9401,-2.11302e+07
9404.15
Time: 7.654088
Gen:107
0.651386,0.335661,0.0129532,0,21.9395,-2.11296e+07
11578.2
Time: 6.578093
Gen:108
0.650898,0.337089,0.0120135,0,21.9275,-2.1118e+07
8861.24
Time: 8.053911
Gen:109
0.650898,0.337089,0.0120135,0,21.9275,-2.1118e+07
12285.9
ratio: 0.000000 stable count: -64
Time: 7.319554
Gen:110
0.650898,0.337089,0.0120135,0,21.9258,-2.11164e+07
5490.05
Time: 7.330469
Gen:111
0.652004,0.335983,0.0120135,0,21.9237,-2.11144e+07
7187.85
Time: 8.087434
Gen:112
0.652004,0.335983,0.0120135,0,21.9237,-2.11144e+07
15648.9
ratio: 0.000000 stable count: -65
Time: 6.985100
Gen:113
0.652004,0.335983,0.0120135,0,21.9237,-2.11144e+07
10326.3
ratio: 0.000000 stable count: -64
Time: 5.522161
Gen:114
0.647419,0.340567,0.0120135,0,21.9231,-2.11138e+07
5719.12
Time: 7.001511
Gen:115
0.647419,0.340567,0.0120135,0,21.9231,-2.11138e+07
7268.76
ratio: 0.000000 stable count: -64
Time: 6.998975
Gen:116
0.647419,0.340567,0.0120135,0,21.9231,-2.11138e+07
8900.43
ratio: 0.000000 stable count: -63
Time: 8.114096
Gen:117
0.647471,0.340515,0.0120135,0,21.923,-2.11137e+07
8123.22
ratio: 0.000005 stable count: -62
Time: 8.131506
Gen:118
0.647471,0.340515,0.0120135,0,21.923,-2.11137e+07
8253.77
ratio: 0.000000 stable count: -61
Time: 7.778541
Gen:119
0.647471,0.340515,0.0120135,0,21.923,-2.11137e+07
10744.1
ratio: 0.000000 stable count: -60
Time: 5.550742
Gen:120
0.647471,0.340515,0.0120135,0,21.923,-2.11137e+07
14220.8
ratio: 0.000000 stable count: -59
Time: 7.396002
Gen:121
0.647471,0.340515,0.0120135,0,21.923,-2.11137e+07
4174.83
ratio: 0.000000 stable count: -58
Time: 8.130344
Gen:122
0.647471,0.340515,0.0120135,0,21.923,-2.11137e+07
7500.46
ratio: 0.000000 stable count: -57
Time: 7.772761
Gen:123
0.647471,0.340515,0.0120135,0,21.923,-2.11137e+07
22236.8
ratio: 0.000000 stable count: -56
Time: 7.395638
Gen:124
0.647471,0.340515,0.0120135,0,21.923,-2.11137e+07
11218.5
ratio: 0.000000 stable count: -55
Time: 7.767363
Gen:125
0.647471,0.340515,0.0120135,0,21.923,-2.11137e+07
13902.1
ratio: 0.000000 stable count: -54
Time: 7.014522
Gen:126
0.647471,0.340515,0.0120135,0,21.923,-2.11137e+07
11365.9
ratio: 0.000000 stable count: -53
Time: 7.381598
Gen:127
0.647471,0.340515,0.0120135,0,21.923,-2.11137e+07
14240
ratio: 0.000000 stable count: -52
Time: 7.014472
Gen:128
0.647471,0.340515,0.0120135,0,21.923,-2.11137e+07
9160.8
ratio: 0.000000 stable count: -51
Time: 6.282409
Gen:129
0.647471,0.340515,0.0120135,0,21.923,-2.11137e+07
5560.96
ratio: 0.000000 stable count: -50
Time: 7.022747
Gen:130
0.646345,0.341642,0.0120135,0,21.9204,-2.11112e+07
11540
Time: 7.383209
Gen:131
0.646345,0.341642,0.0120135,0,21.9204,-2.11112e+07
6505.78
ratio: 0.000000 stable count: -50
Time: 6.297927
Gen:132
0.646345,0.341642,0.0120135,0,21.9204,-2.11112e+07
15073.2
ratio: 0.000000 stable count: -49
Time: 7.799879
Gen:133
0.646345,0.341642,0.0120135,0,21.9204,-2.11112e+07
5727.69
ratio: 0.000000 stable count: -48
Time: 8.158859
Gen:134
0.646345,0.341642,0.0120135,0,21.9204,-2.11112e+07
14203.9
ratio: 0.000000 stable count: -47
Time: 7.791128
Gen:135
0.646345,0.341642,0.0120135,0,21.9204,-2.11112e+07
5286.99
ratio: 0.000000 stable count: -46
Time: 7.800931
Gen:136
0.646345,0.341642,0.0120135,0,21.9204,-2.11112e+07
10123.2
ratio: 0.000000 stable count: -45
Time: 7.056364
Gen:137
0.646345,0.341642,0.0120135,0,21.9204,-2.11112e+07
20305.4
ratio: 0.000000 stable count: -44
Time: 7.422839
Gen:138
0.646345,0.341642,0.0120135,0,21.9204,-2.11112e+07
9423.37
ratio: 0.000000 stable count: -43
Time: 6.685588
Gen:139
0.645473,0.342514,0.0120135,0,21.9117,-2.11028e+07
8611.16
Time: 7.425809
Gen:140
0.645473,0.342514,0.0120135,0,21.9117,-2.11028e+07
7336.98
ratio: 0.000000 stable count: -43
Time: 7.405588
Gen:141
0.645473,0.342514,0.0120135,0,21.9117,-2.11028e+07
5587.13
ratio: 0.000000 stable count: -42
Time: 7.788905
Gen:142
0.645473,0.342514,0.0120135,0,21.9117,-2.11028e+07
17888.7
ratio: 0.000000 stable count: -41
Time: 7.802781
Gen:143
0.648084,0.339903,0.0120135,0,21.9101,-2.11012e+07
7275.36
Time: 6.323608
Gen:144
0.648084,0.339903,0.0120135,0,21.9101,-2.11012e+07
7179.59
ratio: 0.000000 stable count: -41
Time: 6.694302
Gen:145
0.648084,0.339903,0.0120135,0,21.9101,-2.11012e+07
5608.93
ratio: 0.000000 stable count: -40
Time: 7.807269
Gen:146
0.648084,0.339903,0.0120135,0,21.9101,-2.11012e+07
10548
ratio: 0.000000 stable count: -39
Time: 7.821671
Gen:147
0.648084,0.339903,0.0120135,0,21.9101,-2.11012e+07
12850.2
ratio: 0.000000 stable count: -38
Time: 7.810698
Gen:148
0.648084,0.339903,0.0120135,0,21.9101,-2.11012e+07
6057.19
ratio: 0.000000 stable count: -37
Time: 7.813049
Gen:149
0.648084,0.339903,0.0120135,0,21.9101,-2.11012e+07
11255.3
ratio: 0.000000 stable count: -36
Time: 7.424447
Gen:150
0.648084,0.339903,0.0120135,0,21.9101,-2.11012e+07
10683.2
ratio: 0.000000 stable count: -35
Time: 6.683857
Gen:151
0.648084,0.339903,0.0120135,0,21.9101,-2.11012e+07
10080.4
ratio: 0.000000 stable count: -34
Time: 7.048797
Gen:152
0.648084,0.339903,0.0120135,0,21.9101,-2.11012e+07
8111.13
ratio: 0.000000 stable count: -33
Time: 6.666478
Gen:153
0.648084,0.339903,0.0120135,0,21.9101,-2.11012e+07
13321
ratio: 0.000000 stable count: -32
Time: 7.047360
Gen:154
0.648084,0.339903,0.0120135,0,21.9101,-2.11012e+07
8630.66
ratio: 0.000000 stable count: -31
Time: 7.783315
Gen:155
0.648084,0.339903,0.0120135,0,21.9101,-2.11012e+07
8342.18
ratio: 0.000000 stable count: -30
Time: 7.792450
Gen:156
0.648084,0.339903,0.0120135,0,21.9101,-2.11012e+07
7908.9
ratio: 0.000000 stable count: -29
Time: 8.174660
Gen:157
0.648084,0.339903,0.0120135,0,21.9101,-2.11012e+07
13494.4
ratio: 0.000000 stable count: -28
Time: 7.428755
Gen:158
0.648084,0.339903,0.0120135,0,21.9101,-2.11012e+07
3536.7
ratio: 0.000000 stable count: -27
Time: 7.802316
Gen:159
0.648084,0.339903,0.0120135,0,21.9101,-2.11012e+07
4928.1
ratio: 0.000000 stable count: -26
Time: 6.677218
Gen:160
0.648084,0.339903,0.0120135,0,21.9101,-2.11012e+07
12715.4
ratio: 0.000000 stable count: -25
Time: 8.176080
Gen:161
0.648084,0.339903,0.0120135,0,21.9101,-2.11012e+07
9286.82
ratio: 0.000000 stable count: -24
Time: 7.801937
Gen:162
0.648084,0.339903,0.0120135,0,21.9101,-2.11012e+07
9672.54
ratio: 0.000000 stable count: -23
Time: 8.172480
Gen:163
0.648084,0.339903,0.0120135,0,21.9101,-2.11012e+07
3073.73
ratio: 0.000000 stable count: -22
Time: 8.163808
Gen:164
0.648084,0.339903,0.0120135,0,21.9101,-2.11012e+07
5770.72
ratio: 0.000000 stable count: -21
Time: 7.792544
Gen:165
0.648084,0.339903,0.0120135,0,21.9101,-2.11012e+07
7046.09
ratio: 0.000000 stable count: -20
Time: 7.052920
Gen:166
0.648084,0.339903,0.0120135,0,21.9101,-2.11012e+07
10112.7
ratio: 0.000000 stable count: -19
Time: 6.691622
Gen:167
0.648084,0.339903,0.0120135,0,21.9101,-2.11012e+07
9985.22
ratio: 0.000000 stable count: -18
Time: 7.793679
Gen:168
0.648084,0.339903,0.0120135,0,21.9101,-2.11012e+07
7946
ratio: 0.000000 stable count: -17
Time: 6.311772
Gen:169
0.648084,0.339903,0.0120135,0,21.9101,-2.11012e+07
12815.2
ratio: 0.000000 stable count: -16
Time: 7.790235
Gen:170
0.648084,0.339903,0.0120135,0,21.9101,-2.11012e+07
14045.3
ratio: 0.000000 stable count: -15
Time: 6.682915
Gen:171
0.648084,0.339903,0.0120135,0,21.9101,-2.11012e+07
7352.96
ratio: 0.000000 stable count: -14
Time: 7.034776
Gen:172
0.648084,0.339903,0.0120135,0,21.9101,-2.11012e+07
7719.95
ratio: 0.000000 stable count: -13
Time: 7.424458
Gen:173
0.648084,0.339903,0.0120135,0,21.9101,-2.11012e+07
14143.6
ratio: 0.000000 stable count: -12
Time: 7.049011
Gen:174
0.648084,0.339903,0.0120135,0,21.9101,-2.11012e+07
9150.63
ratio: 0.000000 stable count: -11
Time: 8.163257
Gen:175
0.648084,0.339903,0.0120135,0,21.9101,-2.11012e+07
14124
ratio: 0.000000 stable count: -10
Time: 6.675564
Gen:176
0.648084,0.339903,0.0120135,0,21.9101,-2.11012e+07
10561.5
ratio: 0.000000 stable count: -9
Time: 7.795213
Gen:177
0.648084,0.339903,0.0120135,0,21.9101,-2.11012e+07
8680.91
ratio: 0.000000 stable count: -8
Time: 7.792671
Gen:178
0.648084,0.339903,0.0120135,0,21.9101,-2.11012e+07
14459.9
ratio: 0.000000 stable count: -7
Time: 7.069313
Gen:179
0.648084,0.339903,0.0120135,0,21.9101,-2.11012e+07
11606.4
ratio: 0.000000 stable count: -6
Time: 7.805251
Gen:180
0.648084,0.339903,0.0120135,0,21.9101,-2.11012e+07
5717.49
ratio: 0.000000 stable count: -5
Time: 7.794054
Gen:181
0.648084,0.339903,0.0120135,0,21.9101,-2.11012e+07
16205.6
ratio: 0.000000 stable count: -4
Time: 7.054033
Gen:182
0.648084,0.339903,0.0120135,0,21.9101,-2.11012e+07
6161.23
ratio: 0.000000 stable count: -3
Time: 8.166328
Gen:183
0.648084,0.339903,0.0120135,0,21.9101,-2.11012e+07
12594.4
ratio: 0.000000 stable count: -2
Time: 6.326685
Gen:184
0.648084,0.339903,0.0120135,0,21.9101,-2.11012e+07
5331.47
ratio: 0.000000 stable count: -1
Time: 7.817114
Gen:185
0.648084,0.339903,0.0120135,0,21.9101,-2.11012e+07
6057.65
ratio: 0.000000 stable count: 0
Time: 6.692637
Gen:186
0.648084,0.339903,0.0120135,0,21.9101,-2.11012e+07
10412.3
ratio: 0.000000 stable count: 1
Time: 6.687735
Gen:187
0.648084,0.339903,0.0120135,0,21.9101,-2.11012e+07
9401.42
ratio: 0.000000 stable count: 2
Time: 7.420222
Gen:188
0.648084,0.339903,0.0120135,0,21.9101,-2.11012e+07
6126.48
ratio: 0.000000 stable count: 3
Time: 7.430447
Gen:189
0.648084,0.339903,0.0120135,0,21.9101,-2.11012e+07
6186.96
ratio: 0.000000 stable count: 4
Time: 7.061518
Gen:190
0.648084,0.339903,0.0120135,0,21.9101,-2.11012e+07
12213.3
ratio: 0.000000 stable count: 5
Time: 8.182052
Gen:191
0.648084,0.339903,0.0120135,0,21.9101,-2.11012e+07
10860.1
ratio: 0.000000 stable count: 6
Time: 7.068771
Gen:192
0.648084,0.339903,0.0120135,0,21.9101,-2.11012e+07
8327.97
ratio: 0.000000 stable count: 7
Time: 7.824342
Gen:193
0.648084,0.339903,0.0120135,0,21.9101,-2.11012e+07
16681
ratio: 0.000000 stable count: 8
Time: 7.436259
Gen:194
0.648084,0.339903,0.0120135,0,21.9101,-2.11012e+07
18687.9
ratio: 0.000000 stable count: 9
Time: 7.821136
Gen:195
0.648084,0.339903,0.0120135,0,21.9101,-2.11012e+07
12286.3
ratio: 0.000000 stable count: 10
Time: 8.193597
Gen:196
0.648084,0.339903,0.0120135,0,21.9101,-2.11012e+07
14107.2
ratio: 0.000000 stable count: 11
Time: 7.819126
Gen:197
0.648084,0.339903,0.0120135,0,21.9101,-2.11012e+07
7349.77
ratio: 0.000000 stable count: 12
Time: 7.822910
Gen:198
0.648084,0.339903,0.0120135,0,21.9101,-2.11012e+07
9968.48
ratio: 0.000000 stable count: 13
Time: 7.814510
Gen:199
0.648084,0.339903,0.0120135,0,21.9101,-2.11012e+07
10396.3
ratio: 0.000000 stable count: 14
Time: 7.824171
Gen:200
0.648084,0.339903,0.0120135,0,21.9101,-2.11012e+07
4102.82
ratio: 0.000000 stable count: 15
Time: 7.449588
Gen:201
0.648084,0.339903,0.0120135,0,21.9101,-2.11012e+07
7835.2
ratio: 0.000000 stable count: 16
Time: 7.452642
Gen:202
0.648084,0.339903,0.0120135,0,21.9101,-2.11012e+07
9592.53
ratio: 0.000000 stable count: 17
Time: 7.079627
Gen:203
0.648084,0.339903,0.0120135,0,21.9101,-2.11012e+07
6008.73
ratio: 0.000000 stable count: 18
Time: 7.454836
Gen:204
0.648084,0.339903,0.0120135,0,21.9101,-2.11012e+07
7540.74
ratio: 0.000000 stable count: 19
Time: 7.822199
Gen:205
0.648084,0.339903,0.0120135,0,21.9101,-2.11012e+07
24689.9
FINAL Population size
25
Best : -2.11012e+07   30:49-26-1-16-10-20-33-22-36-41-57-51-64-58-33-22-19-29-23-50-43-20-52-8-56-28-10-17-44-14- ,  30:65-18-19-3-38-22-33-20-43-50-23-69-38-36-41-35-6-21-62-26-8-51-34-45-36-38-66-48-66-54- ,  30:68-11-15-30-63-6-47-40-4-25-57-41-36-54-65-18-69-0-69-18-67-27-12-40-47-6-21-62-30-42- ,  30:13-22-38-69-23-50-17-59-11-1-16-10-52-64-58-45-36-38-69-0-2-14-61-17-59-1-49-15-42-62- ,  30:37-18-19-22-33-20-17-9-11-1-26-8-51-41-27-67-5-54-66-69-23-50-17-59-1-49-42-24-21-30- ,  30:56-6-47-7-46-40-12-41-36-38-66-48-39-65-19-22-33-58-51-56-8-52-20-13-22-19-38-66-3-0- ,  30:60-44-61-43-13-33-58-41-12-40-46-7-4-25-34-58-33-50-2-14-61-17-20-52-64-58-34-25-4-53- ,  30:67-37-5-65-32-18-19-22-33-43-20-55-16-26-62-21-6-35-41-36-19-29-3-0-2-14-61-43-13-50- ,  30:13-20-55-8-51-34-58-33-50-0-69-18-37-67-27-67-65-19-22-13-43-61-60-14-2-23-29-48-39-32- ,  30:37-32-54-36-45-41-25-4-53-47-6-35-58-33-50-0-69-18-5-65-39-48-29-23-50-17-59-1-49-42- ,  30:60-44-14-2-0-69-18-37-67-27-67-18-39-48-69-23-50-33-20-55-16-10-17-50-23-29-69-3-66-19- ,  30:26-16-10-17-44-61-43-33-58-35-34-25-27-41-51-8-26-30-63-6-56-28-10-52-64-35-57-25-4-7- ,  30:65-37-67-27-41-51-8-26-49-42-62-21-6-47-40-46-7-4-25-27-41-35-6-21-62-49-1-68-59-10- ,  30:38-18-54-36-41-51-8-26-49-15-30-63-6-35-6-63-24-30-26-1-68-9-17-20-13-22-19-18-39-48- ,  30:39-32-54-36-45-58-64-52-55-17-60-14-2-0-50-17-10-16-26-30-15-11-31-1-49-42-62-24-63-21- , 

0.648084
0.339903
0.0120135
0
21.9101
-2.11012e+07
Initial : -2.24321e+07
0.461797
0.491535
0.0461122
0.000555507
23.2664

-----------------------------------------
Iteration:0 started

Gen:0
0.471573,0.49085,0.0368348,0.000742406,23.0842,-2.22651e+07
445780
Time: 5.764020
Gen:1
0.4784,0.485061,0.0358691,0.000669723,23.0788,-2.22566e+07
350216
Time: 6.712941
Gen:2
0.478732,0.485279,0.0353707,0.000617806,23.0734,-2.22491e+07
79511
Time: 5.540970
Gen:3
0.487839,0.479464,0.0320792,0.000617806,23.0226,-2.22002e+07
13251.1
Time: 6.534330
Gen:4
0.488244,0.479059,0.0320065,0.000690489,23.0087,-2.21901e+07
19178.2
Time: 6.535078
Gen:5
0.49315,0.477357,0.0290784,0.000415332,23.0083,-2.21774e+07
19046.9
Time: 4.599692
Gen:6
0.494915,0.476391,0.0282062,0.000488015,22.9881,-2.21612e+07
11065.3
Time: 6.947412
Gen:7
0.502567,0.470763,0.0262542,0.000415332,22.9613,-2.21322e+07
16446.2
Time: 5.666892
Gen:8
0.503844,0.470114,0.025626,0.000415332,22.949,-2.21204e+07
32441.5
Time: 6.394417
Gen:9
0.511814,0.46445,0.0237362,0,22.8952,-2.205e+07
10749.9
Time: 4.390075
Gen:10
0.511814,0.46445,0.0237362,0,22.8952,-2.205e+07
30777.8
ratio: 0.000000 stable count: -9
Time: 7.074496
Gen:11
0.511523,0.464741,0.0237362,0,22.886,-2.20412e+07
13832.9
Time: 6.775196
Gen:12
0.516751,0.462607,0.020642,0,22.8588,-2.2015e+07
12310.8
Time: 6.802989
Gen:13
0.520432,0.458926,0.020642,0,22.8329,-2.199e+07
18172.8
Time: 6.841165
Gen:14
0.523256,0.458085,0.0186588,0,22.8048,-2.1963e+07
18699.3
Time: 6.232943
Gen:15
0.523256,0.458085,0.0186588,0,22.8048,-2.1963e+07
39822.5
ratio: 0.000000 stable count: -12
Time: 7.610831
Gen:16
0.525468,0.457395,0.0171376,0,22.7998,-2.19582e+07
11027.6
Time: 5.901070
Gen:17
0.52742,0.455739,0.0168417,0,22.7914,-2.19501e+07
11510.5
Time: 6.968479
Gen:18
0.528946,0.454212,0.0168417,0,22.7837,-2.19427e+07
12950.7
Time: 6.998764
Gen:19
0.529351,0.453807,0.0168417,0,22.7707,-2.19301e+07
11004.6
Time: 6.676054
Gen:20
0.530846,0.452977,0.0161772,0,22.7501,-2.19103e+07
41489.8
Time: 7.424149
Gen:21
0.530846,0.452977,0.0161772,0,22.7501,-2.19103e+07
14067
ratio: 0.000000 stable count: -16
Time: 7.438113
Gen:22
0.534252,0.449156,0.0165925,0,22.7465,-2.19068e+07
9926.08
Time: 7.438695
Gen:23
0.531319,0.45184,0.0168417,0,22.7443,-2.19047e+07
12682.2
Time: 7.108743
Gen:24
0.531319,0.45184,0.0168417,0,22.7443,-2.19047e+07
11766.1
ratio: 0.000000 stable count: -17
Time: 6.771037
Gen:25
0.531724,0.451435,0.0168417,0,22.7293,-2.18902e+07
17595.7
Time: 7.499339
Gen:26
0.531724,0.451435,0.0168417,0,22.7293,-2.18902e+07
11219.7
ratio: 0.000000 stable count: -17
Time: 7.141271
Gen:27
0.533354,0.449805,0.0168417,0,22.7271,-2.18881e+07
10818.4
Time: 7.164308
Gen:28
0.544215,0.439001,0.0167846,0,22.6701,-2.18332e+07
13244.3
Time: 7.540330
Gen:29
0.547818,0.435398,0.0167846,0,22.6609,-2.18244e+07
32765.4
Time: 6.809262
Gen:30
0.548067,0.435803,0.0161305,0,22.6582,-2.18218e+07
15903.7
Time: 6.485725
Gen:31
0.551031,0.433113,0.0158553,0,22.6464,-2.18104e+07
3922.54
Time: 6.818439
Gen:32
0.556483,0.426079,0.0172103,0.000228433,22.6313,-2.18061e+07
17472.8
Time: 7.201771
Gen:33
0.550969,0.434157,0.0148741,0,22.6375,-2.18018e+07
17143.4
Time: 7.574270
Gen:34
0.559068,0.423493,0.0172103,0.000228433,22.6237,-2.17988e+07
70704.7
Time: 7.211778
Gen:35
0.554172,0.430954,0.0148741,0,22.6132,-2.17784e+07
19951.7
Time: 6.857379
Gen:36
0.554172,0.430954,0.0148741,0,22.6132,-2.17784e+07
8514.4
ratio: 0.000000 stable count: -25
Time: 6.891379
Gen:37
0.555351,0.429775,0.0148741,0,22.6082,-2.17736e+07
12063.1
Time: 6.550840
Gen:38
0.559992,0.42543,0.0145782,0,22.5868,-2.1753e+07
17327.1
Time: 7.657025
Gen:39
0.559992,0.42543,0.0145782,0,22.5868,-2.1753e+07
15039.3
ratio: 0.000000 stable count: -26
Time: 6.566944
Gen:40
0.559992,0.42543,0.0145782,0,22.5852,-2.17514e+07
18208.5
Time: 6.977963
Gen:41
0.561228,0.424194,0.0145782,0,22.585,-2.17513e+07
16528.5
ratio: 0.000007 stable count: -26
Time: 7.724245
Gen:42
0.561228,0.424194,0.0145782,0,22.585,-2.17513e+07
11954.7
ratio: 0.000000 stable count: -25
Time: 6.991691
Gen:43
0.561228,0.424194,0.0145782,0,22.585,-2.17513e+07
12307.7
ratio: 0.000000 stable count: -24
Time: 8.112131
Gen:44
0.561228,0.424194,0.0145782,0,22.585,-2.17513e+07
10127.3
ratio: 0.000000 stable count: -23
Time: 7.747688
Gen:45
0.561228,0.424194,0.0145782,0,22.585,-2.17513e+07
13216.6
ratio: 0.000000 stable count: -22
Time: 6.973709
Gen:46
0.561228,0.424194,0.0145782,0,22.585,-2.17513e+07
16260.5
ratio: 0.000000 stable count: -21
Time: 7.345163
Gen:47
0.561228,0.423665,0.0151077,0,22.5734,-2.17401e+07
18807.8
Time: 6.617638
Gen:48
0.561228,0.423665,0.0151077,0,22.5734,-2.17401e+07
16786.6
ratio: 0.000000 stable count: -21
Time: 7.363883
Gen:49
0.561228,0.423665,0.0151077,0,22.5734,-2.17401e+07
9908.56
ratio: 0.000000 stable count: -20
Time: 7.007122
Gen:50
0.56225,0.422642,0.0151077,0,22.5682,-2.17351e+07
13269.9
Time: 7.739413
Gen:51
0.56225,0.422642,0.0151077,0,22.5682,-2.17351e+07
4799.44
ratio: 0.000000 stable count: -20
Time: 7.743930
Gen:52
0.56225,0.422642,0.0151077,0,22.5682,-2.17351e+07
16998.6
ratio: 0.000000 stable count: -19
Time: 7.005559
Gen:53
0.563964,0.42164,0.0143964,0,22.5617,-2.17288e+07
8527.59
Time: 8.121662
Gen:54
0.563964,0.42164,0.0143964,0,22.5617,-2.17288e+07
9546.3
ratio: 0.000000 stable count: -19
Time: 7.748704
Gen:55
0.563964,0.42164,0.0143964,0,22.5617,-2.17288e+07
9282.35
ratio: 0.000000 stable count: -18
Time: 7.378894
Gen:56
0.564306,0.421297,0.0143964,0,22.5557,-2.1723e+07
13882.8
Time: 7.380274
Gen:57
0.564306,0.421297,0.0143964,0,22.5557,-2.1723e+07
12695.3
ratio: 0.000000 stable count: -18
Time: 7.805688
Gen:58
0.564306,0.421297,0.0143964,0,22.5557,-2.1723e+07
17280.2
ratio: 0.000000 stable count: -17
Time: 7.805818
Gen:59
0.564831,0.421302,0.0138669,0,22.5505,-2.1718e+07
13830.1
Time: 7.087922
Gen:60
0.564831,0.421302,0.0138669,0,22.5505,-2.1718e+07
13473.4
ratio: 0.000000 stable count: -17
Time: 6.719097
Gen:61
0.564831,0.421302,0.0138669,0,22.5505,-2.1718e+07
16905.2
ratio: 0.000000 stable count: -16
Time: 8.281534
Gen:62
0.564831,0.421302,0.0138669,0,22.5505,-2.1718e+07
16107.6
ratio: 0.000000 stable count: -15
Time: 7.473095
Gen:63
0.562344,0.423966,0.0136904,0,22.5488,-2.17164e+07
10630.5
Time: 7.835115
Gen:64
0.562344,0.423966,0.0136904,0,22.5488,-2.17164e+07
48821.9
ratio: 0.000000 stable count: -15
Time: 6.400028
Gen:65
0.562484,0.423826,0.0136904,0,22.5481,-2.17157e+07
61881.1
Time: 7.888654
Gen:66
0.562484,0.423826,0.0136904,0,22.5481,-2.17157e+07
12197.7
ratio: 0.000000 stable count: -15
Time: 7.482112
Gen:67
0.562484,0.423826,0.0136904,0,22.5481,-2.17157e+07
12155.8
ratio: 0.000000 stable count: -14
Time: 6.777984
Gen:68
0.562484,0.423826,0.0136904,0,22.5481,-2.17157e+07
18085.5
ratio: 0.000000 stable count: -13
Time: 7.147144
Gen:69
0.562484,0.423826,0.0136904,0,22.5481,-2.17157e+07
11060.9
ratio: 0.000000 stable count: -12
Time: 7.481130
Gen:70
0.562484,0.423826,0.0136904,0,22.5481,-2.17157e+07
11859.7
ratio: 0.000000 stable count: -11
Time: 7.535071
Gen:71
0.562484,0.423826,0.0136904,0,22.5481,-2.17157e+07
11318
ratio: 0.000000 stable count: -10
Time: 7.105135
Gen:72
0.562484,0.423826,0.0136904,0,22.5481,-2.17157e+07
20502
ratio: 0.000000 stable count: -9
Time: 7.112709
Gen:73
0.562484,0.423826,0.0136904,0,22.5481,-2.17157e+07
10315.5
ratio: 0.000000 stable count: -8
Time: 7.109204
Gen:74
0.562484,0.423826,0.0136904,0,22.5481,-2.17157e+07
17060.6
ratio: 0.000000 stable count: -7
Time: 7.475521
Gen:75
0.562484,0.423826,0.0136904,0,22.5481,-2.17157e+07
10814.6
ratio: 0.000000 stable count: -6
Time: 8.207114
Gen:76
0.562484,0.423826,0.0136904,0,22.5481,-2.17157e+07
8480.12
ratio: 0.000000 stable count: -5
Time: 8.214535
Gen:77
0.562484,0.423826,0.0136904,0,22.5481,-2.17157e+07
22511.9
ratio: 0.000000 stable count: -4
Time: 6.403895
Gen:78
0.562484,0.423826,0.0136904,0,22.5481,-2.17157e+07
11054.2
ratio: 0.000000 stable count: -3
Time: 7.867670
Gen:79
0.575728,0.411433,0.0128389,0,22.5237,-2.16923e+07
13079.1
Time: 7.495775
Gen:80
0.575728,0.411433,0.0128389,0,22.5237,-2.16923e+07
20433.7
ratio: 0.000000 stable count: -3
Time: 7.506292
Gen:81
0.575728,0.411433,0.0128389,0,22.5237,-2.16923e+07
10462.5
ratio: 0.000000 stable count: -2
Time: 6.714750
Gen:82
0.575728,0.411433,0.0128389,0,22.5237,-2.16923e+07
7143.09
ratio: 0.000000 stable count: -1
Time: 8.201415
Gen:83
0.577945,0.409216,0.0128389,0,22.5078,-2.16769e+07
9886.11
Time: 7.440645
Gen:84
0.577945,0.409216,0.0128389,0,22.5078,-2.16769e+07
15007.7
ratio: 0.000000 stable count: -1
Time: 7.461768
Gen:85
0.577945,0.409216,0.0128389,0,22.5078,-2.16769e+07
17469.3
ratio: 0.000000 stable count: 0
Time: 7.098886
Gen:86
0.577945,0.409216,0.0128389,0,22.5078,-2.16769e+07
10934.6
ratio: 0.000000 stable count: 1
Time: 7.100997
Gen:87
0.577945,0.409216,0.0128389,0,22.5078,-2.16769e+07
7315.34
ratio: 0.000000 stable count: 2
Time: 7.464606
Gen:88
0.580375,0.406278,0.0133477,0,22.5018,-2.16712e+07
16361
Time: 6.721101
Gen:89
0.580375,0.406278,0.0133477,0,22.5018,-2.16712e+07
8696.32
ratio: 0.000000 stable count: 2
Time: 7.088488
Gen:90
0.580375,0.406278,0.0133477,0,22.5018,-2.16712e+07
11206.4
ratio: 0.000000 stable count: 3
Time: 6.347615
Gen:91
0.580375,0.406278,0.0133477,0,22.5018,-2.16712e+07
12557
ratio: 0.000000 stable count: 4
Time: 8.211003
Gen:92
0.580375,0.406278,0.0133477,0,22.5018,-2.16712e+07
12243.9
ratio: 0.000000 stable count: 5
Time: 7.842991
Gen:93
0.580375,0.406278,0.0133477,0,22.5018,-2.16712e+07
11636.1
ratio: 0.000000 stable count: 6
Time: 7.089818
Gen:94
0.580375,0.406278,0.0133477,0,22.5018,-2.16712e+07
8438.05
ratio: 0.000000 stable count: 7
Time: 7.450964
Gen:95
0.580375,0.406278,0.0133477,0,22.5018,-2.16712e+07
11382.7
ratio: 0.000000 stable count: 8
Time: 7.850325
Gen:96
0.580375,0.406278,0.0133477,0,22.5018,-2.16712e+07
14926.4
ratio: 0.000000 stable count: 9
Time: 7.537266
Gen:97
0.577846,0.410301,0.0118525,0,22.4784,-2.16486e+07
13557.9
Time: 7.164914
Gen:98
0.577846,0.410301,0.0118525,0,22.4784,-2.16486e+07
22134.9
ratio: 0.000000 stable count: 9
Time: 7.167718
Gen:99
0.577846,0.410301,0.0118525,0,22.4784,-2.16486e+07
21263.7
ratio: 0.000000 stable count: 10
Time: 7.926944
Gen:100
0.577846,0.410301,0.0118525,0,22.4784,-2.16486e+07
11280.9
ratio: 0.000000 stable count: 11
Time: 8.294696
Gen:101
0.577846,0.410301,0.0118525,0,22.4784,-2.16486e+07
25592.7
ratio: 0.000000 stable count: 12
Time: 6.803080
Gen:102
0.577846,0.410301,0.0118525,0,22.4784,-2.16486e+07
8240.94
ratio: 0.000000 stable count: 13
Time: 7.932740
Gen:103
0.577846,0.410301,0.0118525,0,22.4784,-2.16486e+07
13941.5
ratio: 0.000000 stable count: 14
Time: 7.541466
Gen:104
0.577846,0.410301,0.0118525,0,22.4784,-2.16486e+07
20987.7
ratio: 0.000000 stable count: 15
Time: 8.287641
Gen:105
0.577846,0.410301,0.0118525,0,22.4784,-2.16486e+07
14441.1
ratio: 0.000000 stable count: 16
Time: 7.146738
Gen:106
0.577846,0.410301,0.0118525,0,22.4784,-2.16486e+07
17607.2
ratio: 0.000000 stable count: 17
Time: 7.538110
Gen:107
0.577846,0.410301,0.0118525,0,22.4784,-2.16486e+07
11187.7
ratio: 0.000000 stable count: 18
Time: 8.277679
Gen:108
0.587726,0.407757,0.00451674,0,22.4152,-2.15877e+07
11013.9
Time: 7.908744
Gen:109
0.587726,0.407757,0.00451674,0,22.4152,-2.15877e+07
97214.3
ratio: 0.000000 stable count: 18
Time: 7.512234
Gen:110
0.587726,0.407757,0.00451674,0,22.4152,-2.15877e+07
28057.9
ratio: 0.000000 stable count: 19
Time: 6.751481
Gen:111
0.601084,0.39443,0.00448559,0,22.3672,-2.15415e+07
9986.14
Time: 7.491901
Gen:112
0.601084,0.39443,0.00448559,0,22.3672,-2.15415e+07
27207.9
ratio: 0.000000 stable count: 19
Time: 7.896246
Gen:113
0.601229,0.395557,0.00321363,0,22.3592,-2.15338e+07
24373.8
Time: 7.528933
Gen:114
0.601229,0.395557,0.00321363,0,22.3592,-2.15338e+07
16347
ratio: 0.000000 stable count: 19
Time: 7.175494
Gen:115
0.601229,0.395557,0.00321363,0,22.3592,-2.15338e+07
19643.7
FINAL Population size
25
Best : -2.15338e+07   30:45-22-13-43-61-60-17-59-1-49-26-8-51-41-36-38-66-18-67-27-25-4-53-47-6-35-58-33-50-2- ,  30:69-66-29-19-22-33-20-17-9-11-1-16-55-17-20-33-58-34-58-33-50-2-14-61-17-20-52-64-35-57- ,  29:17-9-68-11-15-62-21-6-47-40-4-25-57-51-8-26-62-21-6-35-64-52-10-16-1-49-15-30-63- ,  30:19-36-41-51-56-8-52-64-51-34-25-4-7-40-12-41-36-38-69-23-2-50-17-10-28-56-6-47-53-46- ,  30:1-16-10-20-33-22-36-41-51-8-10-59-17-59-1-26-30-24-21-6-35-41-27-67-18-19-22-13-20-52- ,  30:31-1-16-10-52-64-58-33-50-0-2-14-61-17-60-14-2-0-69-18-67-27-12-40-47-6-21-62-30-24- ,  30:5-37-32-18-19-22-33-43-20-52-20-43-50-0-69-18-65-39-48-3-23-50-17-10-16-26-30-15-11-31- ,  30:20-10-55-8-51-34-58-41-12-25-34-51-8-26-49-9-11-15-30-63-6-47-6-35-58-33-50-2-14-44- ,  30:60-44-61-43-13-33-58-41-12-40-46-7-4-25-27-67-18-39-48-69-23-2-14-61-17-59-1-49-42-62- ,  30:39-32-54-36-45-41-12-4-53-47-6-47-40-46-7-4-25-34-25-27-67-37-32-18-66-48-39-65-5-54- ,  30:60-44-17-20-33-22-19-65-37-67-27-41-51-8-26-30-63-24-42-49-1-59-17-44-61-43-20-10-28-56- ,  30:68-59-10-52-64-58-35-6-63-30-26-1-31-9-16-10-52-64-58-45-36-38-69-0-2-14-61-43-13-22- ,  30:57-41-36-54-65-67-27-25-4-53-47-6-35-58-33-22-38-3-23-50-17-59-11-1-16-55-8-26-49-15- ,  30:45-22-19-69-23-3-38-36-45-58-64-52-55-8-28-56-51-41-36-54-18-67-27-67-18-19-22-13-43-61- ,  30:27-41-51-8-26-49-42-62-21-6-35-58-33-50-0-69-29-19-22-13-43-17-59-11-49-26-8-51-34-57- , 

0.601229
0.395557
0.00321363
0
22.3592
-2.15338e+07
Initial : -2.24321e+07
0.461797
0.491535
0.0461122
0.000555507
23.2664

-----------------------------------------
Iteration:0 started

Gen:0
0.471573,0.49085,0.0368348,0.000742406,23.0842,-2.22651e+07
445780
Time: 5.983182
Gen:1
0.47432,0.490678,0.034675,0.000327074,23.0455,-2.22094e+07
517580
Time: 5.856142
Gen:2
0.477175,0.487397,0.0347581,0.000669723,23.0147,-2.21949e+07
28895.9
Time: 6.850508
Gen:3
0.478151,0.486421,0.0346854,0.000742406,23.0076,-2.21914e+07
11964.2
Time: 5.895266
Gen:4
0.48071,0.483862,0.0347581,0.000669723,23.0034,-2.2184e+07
14374.6
Time: 6.235736
Gen:5
0.480139,0.484433,0.0346854,0.000742406,22.9926,-2.21769e+07
10092.7
Time: 6.274595
Gen:6
0.482034,0.482631,0.0346646,0.000669723,22.9789,-2.21605e+07
16197.2
Time: 5.951533
Gen:7
0.482367,0.483047,0.033969,0.000617806,22.9722,-2.21517e+07
16396.8
Time: 6.264242
Gen:8
0.49588,0.471179,0.0322713,0.000669723,22.9146,-2.20986e+07
18555.7
Time: 5.278637
Gen:9
0.50426,0.463485,0.0316639,0.000591848,22.8983,-2.20794e+07
30130.2
Time: 6.264133
Gen:10
0.497661,0.470706,0.030963,0.000669723,22.876,-2.20615e+07
17080.1
Time: 5.277698
Gen:11
0.513381,0.458584,0.0274431,0.000591848,22.8373,-2.20207e+07
15456.1
Time: 6.284885
Gen:12
0.51511,0.457426,0.0267941,0.000669723,22.791,-2.19797e+07
84817.1
Time: 6.328252
Gen:13
0.51511,0.457426,0.0267941,0.000669723,22.791,-2.19797e+07
277607
ratio: 0.000000 stable count: -12
Time: 6.023960
Gen:14
0.517457,0.455308,0.0265657,0.000669723,22.7823,-2.19713e+07
9898.29
Time: 6.390697
Gen:15
0.521823,0.450916,0.0265916,0.000669723,22.7594,-2.19492e+07
12956.7
Time: 6.094336
Gen:16
0.521823,0.450916,0.0265916,0.000669723,22.7594,-2.19492e+07
13158.5
ratio: 0.000000 stable count: -13
Time: 6.762481
Gen:17
0.522373,0.450942,0.0260154,0.000669723,22.7481,-2.19384e+07
17605.3
Time: 6.796253
Gen:18
0.522737,0.452078,0.0249303,0.000254391,22.7451,-2.19168e+07
9125.68
Time: 6.489831
Gen:19
0.527975,0.447157,0.0246136,0.000254391,22.7265,-2.1899e+07
16211.8
Time: 6.848574
Gen:20
0.528292,0.44684,0.0246136,0.000254391,22.7251,-2.18976e+07
15297.7
Time: 6.535844
Gen:21
0.529631,0.447873,0.0223189,0.000176516,22.711,-2.18805e+07
17432.4
Time: 6.551898
Gen:22
0.533722,0.442713,0.0233624,0.000202474,22.7032,-2.18742e+07
23075.5
Time: 6.197358
Gen:23
0.533722,0.442713,0.0233624,0.000202474,22.7032,-2.18742e+07
16016.6
ratio: 0.000000 stable count: -18
Time: 7.267840
Gen:24
0.535057,0.441674,0.0230665,0.000202474,22.7018,-2.18729e+07
16333.9
Time: 6.614256
Gen:25
0.53597,0.440761,0.0230665,0.000202474,22.6972,-2.18684e+07
5863.87
Time: 7.316901
Gen:26
0.536754,0.439977,0.0230665,0.000202474,22.6956,-2.18669e+07
14474.2
Time: 7.012466
Gen:27
0.537258,0.439473,0.0230665,0.000202474,22.6816,-2.18534e+07
12993
Time: 7.399110
Gen:28
0.536978,0.439754,0.0230665,0.000202474,22.6746,-2.18466e+07
15604.4
Time: 6.728404
Gen:29
0.536978,0.439754,0.0230665,0.000202474,22.6746,-2.18466e+07
14884.2
ratio: 0.000000 stable count: -22
Time: 7.438892
Gen:30
0.539283,0.437448,0.0230665,0.000202474,22.6652,-2.18376e+07
11105
Time: 6.760595
Gen:31
0.546888,0.432117,0.0209172,7.78747e-05,22.6346,-2.18025e+07
16098.5
Time: 7.482286
Gen:32
0.550543,0.428482,0.0208964,7.78747e-05,22.613,-2.17818e+07
52538.2
Time: 6.805993
Gen:33
0.554556,0.424469,0.0208964,7.78747e-05,22.6035,-2.17726e+07
11491.7
Time: 7.536070
Gen:34
0.55493,0.4245,0.0204914,7.78747e-05,22.6016,-2.17708e+07
8515.23
Time: 6.479526
Gen:35
0.55493,0.4245,0.0204914,7.78747e-05,22.6016,-2.17708e+07
11192.9
ratio: 0.000000 stable count: -26
Time: 7.900788
Gen:36
0.55493,0.4245,0.0204914,7.78747e-05,22.5993,-2.17686e+07
10105.3
Time: 7.543592
Gen:37
0.554993,0.425643,0.019287,7.78747e-05,22.5915,-2.17611e+07
6484.18
Time: 6.897116
Gen:38
0.555309,0.425326,0.019287,7.78747e-05,22.5909,-2.17605e+07
6950.96
Time: 7.730219
Gen:39
0.558045,0.42341,0.0184667,7.78747e-05,22.5892,-2.17588e+07
11319.4
Time: 7.043306
Gen:40
0.55817,0.423286,0.0184667,7.78747e-05,22.5818,-2.17517e+07
18821.2
Time: 7.016951
Gen:41
0.55817,0.423286,0.0184667,7.78747e-05,22.5818,-2.17517e+07
11665.4
ratio: 0.000000 stable count: -30
Time: 7.400890
Gen:42
0.55817,0.423286,0.0184667,7.78747e-05,22.5814,-2.17514e+07
13472.1
Time: 7.036500
Gen:43
0.558705,0.421655,0.0195621,7.78747e-05,22.5702,-2.17405e+07
11687.7
Time: 6.686408
Gen:44
0.558705,0.421655,0.0195621,7.78747e-05,22.5702,-2.17405e+07
10255.2
ratio: 0.000000 stable count: -31
Time: 7.481073
Gen:45
0.558705,0.421655,0.0195621,7.78747e-05,22.5634,-2.17339e+07
9022.3
Time: 7.122713
Gen:46
0.558705,0.421655,0.0195621,7.78747e-05,22.5634,-2.17339e+07
11965.9
ratio: 0.000000 stable count: -31
Time: 6.000355
Gen:47
0.558705,0.421655,0.0195621,7.78747e-05,22.5634,-2.17339e+07
8469.78
ratio: 0.000000 stable count: -30
Time: 8.250377
Gen:48
0.575432,0.405598,0.0188924,7.78747e-05,22.5041,-2.16769e+07
12848.4
Time: 8.270411
Gen:49
0.575432,0.405598,0.0188924,7.78747e-05,22.5041,-2.16769e+07
24046.3
ratio: 0.000000 stable count: -30
Time: 7.556645
Gen:50
0.57577,0.405577,0.0185757,7.78747e-05,22.4982,-2.16712e+07
19216
Time: 6.043920
Gen:51
0.57577,0.405577,0.0185757,7.78747e-05,22.4982,-2.16712e+07
13131.2
ratio: 0.000000 stable count: -30
Time: 6.813819
Gen:52
0.57577,0.405577,0.0185757,7.78747e-05,22.4982,-2.16712e+07
10730.5
ratio: 0.000000 stable count: -29
Time: 6.811051
Gen:53
0.57577,0.405577,0.0185757,7.78747e-05,22.4982,-2.16712e+07
15258.1
ratio: 0.000000 stable count: -28
Time: 7.189401
Gen:54
0.57577,0.405577,0.0185757,7.78747e-05,22.4982,-2.16712e+07
12844.7
ratio: 0.000000 stable count: -27
Time: 6.794658
Gen:55
0.57577,0.405577,0.0185757,7.78747e-05,22.4982,-2.16712e+07
5694.47
ratio: 0.000000 stable count: -26
Time: 6.794177
Gen:56
0.57577,0.405577,0.0185757,7.78747e-05,22.4982,-2.16712e+07
10847.3
ratio: 0.000000 stable count: -25
Time: 7.550379
Gen:57
0.580587,0.404165,0.0152479,0,22.4789,-2.16491e+07
9225.78
Time: 8.291992
Gen:58
0.580587,0.404165,0.0152479,0,22.4789,-2.16491e+07
14598.2
ratio: 0.000000 stable count: -25
Time: 7.578370
Gen:59
0.580987,0.40267,0.0163433,0,22.4644,-2.16352e+07
12240.2
Time: 7.185570
Gen:60
0.580987,0.40267,0.0163433,0,22.4644,-2.16352e+07
9380.05
ratio: 0.000000 stable count: -25
Time: 6.066810
Gen:61
0.580987,0.40267,0.0163433,0,22.4644,-2.16352e+07
12447.7
ratio: 0.000000 stable count: -24
Time: 8.340779
Gen:62
0.580987,0.40267,0.0163433,0,22.4644,-2.16352e+07
10933.2
ratio: 0.000000 stable count: -23
Time: 7.606048
Gen:63
0.580987,0.40267,0.0163433,0,22.4644,-2.16352e+07
10063.1
ratio: 0.000000 stable count: -22
Time: 7.976422
Gen:64
0.580987,0.40267,0.0163433,0,22.4644,-2.16352e+07
9727.36
ratio: 0.000000 stable count: -21
Time: 7.974084
Gen:65
0.580987,0.40267,0.0163433,0,22.4644,-2.16352e+07
14541.5
ratio: 0.000000 stable count: -20
Time: 7.618796
Gen:66
0.580987,0.40267,0.0163433,0,22.4644,-2.16352e+07
10243.4
ratio: 0.000000 stable count: -19
Time: 6.073872
Gen:67
0.580987,0.40267,0.0163433,0,22.4644,-2.16352e+07
10205
ratio: 0.000000 stable count: -18
Time: 7.603693
Gen:68
0.580987,0.40267,0.0163433,0,22.4644,-2.16352e+07
18492.1
ratio: 0.000000 stable count: -17
Time: 7.981549
Gen:69
0.580987,0.40267,0.0163433,0,22.4644,-2.16352e+07
11360.6
ratio: 0.000000 stable count: -16
Time: 8.337155
Gen:70
0.580987,0.40267,0.0163433,0,22.4644,-2.16352e+07
3577.11
ratio: 0.000000 stable count: -15
Time: 7.588974
Gen:71
0.580987,0.40267,0.0163433,0,22.4644,-2.16352e+07
9443.42
ratio: 0.000000 stable count: -14
Time: 7.606149
Gen:72
0.580987,0.40267,0.0163433,0,22.4644,-2.16352e+07
13671.6
ratio: 0.000000 stable count: -13
Time: 7.976515
Gen:73
0.580987,0.40267,0.0163433,0,22.4644,-2.16352e+07
11129.9
ratio: 0.000000 stable count: -12
Time: 7.215201
Gen:74
0.580987,0.40267,0.0163433,0,22.4644,-2.16352e+07
11753.8
ratio: 0.000000 stable count: -11
Time: 7.959707
Gen:75
0.580987,0.40267,0.0163433,0,22.4644,-2.16352e+07
7745.18
ratio: 0.000000 stable count: -10
Time: 7.580887
Gen:76
0.580987,0.40267,0.0163433,0,22.4644,-2.16352e+07
15599.9
ratio: 0.000000 stable count: -9
Time: 6.786502
Gen:77
0.580987,0.40267,0.0163433,0,22.4644,-2.16352e+07
12711.6
ratio: 0.000000 stable count: -8
Time: 6.796124
Gen:78
0.581963,0.402654,0.0153829,0,22.4578,-2.16288e+07
13316.4
Time: 6.813483
Gen:79
0.581963,0.402654,0.0153829,0,22.4578,-2.16288e+07
12729
ratio: 0.000000 stable count: -8
Time: 6.823348
Gen:80
0.581963,0.402654,0.0153829,0,22.4578,-2.16288e+07
7056.19
ratio: 0.000000 stable count: -7
Time: 6.832338
Gen:81
0.581963,0.402654,0.0153829,0,22.4578,-2.16288e+07
12141.4
ratio: 0.000000 stable count: -6
Time: 7.568280
Gen:82
0.581963,0.402654,0.0153829,0,22.4578,-2.16288e+07
8839.14
ratio: 0.000000 stable count: -5
Time: 7.580098
Gen:83
0.581963,0.402654,0.0153829,0,22.4578,-2.16288e+07
12037.1
ratio: 0.000000 stable count: -4
Time: 7.599718
Gen:84
0.581963,0.402654,0.0153829,0,22.4578,-2.16288e+07
8852.8
ratio: 0.000000 stable count: -3
Time: 7.954877
Gen:85
0.581963,0.402654,0.0153829,0,22.4578,-2.16288e+07
15511.6
ratio: 0.000000 stable count: -2
Time: 7.953587
Gen:86
0.581963,0.402654,0.0153829,0,22.4578,-2.16288e+07
9416.64
ratio: 0.000000 stable count: -1
Time: 7.961650
Gen:87
0.583251,0.400634,0.0161149,0,22.4575,-2.16285e+07
6033.67
Time: 7.959524
Gen:88
0.583251,0.400634,0.0161149,0,22.4575,-2.16285e+07
12403.8
ratio: 0.000000 stable count: -1
Time: 7.209276
Gen:89
0.583251,0.400634,0.0161149,0,22.4575,-2.16285e+07
23450.3
ratio: 0.000000 stable count: 0
Time: 7.585008
Gen:90
0.583251,0.400634,0.0161149,0,22.4575,-2.16285e+07
6159.1
ratio: 0.000000 stable count: 1
Time: 8.343136
Gen:91
0.582856,0.402026,0.0151181,0,22.4564,-2.16275e+07
14547.1
Time: 7.967529
Gen:92
0.582856,0.402026,0.0151181,0,22.4564,-2.16275e+07
11896.2
ratio: 0.000000 stable count: 1
Time: 8.341311
Gen:93
0.582856,0.402026,0.0151181,0,22.4564,-2.16275e+07
11880
ratio: 0.000000 stable count: 2
Time: 7.206732
Gen:94
0.582955,0.402026,0.0150194,0,22.4563,-2.16274e+07
10916.5
ratio: 0.000004 stable count: 3
Time: 7.591090
Gen:95
0.582955,0.402026,0.0150194,0,22.4563,-2.16274e+07
13086.2
ratio: 0.000000 stable count: 4
Time: 7.607346
Gen:96
0.582955,0.402026,0.0150194,0,22.4563,-2.16274e+07
22063.2
ratio: 0.000000 stable count: 5
Time: 7.223688
Gen:97
0.582955,0.402026,0.0150194,0,22.4563,-2.16274e+07
15866.8
ratio: 0.000000 stable count: 6
Time: 7.976611
Gen:98
0.582955,0.402026,0.0150194,0,22.4563,-2.16274e+07
20534.9
ratio: 0.000000 stable count: 7
Time: 6.848207
Gen:99
0.582955,0.402026,0.0150194,0,22.4563,-2.16274e+07
12562.8
ratio: 0.000000 stable count: 8
Time: 7.230550
Gen:100
0.582955,0.402026,0.0150194,0,22.4563,-2.16274e+07
10564.2
ratio: 0.000000 stable count: 9
Time: 6.088643
Gen:101
0.582955,0.402026,0.0150194,0,22.4563,-2.16274e+07
8616.91
ratio: 0.000000 stable count: 10
Time: 7.606781
Gen:102
0.582955,0.402026,0.0150194,0,22.4563,-2.16274e+07
13837.1
ratio: 0.000000 stable count: 11
Time: 7.993247
Gen:103
0.582955,0.402026,0.0150194,0,22.4563,-2.16274e+07
4678.87
ratio: 0.000000 stable count: 12
Time: 7.611942
Gen:104
0.582955,0.402026,0.0150194,0,22.4563,-2.16274e+07
13975.1
ratio: 0.000000 stable count: 13
Time: 8.342540
Gen:105
0.582955,0.402026,0.0150194,0,22.4563,-2.16274e+07
15626.7
ratio: 0.000000 stable count: 14
Time: 6.835051
Gen:106
0.582955,0.402026,0.0150194,0,22.4563,-2.16274e+07
16046.2
ratio: 0.000000 stable count: 15
Time: 7.212809
Gen:107
0.583837,0.40363,0.0125326,0,22.4425,-2.16141e+07
22222.4
Time: 6.826484
Gen:108
0.583837,0.40363,0.0125326,0,22.4425,-2.16141e+07
23332.2
ratio: 0.000000 stable count: 15
Time: 7.998829
Gen:109
0.583837,0.40363,0.0125326,0,22.4425,-2.16141e+07
12092.4
ratio: 0.000000 stable count: 16
Time: 7.996280
Gen:110
0.583837,0.40363,0.0125326,0,22.4425,-2.16141e+07
16741.7
ratio: 0.000000 stable count: 17
Time: 7.625628
Gen:111
0.583837,0.40363,0.0125326,0,22.4425,-2.16141e+07
17774.9
ratio: 0.000000 stable count: 18
Time: 8.006426
Gen:112
0.583837,0.40363,0.0125326,0,22.4425,-2.16141e+07
13388.1
ratio: 0.000000 stable count: 19
Time: 7.989540
Gen:113
0.583837,0.40363,0.0125326,0,22.4425,-2.16141e+07
13850.5
FINAL Population size
25
Best : -2.16141e+07   30:49-26-1-16-10-20-33-22-36-45-58-64-52-55-17-60-14-2-0-69-23-2-50-17-10-28-56-6-47-53- ,  30:66-54-5-18-37-65-67-27-25-4-53-47-6-35-58-33-22-38-3-23-50-17-59-11-1-16-55-8-26-49- ,  30:68-11-15-62-21-6-47-40-4-25-57-51-8-26-30-63-24-42-49-1-59-17-59-11-49-26-8-51-34-35- ,  30:19-36-41-51-56-8-52-20-43-50-0-69-18-65-39-48-3-23-50-17-59-17-44-61-17-59-1-49-62-24- ,  30:45-22-19-69-23-3-38-36-41-51-8-10-59-17-20-33-58-34-25-4-53-47-6-35-58-33-50-2-14-44- ,  30:31-1-26-8-51-41-12-4-53-47-6-35-58-33-50-0-69-29-19-22-13-43-17-44-61-17-59-1-49-15- ,  30:67-65-5-32-18-19-22-33-43-20-52-64-51-34-25-4-25-34-58-33-50-2-14-61-17-20-52-64-35-57- ,  30:55-8-51-34-58-33-20-17-9-11-1-16-10-52-64-58-45-36-38-69-23-50-17-10-16-26-30-15-11-31- ,  30:60-44-61-43-13-33-58-41-12-40-46-7-4-25-27-67-18-39-48-69-18-67-27-12-40-47-6-21-62-30- ,  30:5-37-32-54-36-45-41-12-25-34-58-64-52-10-16-9-49-62-21-6-35-64-52-10-16-1-49-15-30-63- ,  30:61-60-17-59-1-49-26-8-51-41-36-38-66-18-67-27-25-27-67-37-32-18-66-48-39-65-5-54-19-69- ,  30:68-59-10-52-64-58-35-6-63-30-26-1-31-9-16-55-8-28-56-51-41-36-54-18-67-27-12-40-46-53- ,  30:58-45-34-57-41-36-54-65-54-19-22-33-50-0-2-14-61-17-59-1-26-30-24-21-6-47-40-7-4-53- ,  30:14-61-60-44-17-20-33-22-19-65-37-67-27-41-51-8-26-62-21-6-35-41-27-67-18-19-22-13-43-61- ,  30:67-27-41-51-8-26-49-42-62-21-6-47-40-46-7-4-7-40-12-41-36-38-69-0-2-14-61-43-13-50- , 

0.583837
0.40363
0.0125326
0
22.4425
-2.16141e+07
All Run Best : -2.11012e+07   30:49-26-1-16-10-20-33-22-36-41-57-51-64-58-33-22-19-29-23-50-43-20-52-8-56-28-10-17-44-14- ,  30:65-18-19-3-38-22-33-20-43-50-23-69-38-36-41-35-6-21-62-26-8-51-34-45-36-38-66-48-66-54- ,  30:68-11-15-30-63-6-47-40-4-25-57-41-36-54-65-18-69-0-69-18-67-27-12-40-47-6-21-62-30-42- ,  30:13-22-38-69-23-50-17-59-11-1-16-10-52-64-58-45-36-38-69-0-2-14-61-17-59-1-49-15-42-62- ,  30:37-18-19-22-33-20-17-9-11-1-26-8-51-41-27-67-5-54-66-69-23-50-17-59-1-49-42-24-21-30- ,  30:56-6-47-7-46-40-12-41-36-38-66-48-39-65-19-22-33-58-51-56-8-52-20-13-22-19-38-66-3-0- ,  30:60-44-61-43-13-33-58-41-12-40-46-7-4-25-34-58-33-50-2-14-61-17-20-52-64-58-34-25-4-53- ,  30:67-37-5-65-32-18-19-22-33-43-20-55-16-26-62-21-6-35-41-36-19-29-3-0-2-14-61-43-13-50- ,  30:13-20-55-8-51-34-58-33-50-0-69-18-37-67-27-67-65-19-22-13-43-61-60-14-2-23-29-48-39-32- ,  30:37-32-54-36-45-41-25-4-53-47-6-35-58-33-50-0-69-18-5-65-39-48-29-23-50-17-59-1-49-42- ,  30:60-44-14-2-0-69-18-37-67-27-67-18-39-48-69-23-50-33-20-55-16-10-17-50-23-29-69-3-66-19- ,  30:26-16-10-17-44-61-43-33-58-35-34-25-27-41-51-8-26-30-63-6-56-28-10-52-64-35-57-25-4-7- ,  30:65-37-67-27-41-51-8-26-49-42-62-21-6-47-40-46-7-4-25-27-41-35-6-21-62-49-1-68-59-10- ,  30:38-18-54-36-41-51-8-26-49-15-30-63-6-35-6-63-24-30-26-1-68-9-17-20-13-22-19-18-39-48- ,  30:39-32-54-36-45-58-64-52-55-17-60-14-2-0-50-17-10-16-26-30-15-11-31-1-49-42-62-24-63-21- , 

0.648084
0.339903
0.0120135
0
21.9101
-2.11012e+07
