routeSetSize:15,pSwap:0.0666667,popSize:25,elite:2,pSm:0.3,pDelete:0.4,tFit:10,maxGen:300,run:5,stableCount:20,e:0.7,minGen:1,minFitnessRatio:1e-05,minRouteLength:10,maxRouteLength:30,maxIter:1,beta:0.8,beta:0.8, OpATT19.2695
minRputeSize: 10 maxRouteSize: 30
Initial : -2.24321e+07
0.461797
0.491535
0.0461122
0.000555507
23.2664

-----------------------------------------
Iteration:0 started

Gen:0
0.471573,0.49085,0.0368348,0.000742406,23.0842,-2.22651e+07
445780
Time: 6.017916
Gen:1
0.47231,0.490113,0.0368348,0.000742406,23.082,-2.2263e+07
408242
Time: 5.901836
Gen:2
0.486795,0.478006,0.0345297,0.000669723,23.0239,-2.22038e+07
16074.3
Time: 5.949665
Gen:3
0.485829,0.484339,0.0292394,0.000591848,23.0033,-2.21805e+07
60863.6
Time: 4.949569
Gen:4
0.489079,0.482818,0.0275106,0.000591848,22.9844,-2.21624e+07
72733.7
Time: 4.928428
Gen:5
0.495128,0.476786,0.027495,0.000591848,22.9495,-2.21288e+07
13059.4
Time: 4.927747
Gen:6
0.494847,0.477232,0.0273288,0.000591848,22.9415,-2.2121e+07
262666
Time: 5.603903
Gen:7
0.495984,0.476095,0.0273288,0.000591848,22.9392,-2.21188e+07
4151.39
Time: 4.633188
Gen:8
0.509213,0.463152,0.0270952,0.000539932,22.909,-2.20874e+07
9647.13
Time: 5.642002
Gen:9
0.511388,0.461678,0.0268097,0.0001246,22.8993,-2.20595e+07
13399.2
Time: 5.971321
Gen:10
0.521538,0.454685,0.0236532,0.0001246,22.8374,-2.19999e+07
25822.5
Time: 5.639977
Gen:11
0.523863,0.456471,0.0195414,0.0001246,22.7744,-2.19393e+07
38462.3
Time: 7.320939
Gen:12
0.523863,0.456471,0.0195414,0.0001246,22.7744,-2.19393e+07
33263.1
ratio: 0.000000 stable count: -11
Time: 6.343962
Gen:13
0.523521,0.458973,0.0173816,0.0001246,22.7605,-2.19259e+07
14268.3
Time: 6.400817
Gen:14
0.535005,0.447354,0.0175166,0.0001246,22.7262,-2.18928e+07
20196.7
Time: 6.404744
Gen:15
0.532591,0.450163,0.0171221,0.0001246,22.7254,-2.18921e+07
68983.4
Time: 5.358518
Gen:16
0.538519,0.443549,0.017932,0,22.7033,-2.18652e+07
3108.37
Time: 6.374769
Gen:17
0.538519,0.443549,0.017932,0,22.7033,-2.18652e+07
14014.6
ratio: 0.000000 stable count: -14
Time: 5.364490
Gen:18
0.541053,0.441555,0.017392,0,22.6762,-2.18392e+07
14159.2
Time: 5.371676
Gen:19
0.551794,0.431815,0.01639,0,22.6308,-2.17954e+07
9133.42
Time: 5.048079
Gen:20
0.551597,0.432314,0.0160889,0,22.6205,-2.17854e+07
57653.2
Time: 6.736635
Gen:21
0.562858,0.421292,0.0158501,0,22.574,-2.17407e+07
17557.9
Time: 7.075766
Gen:22
0.563678,0.422278,0.0140434,0,22.558,-2.17252e+07
19623
Time: 5.402572
Gen:23
0.569555,0.416931,0.0135139,0,22.5298,-2.16982e+07
34248.2
Time: 5.017702
Gen:24
0.569804,0.416988,0.0132076,0,22.5236,-2.16922e+07
17420.3
Time: 4.406234
Gen:25
0.569804,0.416988,0.0132076,0,22.5236,-2.16922e+07
6576.25
ratio: 0.000000 stable count: -20
Time: 6.747773
Gen:26
0.569804,0.416988,0.0132076,0,22.5236,-2.16922e+07
28918.6
ratio: 0.000000 stable count: -19
Time: 7.186057
Gen:27
0.569804,0.416988,0.0132076,0,22.5236,-2.16922e+07
10528.1
ratio: 0.000000 stable count: -18
Time: 6.153019
Gen:28
0.570645,0.416074,0.0132802,0,22.5198,-2.16885e+07
4548.68
Time: 7.188711
Gen:29
0.573106,0.413614,0.0132802,0,22.5008,-2.16702e+07
10200.2
Time: 4.805943
Gen:30
0.586428,0.397488,0.0160318,5.19165e-05,22.4852,-2.16575e+07
14817
Time: 5.531833
Gen:31
0.589164,0.394285,0.0164991,5.19165e-05,22.4736,-2.16463e+07
24905.6
Time: 6.258618
Gen:32
0.589569,0.39388,0.0164991,5.19165e-05,22.47,-2.16428e+07
7653.24
Time: 6.627816
Gen:33
0.578547,0.408495,0.0129584,0,22.4658,-2.16365e+07
31258.7
Time: 5.963384
Gen:34
0.578646,0.408469,0.0128857,0,22.4645,-2.16352e+07
29148
Time: 3.866413
Gen:35
0.578952,0.40809,0.0129584,0,22.4622,-2.1633e+07
13606
Time: 6.335080
Gen:36
0.578952,0.40809,0.0129584,0,22.4622,-2.1633e+07
16014.1
ratio: 0.000000 stable count: -25
Time: 6.310947
Gen:37
0.587337,0.398438,0.0142251,0,22.4557,-2.16268e+07
4974.51
Time: 5.975513
Gen:38
0.588463,0.398407,0.0131297,0,22.427,-2.15991e+07
39701.8
Time: 6.348467
Gen:39
0.588463,0.398407,0.0131297,0,22.427,-2.15991e+07
14902.7
ratio: 0.000000 stable count: -26
Time: 6.004349
Gen:40
0.588463,0.398407,0.0131297,0,22.427,-2.15991e+07
4276.82
ratio: 0.000000 stable count: -25
Time: 5.293336
Gen:41
0.588463,0.398407,0.0131297,0,22.427,-2.15991e+07
12656.6
ratio: 0.000000 stable count: -24
Time: 5.631375
Gen:42
0.59447,0.392286,0.0132439,0,22.4076,-2.15804e+07
31209.3
Time: 5.297133
Gen:43
0.592492,0.393989,0.0135191,0,22.4028,-2.15758e+07
48065.2
Time: 5.648782
Gen:44
0.591365,0.395583,0.0130518,0,22.4005,-2.15736e+07
14539.8
Time: 5.757595
Gen:45
0.593733,0.392821,0.0134464,0,22.3891,-2.15626e+07
3930.35
Time: 5.083918
Gen:46
0.593733,0.392821,0.0134464,0,22.3891,-2.15626e+07
10405.9
ratio: 0.000000 stable count: -27
Time: 3.638468
Gen:47
0.593733,0.392821,0.0134464,0,22.3891,-2.15626e+07
757.604
ratio: 0.000000 stable count: -26
Time: 6.537871
Gen:48
0.594158,0.392395,0.0134464,0,22.3861,-2.15597e+07
1166.04
Time: 6.552101
Gen:49
0.594158,0.392395,0.0134464,0,22.3861,-2.15597e+07
1347.53
ratio: 0.000000 stable count: -26
Time: 7.640795
Gen:50
0.59705,0.391466,0.0114839,0,22.3744,-2.15484e+07
11515.8
Time: 6.545228
Gen:51
0.595057,0.392276,0.0126676,0,22.3729,-2.1547e+07
21268.4
Time: 6.555936
Gen:52
0.596567,0.390495,0.0129376,0,22.3683,-2.15426e+07
13152
Time: 6.218552
Gen:53
0.596567,0.390495,0.0129376,0,22.3683,-2.15426e+07
8317.03
ratio: 0.000000 stable count: -28
Time: 5.842111
Gen:54
0.596567,0.390495,0.0129376,0,22.3683,-2.15426e+07
7794.12
ratio: 0.000000 stable count: -27
Time: 6.952302
Gen:55
0.596531,0.39144,0.0120291,0,22.364,-2.15384e+07
2602.51
Time: 7.313144
Gen:56
0.596147,0.3917,0.0121537,0,22.3607,-2.15353e+07
10502.2
Time: 5.126958
Gen:57
0.596147,0.3917,0.0121537,0,22.3607,-2.15353e+07
22011.8
ratio: 0.000000 stable count: -28
Time: 6.982821
Gen:58
0.596988,0.390859,0.0121537,0,22.3516,-2.15265e+07
7288.66
Time: 5.159856
Gen:59
0.597559,0.390287,0.0121537,0,22.3501,-2.15251e+07
17926
Time: 5.836904
Gen:60
0.598711,0.389644,0.0116449,0,22.3313,-2.15069e+07
20415.1
Time: 5.822170
Gen:61
0.59881,0.38967,0.0115203,0,22.331,-2.15066e+07
8329.16
Time: 7.299848
Gen:62
0.598504,0.389275,0.0122211,0,22.3229,-2.14989e+07
15458.7
Time: 5.858200
Gen:63
0.598602,0.389768,0.0116293,0,22.3226,-2.14986e+07
10043.1
Time: 5.888043
Gen:64
0.598602,0.389768,0.0116293,0,22.3226,-2.14986e+07
11752.1
ratio: 0.000000 stable count: -33
Time: 4.793125
Gen:65
0.596785,0.391544,0.0116708,0,22.317,-2.14932e+07
9177.73
Time: 6.658046
Gen:66
0.601717,0.387489,0.0107934,0,22.3045,-2.14811e+07
9060
Time: 6.302301
Gen:67
0.601717,0.387489,0.0107934,0,22.3045,-2.14811e+07
8702.14
ratio: 0.000000 stable count: -34
Time: 7.067358
Gen:68
0.601717,0.387489,0.0107934,0,22.3045,-2.14811e+07
7950.03
ratio: 0.000000 stable count: -33
Time: 7.081167
Gen:69
0.601717,0.387489,0.0107934,0,22.3045,-2.14811e+07
10959.7
ratio: 0.000000 stable count: -32
Time: 7.442950
Gen:70
0.601717,0.387489,0.0107934,0,22.3045,-2.14811e+07
7120.45
ratio: 0.000000 stable count: -31
Time: 6.707972
Gen:71
0.601852,0.387448,0.0107,0,22.3017,-2.14784e+07
5420.47
Time: 7.464369
Gen:72
0.601852,0.387448,0.0107,0,22.3017,-2.14784e+07
7073.5
ratio: 0.000000 stable count: -31
Time: 7.119002
Gen:73
0.601852,0.387448,0.0107,0,22.3017,-2.14784e+07
8465.46
ratio: 0.000000 stable count: -30
Time: 7.108631
Gen:74
0.609141,0.379634,0.0112243,0,22.2541,-2.14326e+07
6862.97
Time: 7.110455
Gen:75
0.609141,0.379634,0.0112243,0,22.2541,-2.14326e+07
15278.9
ratio: 0.000000 stable count: -30
Time: 4.862511
Gen:76
0.609141,0.379634,0.0112243,0,22.2541,-2.14326e+07
14146.6
ratio: 0.000000 stable count: -29
Time: 7.110568
Gen:77
0.609141,0.379634,0.0112243,0,22.2541,-2.14326e+07
4672.65
ratio: 0.000000 stable count: -28
Time: 6.728363
Gen:78
0.609141,0.379634,0.0112243,0,22.2541,-2.14326e+07
12981.2
ratio: 0.000000 stable count: -27
Time: 7.482019
Gen:79
0.610476,0.378206,0.0113178,0,22.2511,-2.14297e+07
14660.6
Time: 5.621091
Gen:80
0.610476,0.378206,0.0113178,0,22.2511,-2.14297e+07
7562.84
ratio: 0.000000 stable count: -27
Time: 6.758873
Gen:81
0.610476,0.378206,0.0113178,0,22.2511,-2.14297e+07
12860.8
ratio: 0.000000 stable count: -26
Time: 4.892776
Gen:82
0.61087,0.378404,0.0107259,0,22.2498,-2.14285e+07
18182.2
Time: 6.013433
Gen:83
0.61087,0.378404,0.0107259,0,22.2498,-2.14285e+07
5971.91
ratio: 0.000000 stable count: -26
Time: 6.415913
Gen:84
0.622001,0.369952,0.00804706,0,22.2136,-2.13936e+07
11418.3
Time: 6.804435
Gen:85
0.622001,0.369952,0.00804706,0,22.2136,-2.13936e+07
31185.9
ratio: 0.000000 stable count: -26
Time: 6.041444
Gen:86
0.622282,0.369671,0.00804706,0,22.2123,-2.13923e+07
8392.04
Time: 6.062635
Gen:87
0.622282,0.369671,0.00804706,0,22.2123,-2.13923e+07
7513.77
ratio: 0.000000 stable count: -26
Time: 5.697781
Gen:88
0.622282,0.369671,0.00804706,0,22.2123,-2.13923e+07
2925.74
ratio: 0.000000 stable count: -25
Time: 7.982240
Gen:89
0.618616,0.373659,0.00772517,0,22.1975,-2.1378e+07
10692.2
Time: 5.716961
Gen:90
0.624171,0.368192,0.00763692,0,22.1849,-2.13659e+07
12914.1
Time: 7.244831
Gen:91
0.624171,0.368192,0.00763692,0,22.1849,-2.13659e+07
7238.53
ratio: 0.000000 stable count: -26
Time: 6.487109
Gen:92
0.624171,0.36719,0.00863891,0,22.1831,-2.13642e+07
6242.18
Time: 6.887360
Gen:93
0.624171,0.36719,0.00863891,0,22.1831,-2.13642e+07
6709.42
ratio: 0.000000 stable count: -26
Time: 6.129787
Gen:94
0.624171,0.36719,0.00863891,0,22.1831,-2.13642e+07
10492.4
ratio: 0.000000 stable count: -25
Time: 6.524526
Gen:95
0.624171,0.36719,0.00863891,0,22.1831,-2.13642e+07
6232.71
ratio: 0.000000 stable count: -24
Time: 8.051443
Gen:96
0.624171,0.36719,0.00863891,0,22.1831,-2.13642e+07
9683.57
ratio: 0.000000 stable count: -23
Time: 6.896524
Gen:97
0.624171,0.36719,0.00863891,0,22.1831,-2.13642e+07
6604.77
ratio: 0.000000 stable count: -22
Time: 6.897705
Gen:98
0.624171,0.36719,0.00863891,0,22.1831,-2.13642e+07
7010.49
ratio: 0.000000 stable count: -21
Time: 7.292043
Gen:99
0.624171,0.36719,0.00863891,0,22.1831,-2.13642e+07
11214.5
ratio: 0.000000 stable count: -20
Time: 5.744162
Gen:100
0.624171,0.36719,0.00863891,0,22.1831,-2.13642e+07
10485.5
ratio: 0.000000 stable count: -19
Time: 6.881705
Gen:101
0.624171,0.36719,0.00863891,0,22.1831,-2.13642e+07
7868.12
ratio: 0.000000 stable count: -18
Time: 7.261805
Gen:102
0.624171,0.36719,0.00863891,0,22.1831,-2.13642e+07
8810.48
ratio: 0.000000 stable count: -17
Time: 7.641997
Gen:103
0.624171,0.36719,0.00863891,0,22.1831,-2.13642e+07
27290.2
ratio: 0.000000 stable count: -16
Time: 6.873814
Gen:104
0.624171,0.36719,0.00863891,0,22.1831,-2.13642e+07
12053.2
ratio: 0.000000 stable count: -15
Time: 6.474344
Gen:105
0.624171,0.36719,0.00863891,0,22.1831,-2.13642e+07
9717.04
ratio: 0.000000 stable count: -14
Time: 6.515698
Gen:106
0.624171,0.36719,0.00863891,0,22.1831,-2.13642e+07
14791.5
ratio: 0.000000 stable count: -13
Time: 5.743878
Gen:107
0.624171,0.36719,0.00863891,0,22.1831,-2.13642e+07
7027.39
ratio: 0.000000 stable count: -12
Time: 7.253776
Gen:108
0.622635,0.370642,0.00672319,0,22.1641,-2.13459e+07
10455
Time: 5.722418
Gen:109
0.622712,0.370564,0.00672319,0,22.1628,-2.13446e+07
12579.5
Time: 5.737411
Gen:110
0.622712,0.370564,0.00672319,0,22.1628,-2.13446e+07
9794.87
ratio: 0.000000 stable count: -13
Time: 6.146831
Gen:111
0.622712,0.370564,0.00672319,0,22.1628,-2.13446e+07
21975.3
ratio: 0.000000 stable count: -12
Time: 6.539600
Gen:112
0.622712,0.370564,0.00672319,0,22.1628,-2.13446e+07
15584.3
ratio: 0.000000 stable count: -11
Time: 5.756482
Gen:113
0.622712,0.370564,0.00672319,0,22.1628,-2.13446e+07
6437.41
ratio: 0.000000 stable count: -10
Time: 6.148144
Gen:114
0.622712,0.370564,0.00672319,0,22.1628,-2.13446e+07
17140.4
ratio: 0.000000 stable count: -9
Time: 7.308923
Gen:115
0.622712,0.370564,0.00672319,0,22.1628,-2.13446e+07
9731.64
ratio: 0.000000 stable count: -8
Time: 6.909438
Gen:116
0.622712,0.370564,0.00672319,0,22.1628,-2.13446e+07
4532.3
ratio: 0.000000 stable count: -7
Time: 6.540718
Gen:117
0.622712,0.370564,0.00672319,0,22.1628,-2.13446e+07
1208.7
ratio: 0.000000 stable count: -6
Time: 6.916218
Gen:118
0.622712,0.370564,0.00672319,0,22.1628,-2.13446e+07
9300.23
ratio: 0.000000 stable count: -5
Time: 4.996369
Gen:119
0.622712,0.370564,0.00672319,0,22.1628,-2.13446e+07
9245.11
ratio: 0.000000 stable count: -4
Time: 8.442201
Gen:120
0.622712,0.370564,0.00672319,0,22.1628,-2.13446e+07
10470.6
ratio: 0.000000 stable count: -3
Time: 5.760126
Gen:121
0.622712,0.370564,0.00672319,0,22.1628,-2.13446e+07
9107.79
ratio: 0.000000 stable count: -2
Time: 6.517917
Gen:122
0.622749,0.370653,0.00659859,0,22.1583,-2.13403e+07
13715.9
Time: 7.649006
Gen:123
0.622847,0.37084,0.00631305,0,22.158,-2.134e+07
13608.3
Time: 7.649617
Gen:124
0.621404,0.36963,0.00896598,0,22.1396,-2.13223e+07
8351.62
Time: 6.105184
Gen:125
0.621404,0.36963,0.00896598,0,22.1396,-2.13223e+07
17383.6
ratio: 0.000000 stable count: -4
Time: 4.204739
Gen:126
0.621404,0.36963,0.00896598,0,22.1396,-2.13223e+07
11780.4
ratio: 0.000000 stable count: -3
Time: 6.123345
Gen:127
0.621404,0.36963,0.00896598,0,22.1396,-2.13223e+07
1167.94
ratio: 0.000000 stable count: -2
Time: 6.860721
Gen:128
0.621404,0.36963,0.00896598,0,22.1396,-2.13223e+07
10484.9
ratio: 0.000000 stable count: -1
Time: 5.345843
Gen:129
0.621404,0.36963,0.00896598,0,22.1396,-2.13223e+07
7900.43
ratio: 0.000000 stable count: 0
Time: 7.642010
Gen:130
0.624088,0.366946,0.00896598,0,22.1293,-2.13124e+07
7223.26
Time: 6.113118
Gen:131
0.624088,0.366946,0.00896598,0,22.1293,-2.13124e+07
12471.8
ratio: 0.000000 stable count: 0
Time: 6.908094
Gen:132
0.624088,0.366946,0.00896598,0,22.1293,-2.13124e+07
27652.9
ratio: 0.000000 stable count: 1
Time: 6.510194
Gen:133
0.624088,0.366946,0.00896598,0,22.1293,-2.13124e+07
19444.1
ratio: 0.000000 stable count: 2
Time: 7.291751
Gen:134
0.626378,0.36488,0.00874274,0,22.1271,-2.13103e+07
58.1204
Time: 5.360936
Gen:135
0.627079,0.364485,0.00843643,0,22.1217,-2.13051e+07
5068.09
Time: 8.031243
Gen:136
0.627079,0.364485,0.00843643,0,22.1217,-2.13051e+07
10042.5
ratio: 0.000000 stable count: 1
Time: 4.978579
Gen:137
0.627079,0.364485,0.00843643,0,22.1217,-2.13051e+07
3234.51
ratio: 0.000000 stable count: 2
Time: 6.913349
Gen:138
0.627079,0.364485,0.00843643,0,22.1217,-2.13051e+07
6505.08
ratio: 0.000000 stable count: 3
Time: 7.288767
Gen:139
0.627079,0.364485,0.00843643,0,22.1217,-2.13051e+07
18553.1
ratio: 0.000000 stable count: 4
Time: 7.289530
Gen:140
0.627079,0.364485,0.00843643,0,22.1217,-2.13051e+07
11443.3
ratio: 0.000000 stable count: 5
Time: 6.527860
Gen:141
0.627079,0.364485,0.00843643,0,22.1217,-2.13051e+07
14651.5
ratio: 0.000000 stable count: 6
Time: 6.905214
Gen:142
0.627079,0.364485,0.00843643,0,22.1217,-2.13051e+07
14048.5
ratio: 0.000000 stable count: 7
Time: 6.513386
Gen:143
0.629384,0.362055,0.00856103,0,22.114,-2.12976e+07
11975.8
Time: 6.536818
Gen:144
0.629384,0.362055,0.00856103,0,22.114,-2.12976e+07
2831.39
ratio: 0.000000 stable count: 7
Time: 6.139306
Gen:145
0.629384,0.362055,0.00856103,0,22.114,-2.12976e+07
10566.6
ratio: 0.000000 stable count: 8
Time: 5.748488
Gen:146
0.629384,0.362055,0.00856103,0,22.114,-2.12976e+07
11070.5
ratio: 0.000000 stable count: 9
Time: 5.765213
Gen:147
0.629384,0.362055,0.00856103,0,22.114,-2.12976e+07
18147
ratio: 0.000000 stable count: 10
Time: 5.758353
Gen:148
0.629384,0.362055,0.00856103,0,22.114,-2.12976e+07
6261.68
ratio: 0.000000 stable count: 11
Time: 5.755027
Gen:149
0.629384,0.362055,0.00856103,0,22.114,-2.12976e+07
12936.5
ratio: 0.000000 stable count: 12
Time: 5.757686
Gen:150
0.629384,0.362055,0.00856103,0,22.114,-2.12976e+07
10626.9
ratio: 0.000000 stable count: 13
Time: 6.910136
Gen:151
0.629384,0.362055,0.00856103,0,22.114,-2.12976e+07
4840.52
ratio: 0.000000 stable count: 14
Time: 7.285949
Gen:152
0.629384,0.362055,0.00856103,0,22.114,-2.12976e+07
10842.4
ratio: 0.000000 stable count: 15
Time: 6.924441
Gen:153
0.629384,0.362055,0.00856103,0,22.114,-2.12976e+07
11552
ratio: 0.000000 stable count: 16
Time: 6.139032
Gen:154
0.629384,0.362055,0.00856103,0,22.114,-2.12976e+07
13020.3
ratio: 0.000000 stable count: 17
Time: 8.443820
Gen:155
0.629384,0.362055,0.00856103,0,22.114,-2.12976e+07
9936.31
ratio: 0.000000 stable count: 18
Time: 6.904920
Gen:156
0.629384,0.362055,0.00856103,0,22.114,-2.12976e+07
10241.7
ratio: 0.000000 stable count: 19
Time: 7.683193
Gen:157
0.629384,0.362055,0.00856103,0,22.114,-2.12976e+07
5454.82
FINAL Population size
25
Best : -2.12976e+07   30:49-1-9-68-59-10-52-64-58-41-12-40-46-7-4-25-34-58-33-50-2-14-61-17-10-28-56-6-47-53- ,  30:48-3-19-22-33-50-0-2-14-61-17-59-1-31-9-16-55-8-28-56-51-41-36-54-18-67-27-12-40-46- ,  30:49-1-16-10-20-33-22-36-45-58-64-52-55-17-60-14-2-0-69-18-67-27-12-40-47-6-21-62-30-42- ,  30:54-38-19-69-23-3-38-36-41-51-34-58-33-22-38-66-18-67-27-67-18-39-48-69-0-2-14-61-43-13- ,  30:45-22-19-36-41-12-4-53-47-6-35-58-33-50-0-69-29-19-22-13-43-17-59-11-49-26-8-51-34-45- ,  30:31-1-26-1-16-10-20-33-22-19-65-37-67-27-41-51-8-26-62-21-6-35-41-27-67-18-19-22-13-43- ,  30:65-32-54-36-45-41-51-56-8-51-41-36-38-3-23-50-17-59-11-1-16-55-8-26-49-26-8-51-34-45- ,  30:32-18-19-22-33-20-17-9-11-1-16-10-52-64-58-64-52-10-16-9-49-62-21-6-47-40-7-4-53-46- ,  30:44-61-43-13-33-43-20-52-64-51-8-10-59-17-20-33-58-34-25-27-67-37-32-18-66-48-39-65-5-54- ,  30:5-32-18-19-22-33-58-35-6-63-30-26-1-26-30-63-24-42-49-1-59-17-44-61-43-20-10-28-56-6- ,  30:6-56-28-8-26-8-51-41-12-25-34-25-4-7-40-12-41-36-38-69-23-2-50-17-10-16-26-30-15-42- ,  30:16-9-68-11-15-62-21-6-47-40-4-25-57-51-8-26-30-24-21-6-35-64-52-10-16-26-30-15-11-31- ,  30:34-57-41-36-54-65-67-27-25-4-53-47-6-35-58-45-36-38-69-23-2-50-17-20-52-64-35-57-51-8- ,  30:33-13-43-61-60-17-59-1-49-26-8-52-20-43-50-0-69-18-65-39-48-3-23-50-17-10-16-26-30-15- ,  30:12-27-41-51-8-26-49-42-62-21-6-47-40-46-7-4-25-27-67-18-39-48-69-0-2-14-61-43-13-50- , 

0.629384
0.362055
0.00856103
0
22.114
-2.12976e+07
Initial : -2.24321e+07
0.461797
0.491535
0.0461122
0.000555507
23.2664

-----------------------------------------
Iteration:0 started

Gen:0
0.471573,0.49085,0.0368348,0.000742406,23.0842,-2.22651e+07
445780
Time: 5.289567
Gen:1
0.473157,0.489266,0.0368348,0.000742406,23.0811,-2.2262e+07
343040
Time: 5.559008
Gen:2
0.474917,0.487953,0.0364661,0.000664531,23.0704,-2.22483e+07
9938.13
Time: 5.569596
Gen:3
0.483805,0.482055,0.0335225,0.000617806,23.0203,-2.2198e+07
8909.83
Time: 6.240804
Gen:4
0.48828,0.480596,0.030584,0.000539932,22.9955,-2.21707e+07
20799.3
Time: 4.268068
Gen:5
0.48828,0.480596,0.030584,0.000539932,22.9955,-2.21707e+07
14868.8
ratio: 0.000000 stable count: -4
Time: 6.548132
Gen:6
0.489863,0.479013,0.030584,0.000539932,22.9923,-2.21676e+07
4390.4
Time: 6.236799
Gen:7
0.503284,0.466195,0.0297326,0.000789131,22.9413,-2.21297e+07
6294.69
Time: 4.924729
Gen:8
0.503284,0.466195,0.0297326,0.000789131,22.9413,-2.21297e+07
25216.8
ratio: 0.000000 stable count: -5
Time: 5.571864
Gen:9
0.516621,0.456123,0.0263943,0.000861814,22.8624,-2.2057e+07
14897.6
Time: 5.593787
Gen:10
0.516621,0.456123,0.0263943,0.000861814,22.8624,-2.2057e+07
256726
ratio: 0.000000 stable count: -5
Time: 6.559587
Gen:11
0.514778,0.459113,0.0259115,0.000197283,22.8844,-2.20484e+07
24592.4
Time: 6.895475
Gen:12
0.52527,0.447972,0.0265605,0.000197283,22.8324,-2.19983e+07
3997.76
Time: 5.888267
Gen:13
0.52527,0.447972,0.0265605,0.000197283,22.8324,-2.19983e+07
39281.3
ratio: 0.000000 stable count: -6
Time: 5.598725
Gen:14
0.524917,0.449825,0.0251328,0.0001246,22.808,-2.19717e+07
37726
Time: 5.003681
Gen:15
0.526314,0.448455,0.0251068,0.0001246,22.8011,-2.19649e+07
13419
Time: 6.040468
Gen:16
0.526755,0.447406,0.0257142,0.0001246,22.793,-2.19571e+07
16907.6
Time: 6.080026
Gen:17
0.525379,0.451051,0.0234455,0.0001246,22.7579,-2.19234e+07
24466.3
Time: 6.511268
Gen:18
0.535763,0.441654,0.0224591,0.0001246,22.7179,-2.18849e+07
209777
Time: 5.836945
Gen:19
0.535924,0.441586,0.0223656,0.0001246,22.7067,-2.18741e+07
19444.4
Time: 5.826357
Gen:20
0.536765,0.440745,0.0223656,0.0001246,22.6982,-2.18659e+07
15603.2
Time: 5.853332
Gen:21
0.538519,0.43925,0.022106,0.0001246,22.6924,-2.18603e+07
22234.9
Time: 4.827340
Gen:22
0.538519,0.43925,0.022106,0.0001246,22.6924,-2.18603e+07
36157.7
ratio: 0.000000 stable count: -13
Time: 6.887979
Gen:23
0.543888,0.435418,0.0206939,0,22.6729,-2.18359e+07
14773.5
Time: 7.237264
Gen:24
0.544505,0.434801,0.0206939,0,22.6661,-2.18294e+07
24895.3
Time: 6.924573
Gen:25
0.544505,0.434801,0.0206939,0,22.6661,-2.18294e+07
22608.3
ratio: 0.000000 stable count: -14
Time: 5.886547
Gen:26
0.548607,0.430699,0.0206939,0,22.6568,-2.18205e+07
8631.56
Time: 6.954168
Gen:27
0.548607,0.430699,0.0206939,0,22.6568,-2.18205e+07
13822.4
ratio: 0.000000 stable count: -14
Time: 5.924018
Gen:28
0.549147,0.430736,0.0201176,0,22.6424,-2.18066e+07
3925.18
Time: 6.293460
Gen:29
0.549931,0.429952,0.0201176,0,22.6347,-2.17991e+07
10932.7
Time: 7.364445
Gen:30
0.55113,0.428752,0.0201176,0,22.6229,-2.17877e+07
18165.6
Time: 5.996157
Gen:31
0.556176,0.429282,0.0145418,0,22.5827,-2.17491e+07
5402.31
Time: 5.995223
Gen:32
0.557012,0.429199,0.013789,0,22.5766,-2.17431e+07
17255.1
Time: 6.371009
Gen:33
0.558056,0.428155,0.013789,0,22.5614,-2.17285e+07
23064.2
Time: 5.673201
Gen:34
0.558056,0.428155,0.013789,0,22.5614,-2.17285e+07
10876.8
ratio: 0.000000 stable count: -19
Time: 6.760089
Gen:35
0.560174,0.426089,0.0137371,0,22.5464,-2.17141e+07
4876.4
Time: 5.361878
Gen:36
0.561004,0.425258,0.0137371,0,22.5402,-2.17082e+07
15694.4
Time: 6.444072
Gen:37
0.561004,0.425258,0.0137371,0,22.5402,-2.17082e+07
20098.2
ratio: 0.000000 stable count: -20
Time: 7.202046
Gen:38
0.560833,0.42543,0.0137371,0,22.5265,-2.16949e+07
2939.98
Time: 5.761521
Gen:39
0.560833,0.42543,0.0137371,0,22.5265,-2.16949e+07
11335.4
ratio: 0.000000 stable count: -20
Time: 6.874088
Gen:40
0.56142,0.424843,0.0137371,0,22.5156,-2.16844e+07
7053.75
Time: 6.172832
Gen:41
0.562053,0.42421,0.0137371,0,22.5124,-2.16813e+07
17772.8
Time: 6.546900
Gen:42
0.561518,0.425393,0.0130881,0,22.5122,-2.16812e+07
23246.2
ratio: 0.000007 stable count: -21
Time: 7.312751
Gen:43
0.562707,0.424205,0.0130881,0,22.509,-2.16781e+07
23082.2
Time: 5.572180
Gen:44
0.563076,0.423836,0.0130881,0,22.5083,-2.16774e+07
15895.6
Time: 6.015716
Gen:45
0.563325,0.423587,0.0130881,0,22.5023,-2.16716e+07
17513.6
Time: 5.092741
Gen:46
0.563164,0.423748,0.0130881,0,22.5001,-2.16695e+07
9834.13
Time: 5.177847
Gen:47
0.563533,0.423379,0.0130881,0,22.4994,-2.16688e+07
17100.1
Time: 6.389124
Gen:48
0.563782,0.42313,0.0130881,0,22.4933,-2.1663e+07
782.431
Time: 5.257872
Gen:49
0.563782,0.42313,0.0130881,0,22.4933,-2.1663e+07
11133.3
ratio: 0.000000 stable count: -26
Time: 4.908689
Gen:50
0.563782,0.42313,0.0130881,0,22.4933,-2.1663e+07
3411.98
ratio: 0.000000 stable count: -25
Time: 4.427768
Gen:51
0.565781,0.421131,0.0130881,0,22.4715,-2.16419e+07
10500.3
Time: 6.497725
Gen:52
0.565781,0.421131,0.0130881,0,22.4715,-2.16419e+07
11674.6
ratio: 0.000000 stable count: -25
Time: 6.491797
Gen:53
0.567234,0.419693,0.0130726,0,22.4664,-2.16371e+07
3388.93
Time: 5.029524
Gen:54
0.567234,0.419693,0.0130726,0,22.4664,-2.16371e+07
6445.96
ratio: 0.000000 stable count: -25
Time: 6.776985
Gen:55
0.567234,0.419693,0.0130726,0,22.4664,-2.16371e+07
7480.3
ratio: 0.000000 stable count: -24
Time: 5.446674
Gen:56
0.567234,0.419693,0.0130726,0,22.4664,-2.16371e+07
18937
ratio: 0.000000 stable count: -23
Time: 5.963926
Gen:57
0.567234,0.419693,0.0130726,0,22.4664,-2.16371e+07
6201.69
ratio: 0.000000 stable count: -22
Time: 6.878338
Gen:58
0.567234,0.419693,0.0130726,0,22.4664,-2.16371e+07
8546.45
ratio: 0.000000 stable count: -21
Time: 5.124266
Gen:59
0.567234,0.419693,0.0130726,0,22.4664,-2.16371e+07
5484.66
ratio: 0.000000 stable count: -20
Time: 5.887205
Gen:60
0.567234,0.419693,0.0130726,0,22.4664,-2.16371e+07
8252.36
ratio: 0.000000 stable count: -19
Time: 4.891265
Gen:61
0.567234,0.419693,0.0130726,0,22.4664,-2.16371e+07
10134.6
ratio: 0.000000 stable count: -18
Time: 7.502759
Gen:62
0.567603,0.419324,0.0130726,0,22.4657,-2.16364e+07
13491.6
Time: 7.514026
Gen:63
0.567603,0.419324,0.0130726,0,22.4657,-2.16364e+07
19084.3
ratio: 0.000000 stable count: -18
Time: 5.107915
Gen:64
0.567603,0.419324,0.0130726,0,22.4657,-2.16364e+07
9599.26
ratio: 0.000000 stable count: -17
Time: 6.420063
Gen:65
0.567603,0.419324,0.0130726,0,22.4657,-2.16364e+07
8381.46
ratio: 0.000000 stable count: -16
Time: 5.155516
Gen:66
0.567603,0.419324,0.0130726,0,22.4657,-2.16364e+07
2906.88
ratio: 0.000000 stable count: -15
Time: 5.848743
Gen:67
0.567603,0.419324,0.0130726,0,22.4657,-2.16364e+07
10506.9
ratio: 0.000000 stable count: -14
Time: 5.281058
Gen:68
0.577794,0.409907,0.012299,0,22.4134,-2.15861e+07
11864.8
Time: 6.548350
Gen:69
0.577794,0.409907,0.012299,0,22.4134,-2.15861e+07
16459.2
ratio: 0.000000 stable count: -14
Time: 6.092205
Gen:70
0.577794,0.409907,0.012299,0,22.4134,-2.15861e+07
20775.1
ratio: 0.000000 stable count: -13
Time: 6.025202
Gen:71
0.577794,0.409907,0.012299,0,22.4134,-2.15861e+07
16700.3
ratio: 0.000000 stable count: -12
Time: 6.843864
Gen:72
0.578635,0.408666,0.0126988,0,22.4131,-2.15857e+07
16633.4
Time: 4.909723
Gen:73
0.578635,0.408666,0.0126988,0,22.4131,-2.15857e+07
5841.48
ratio: 0.000000 stable count: -12
Time: 4.134405
Gen:74
0.578635,0.408666,0.0126988,0,22.4131,-2.15857e+07
9322.33
ratio: 0.000000 stable count: -11
Time: 5.057979
Gen:75
0.578635,0.408666,0.0126988,0,22.4131,-2.15857e+07
5793.48
ratio: 0.000000 stable count: -10
Time: 3.208792
Gen:76
0.578635,0.408666,0.0126988,0,22.4131,-2.15857e+07
8317.5
ratio: 0.000000 stable count: -9
Time: 5.546927
Gen:77
0.578635,0.408666,0.0126988,0,22.4131,-2.15857e+07
11922.7
ratio: 0.000000 stable count: -8
Time: 4.294581
Gen:78
0.578692,0.408609,0.0126988,0,22.4129,-2.15855e+07
9394.79
ratio: 0.000008 stable count: -7
Time: 3.932746
Gen:79
0.578635,0.409118,0.0122471,0,22.408,-2.15808e+07
9380.79
Time: 5.332624
Gen:80
0.578692,0.408609,0.0126988,0,22.4062,-2.15791e+07
4712.04
Time: 5.476325
Gen:81
0.578692,0.408609,0.0126988,0,22.4062,-2.15791e+07
11250.9
ratio: 0.000000 stable count: -8
Time: 5.576083
Gen:82
0.578692,0.408609,0.0126988,0,22.4062,-2.15791e+07
5341.34
ratio: 0.000000 stable count: -7
Time: 4.670481
Gen:83
0.579232,0.408069,0.0126988,0,22.4035,-2.15765e+07
5999.99
Time: 4.363238
Gen:84
0.583422,0.403879,0.0126988,0,22.3872,-2.15608e+07
5578.16
Time: 6.773507
Gen:85
0.583422,0.403879,0.0126988,0,22.3872,-2.15608e+07
9127.58
ratio: 0.000000 stable count: -8
Time: 3.277470
Gen:86
0.583422,0.403879,0.0126988,0,22.3872,-2.15608e+07
4374.6
ratio: 0.000000 stable count: -7
Time: 6.021706
Gen:87
0.583422,0.403879,0.0126988,0,22.3872,-2.15608e+07
4433.99
ratio: 0.000000 stable count: -6
Time: 5.635035
Gen:88
0.583422,0.403879,0.0126988,0,22.3872,-2.15608e+07
6469.43
ratio: 0.000000 stable count: -5
Time: 4.586141
Gen:89
0.583422,0.403879,0.0126988,0,22.3872,-2.15608e+07
7081.33
ratio: 0.000000 stable count: -4
Time: 3.428043
Gen:90
0.583422,0.403879,0.0126988,0,22.3872,-2.15608e+07
13430.7
ratio: 0.000000 stable count: -3
Time: 3.371961
Gen:91
0.583422,0.403879,0.0126988,0,22.3872,-2.15608e+07
6922.73
ratio: 0.000000 stable count: -2
Time: 4.536421
Gen:92
0.583422,0.403879,0.0126988,0,22.3872,-2.15608e+07
8224.41
ratio: 0.000000 stable count: -1
Time: 5.076421
Gen:93
0.583422,0.403879,0.0126988,0,22.3872,-2.15608e+07
11383.2
ratio: 0.000000 stable count: 0
Time: 3.505599
Gen:94
0.583422,0.403879,0.0126988,0,22.3872,-2.15608e+07
12490.6
ratio: 0.000000 stable count: 1
Time: 4.796611
Gen:95
0.583422,0.403879,0.0126988,0,22.3872,-2.15608e+07
9969.39
ratio: 0.000000 stable count: 2
Time: 4.938865
Gen:96
0.583422,0.403879,0.0126988,0,22.3872,-2.15608e+07
9513.48
ratio: 0.000000 stable count: 3
Time: 5.765382
Gen:97
0.583422,0.403879,0.0126988,0,22.3872,-2.15608e+07
9957.68
ratio: 0.000000 stable count: 4
Time: 4.938384
Gen:98
0.583422,0.403879,0.0126988,0,22.3872,-2.15608e+07
17060
ratio: 0.000000 stable count: 5
Time: 4.983078
Gen:99
0.583422,0.403879,0.0126988,0,22.3872,-2.15608e+07
9352.43
ratio: 0.000000 stable count: 6
Time: 4.583529
Gen:100
0.583422,0.403879,0.0126988,0,22.3872,-2.15608e+07
10587
ratio: 0.000000 stable count: 7
Time: 4.391357
Gen:101
0.587035,0.400894,0.0120706,0,22.3644,-2.15388e+07
9199.62
Time: 4.483550
Gen:102
0.587035,0.400894,0.0120706,0,22.3644,-2.15388e+07
13274.6
ratio: 0.000000 stable count: 7
Time: 3.462954
Gen:103
0.587035,0.400894,0.0120706,0,22.3644,-2.15388e+07
23878.2
ratio: 0.000000 stable count: 8
Time: 4.888912
Gen:104
0.587035,0.400894,0.0120706,0,22.3644,-2.15388e+07
15808.3
ratio: 0.000000 stable count: 9
Time: 4.447812
Gen:105
0.587035,0.400894,0.0120706,0,22.3644,-2.15388e+07
12378.2
ratio: 0.000000 stable count: 10
Time: 4.767283
Gen:106
0.587035,0.400894,0.0120706,0,22.3644,-2.15388e+07
15357.6
ratio: 0.000000 stable count: 11
Time: 4.763433
Gen:107
0.587035,0.400894,0.0120706,0,22.3644,-2.15388e+07
10562.7
ratio: 0.000000 stable count: 12
Time: 3.260047
Gen:108
0.587035,0.400894,0.0120706,0,22.3644,-2.15388e+07
13386.9
ratio: 0.000000 stable count: 13
Time: 5.506190
Gen:109
0.587035,0.400894,0.0120706,0,22.3644,-2.15388e+07
10183.7
ratio: 0.000000 stable count: 14
Time: 4.879391
Gen:110
0.587035,0.400894,0.0120706,0,22.3644,-2.15388e+07
6110.01
ratio: 0.000000 stable count: 15
Time: 6.212832
Gen:111
0.587035,0.400894,0.0120706,0,22.3644,-2.15388e+07
7725.14
ratio: 0.000000 stable count: 16
Time: 5.175696
Gen:112
0.587035,0.400894,0.0120706,0,22.3644,-2.15388e+07
6992.5
ratio: 0.000000 stable count: 17
Time: 4.503043
Gen:113
0.587035,0.400894,0.0120706,0,22.3644,-2.15388e+07
7821.32
ratio: 0.000000 stable count: 18
Time: 3.860692
Gen:114
0.587035,0.400894,0.0120706,0,22.3644,-2.15388e+07
10711.8
ratio: 0.000000 stable count: 19
Time: 4.673386
Gen:115
0.587035,0.400894,0.0120706,0,22.3644,-2.15388e+07
15760.5
FINAL Population size
25
Best : -2.15388e+07   30:26-1-16-10-20-33-22-36-45-58-64-52-55-17-60-14-2-0-69-18-67-27-12-40-47-6-21-62-30-24- ,  30:18-66-3-19-22-33-20-17-9-11-1-16-10-52-64-58-45-36-38-69-0-2-14-61-17-59-1-49-42-24- ,  30:26-1-9-68-11-15-62-21-6-47-40-4-7-40-12-41-36-38-69-23-2-50-17-10-28-56-6-47-53-46- ,  30:66-19-36-45-41-12-4-53-47-6-35-58-33-50-0-69-29-19-22-13-43-17-59-11-49-15-30-15-11-31- ,  30:22-19-69-23-3-38-36-41-51-8-10-59-17-59-1-26-30-24-21-6-35-41-36-54-18-67-27-12-40-46- ,  30:31-1-26-8-51-41-12-40-46-7-4-25-27-67-18-39-48-69-23-50-17-10-16-1-49-26-8-51-34-57- ,  30:39-65-32-18-19-22-33-43-13-33-58-41-12-25-34-58-64-52-10-16-9-49-62-21-6-47-40-7-4-53- ,  30:20-55-8-51-34-58-33-50-0-2-14-61-17-20-33-58-34-25-4-53-47-6-35-58-33-50-2-14-44-61- ,  27:60-44-61-43-20-52-64-51-34-25-4-25-57-51-8-26-62-21-6-35-64-52-10-16-26-30-63- ,  30:32-54-36-41-51-56-8-52-20-43-50-0-69-18-65-39-48-3-23-50-17-59-11-1-16-55-8-26-49-15- ,  30:44-17-20-33-22-19-65-37-67-27-41-51-8-26-30-63-24-42-49-1-59-17-44-61-43-20-10-28-56-6- ,  30:49-11-68-59-10-52-64-58-35-6-63-30-26-1-31-9-16-55-8-28-56-51-41-27-67-18-19-22-13-43- ,  30:57-41-36-54-65-67-27-25-4-53-47-6-35-58-33-22-38-3-23-2-14-61-17-20-52-64-35-57-34-45- ,  30:13-43-61-60-17-59-1-49-26-8-51-41-36-38-66-18-67-27-25-27-67-37-32-18-66-48-39-65-5-54- ,  30:37-67-27-41-51-8-26-49-42-62-21-6-47-40-46-7-4-25-34-58-33-50-2-14-61-17-20-52-64-51- , 

0.587035
0.400894
0.0120706
0
22.3644
-2.15388e+07
Initial : -2.24321e+07
0.461797
0.491535
0.0461122
0.000555507
23.2664

-----------------------------------------
Iteration:0 started

Gen:0
0.471573,0.49085,0.0368348,0.000742406,23.0842,-2.22651e+07
445780
Time: 3.973262
Gen:1
0.471573,0.490756,0.0370009,0.000669723,23.0858,-2.22634e+07
198321
Time: 4.334733
Gen:2
0.491758,0.474008,0.0336159,0.000617806,22.9806,-2.21598e+07
263839
Time: 5.111916
Gen:3
0.494473,0.473312,0.0315964,0.000617806,22.9358,-2.21167e+07
60017
Time: 3.121657
Gen:4
0.508179,0.466221,0.0249822,0.000617806,22.8247,-2.20097e+07
31305.2
Time: 4.256249
Gen:5
0.508943,0.465457,0.0249822,0.000617806,22.8209,-2.20061e+07
63220.6
Time: 4.898038
Gen:6
0.527025,0.451798,0.0206368,0.000539932,22.7581,-2.19422e+07
27001.8
Time: 3.937708
Gen:7
0.527025,0.451798,0.0206368,0.000539932,22.7581,-2.19422e+07
30630.9
ratio: 0.000000 stable count: -6
Time: 4.239899
Gen:8
0.538447,0.44236,0.0187782,0.000415332,22.7192,-2.18991e+07
30263.5
Time: 4.541858
Gen:9
0.538447,0.44236,0.0187782,0.000415332,22.7192,-2.18991e+07
67811
ratio: 0.000000 stable count: -6
Time: 3.960466
Gen:10
0.539662,0.448045,0.0122938,0,22.6972,-2.18593e+07
17552.7
Time: 4.232491
Gen:11
0.540207,0.448008,0.011785,0,22.6944,-2.18567e+07
25993.6
Time: 5.001608
Gen:12
0.540207,0.448008,0.011785,0,22.6944,-2.18567e+07
24511.4
ratio: 0.000000 stable count: -7
Time: 5.589478
Gen:13
0.541032,0.447551,0.0114164,0,22.689,-2.18514e+07
33439
Time: 4.362202
Gen:14
0.541769,0.446814,0.0114164,0,22.6868,-2.18493e+07
23945
Time: 4.133689
Gen:15
0.541972,0.446612,0.0114164,0,22.6806,-2.18434e+07
22845.6
Time: 4.250877
Gen:16
0.546935,0.440667,0.0123977,0,22.6659,-2.18292e+07
22093.6
Time: 5.125647
Gen:17
0.547138,0.440465,0.0123977,0,22.6598,-2.18233e+07
26635
Time: 4.495729
Gen:18
0.548077,0.439525,0.0123977,0,22.6592,-2.18228e+07
7864.47
Time: 6.207351
Gen:19
0.547543,0.44006,0.0123977,0,22.6562,-2.18198e+07
17707.3
Time: 5.776058
Gen:20
0.548441,0.439162,0.0123977,0,22.6528,-2.18166e+07
28911.1
Time: 5.427283
Gen:21
0.548996,0.440247,0.0107571,0,22.6266,-2.17913e+07
14605.8
Time: 5.532936
Gen:22
0.558108,0.432599,0.00929305,0,22.5829,-2.17493e+07
40666
Time: 4.147592
Gen:23
0.558108,0.432599,0.00929305,0,22.5829,-2.17493e+07
24886.4
ratio: 0.000000 stable count: -16
Time: 5.900893
Gen:24
0.559286,0.430948,0.00976549,0,22.5664,-2.17333e+07
12872
Time: 6.720104
Gen:25
0.559385,0.43085,0.00976549,0,22.5628,-2.17299e+07
21684.8
Time: 4.534965
Gen:26
0.559385,0.43085,0.00976549,0,22.5628,-2.17299e+07
11873.6
ratio: 0.000000 stable count: -17
Time: 5.864546
Gen:27
0.56129,0.429827,0.00888291,0,22.5462,-2.17139e+07
26358.8
Time: 5.350305
Gen:28
0.562064,0.429526,0.00841047,0,22.5222,-2.16908e+07
13357.8
Time: 6.002703
Gen:29
0.562064,0.429526,0.00841047,0,22.5222,-2.16908e+07
23594.9
ratio: 0.000000 stable count: -18
Time: 6.675550
Gen:30
0.563227,0.427891,0.00888291,0,22.5199,-2.16886e+07
26403.1
Time: 6.156786
Gen:31
0.562827,0.428763,0.00841047,0,22.5184,-2.16871e+07
19921.6
Time: 4.433944
Gen:32
0.562827,0.428763,0.00841047,0,22.5184,-2.16871e+07
5667.74
ratio: 0.000000 stable count: -19
Time: 3.080413
Gen:33
0.5625,0.42842,0.0090802,0,22.5162,-2.1685e+07
13447.9
Time: 5.061065
Gen:34
0.56968,0.423582,0.00673876,0,22.4595,-2.16305e+07
17182.1
Time: 5.811235
Gen:35
0.56968,0.423582,0.00673876,0,22.4595,-2.16305e+07
22749.2
ratio: 0.000000 stable count: -20
Time: 4.583745
Gen:36
0.56968,0.423582,0.00673876,0,22.4595,-2.16305e+07
13442.2
ratio: 0.000000 stable count: -19
Time: 4.336342
Gen:37
0.56968,0.423582,0.00673876,0,22.4595,-2.16305e+07
16596.2
ratio: 0.000000 stable count: -18
Time: 5.147520
Gen:38
0.56968,0.423327,0.00699315,0,22.4579,-2.16288e+07
17403.9
Time: 4.225642
Gen:39
0.569088,0.423701,0.0072112,0,22.445,-2.16164e+07
4276.27
Time: 4.898547
Gen:40
0.569088,0.423701,0.0072112,0,22.445,-2.16164e+07
13710.9
ratio: 0.000000 stable count: -19
Time: 5.152117
Gen:41
0.569088,0.423701,0.0072112,0,22.445,-2.16164e+07
21228.5
ratio: 0.000000 stable count: -18
Time: 5.225275
Gen:42
0.57049,0.422772,0.00673876,0,22.438,-2.16097e+07
5363.4
Time: 5.703726
Gen:43
0.572016,0.42043,0.00755385,0,22.4314,-2.16033e+07
10501.1
Time: 5.535550
Gen:44
0.578625,0.415737,0.00563813,0,22.392,-2.15654e+07
18863.4
Time: 5.272651
Gen:45
0.580598,0.413764,0.00563813,0,22.3744,-2.15484e+07
22059.3
Time: 5.484369
Gen:46
0.580598,0.413764,0.00563813,0,22.3744,-2.15484e+07
11922.4
ratio: 0.000000 stable count: -21
Time: 5.868211
Gen:47
0.582815,0.41229,0.00489573,0,22.3733,-2.15474e+07
18094.9
Time: 5.871834
Gen:48
0.582815,0.41229,0.00489573,0,22.3733,-2.15474e+07
20751.3
ratio: 0.000000 stable count: -21
Time: 5.307293
Gen:49
0.58216,0.411667,0.00617287,0,22.3676,-2.15419e+07
26364.9
Time: 5.510355
Gen:50
0.583941,0.410691,0.00536817,0,22.3572,-2.15318e+07
49217.9
Time: 5.753981
Gen:51
0.583941,0.410691,0.00536817,0,22.3572,-2.15318e+07
45796.3
ratio: 0.000000 stable count: -22
Time: 6.503393
Gen:52
0.583599,0.411584,0.00481785,0,22.351,-2.15259e+07
26154.3
Time: 4.879575
Gen:53
0.588743,0.406439,0.00481785,0,22.3226,-2.14986e+07
3759.03
Time: 5.114858
Gen:54
0.589906,0.404803,0.00529029,0,22.3203,-2.14963e+07
16833
Time: 5.514375
Gen:55
0.589906,0.404803,0.00529029,0,22.3203,-2.14963e+07
13071.1
ratio: 0.000000 stable count: -24
Time: 5.337905
Gen:56
0.589906,0.404803,0.00529029,0,22.3203,-2.14963e+07
10432.1
ratio: 0.000000 stable count: -23
Time: 5.007399
Gen:57
0.589906,0.404803,0.00529029,0,22.3203,-2.14963e+07
8319.5
ratio: 0.000000 stable count: -22
Time: 6.320792
Gen:58
0.591511,0.403672,0.00481785,0,22.2971,-2.1474e+07
15543.6
Time: 6.016037
Gen:59
0.591511,0.403672,0.00481785,0,22.2971,-2.1474e+07
16156.1
ratio: 0.000000 stable count: -22
Time: 6.230637
Gen:60
0.591511,0.403672,0.00481785,0,22.2971,-2.1474e+07
15327.4
ratio: 0.000000 stable count: -21
Time: 4.911483
Gen:61
0.591511,0.403672,0.00481785,0,22.2971,-2.1474e+07
26085.5
ratio: 0.000000 stable count: -20
Time: 6.663331
Gen:62
0.591511,0.403672,0.00481785,0,22.2971,-2.1474e+07
7302.96
ratio: 0.000000 stable count: -19
Time: 6.894345
Gen:63
0.588224,0.405956,0.00581984,0,22.2947,-2.14717e+07
6255.1
Time: 6.123172
Gen:64
0.592783,0.4016,0.00561737,0,22.2574,-2.14358e+07
24480
Time: 4.482437
Gen:65
0.592783,0.4016,0.00561737,0,22.2574,-2.14358e+07
19636.9
ratio: 0.000000 stable count: -20
Time: 5.696581
Gen:66
0.593271,0.401112,0.00561737,0,22.2524,-2.1431e+07
12949
Time: 4.899492
Gen:67
0.593271,0.401112,0.00561737,0,22.2524,-2.1431e+07
17456.4
ratio: 0.000000 stable count: -20
Time: 7.114732
Gen:68
0.594164,0.400307,0.00552911,0,22.2137,-2.13936e+07
7204.15
Time: 5.892954
Gen:69
0.594164,0.400307,0.00552911,0,22.2137,-2.13936e+07
31239.1
ratio: 0.000000 stable count: -20
Time: 4.669589
Gen:70
0.594164,0.400307,0.00552911,0,22.2137,-2.13936e+07
55438.4
ratio: 0.000000 stable count: -19
Time: 5.649742
Gen:71
0.594517,0.399954,0.00552911,0,22.2123,-2.13923e+07
8849.06
Time: 5.564138
Gen:72
0.600191,0.393257,0.00655186,0,22.2096,-2.13897e+07
14346.3
Time: 6.362987
Gen:73
0.600191,0.393257,0.00655186,0,22.2096,-2.13897e+07
19297.6
ratio: 0.000000 stable count: -20
Time: 5.247838
Gen:74
0.604043,0.389493,0.0064636,0,22.2049,-2.13852e+07
7390.12
Time: 4.962834
Gen:75
0.604318,0.389218,0.0064636,0,22.2046,-2.1385e+07
11484.8
Time: 4.892494
Gen:76
0.604318,0.389218,0.0064636,0,22.2046,-2.1385e+07
21272.7
ratio: 0.000000 stable count: -21
Time: 4.508194
Gen:77
0.604318,0.389218,0.0064636,0,22.2046,-2.1385e+07
26544.1
ratio: 0.000000 stable count: -20
Time: 4.645069
Gen:78
0.604988,0.388548,0.0064636,0,22.2028,-2.13831e+07
26277
Time: 5.725539
Gen:79
0.608965,0.384738,0.00629747,0,22.1909,-2.13717e+07
13519.3
Time: 6.341742
Gen:80
0.609256,0.384447,0.00629747,0,22.1894,-2.13703e+07
30386.5
Time: 5.030519
Gen:81
0.609256,0.384447,0.00629747,0,22.1894,-2.13703e+07
33612.6
ratio: 0.000000 stable count: -22
Time: 7.448230
Gen:82
0.609256,0.384447,0.00629747,0,22.1894,-2.13703e+07
18512.8
ratio: 0.000000 stable count: -21
Time: 6.766227
Gen:83
0.609256,0.384447,0.00629747,0,22.1894,-2.13703e+07
5040.34
ratio: 0.000000 stable count: -20
Time: 5.887477
Gen:84
0.609256,0.384447,0.00629747,0,22.1894,-2.13703e+07
4379.63
ratio: 0.000000 stable count: -19
Time: 6.177366
Gen:85
0.609256,0.384447,0.00629747,0,22.1894,-2.13703e+07
12800.7
ratio: 0.000000 stable count: -18
Time: 5.888975
Gen:86
0.609256,0.384447,0.00629747,0,22.1894,-2.13703e+07
16217.1
ratio: 0.000000 stable count: -17
Time: 5.396546
Gen:87
0.609256,0.384447,0.00629747,0,22.1894,-2.13703e+07
13124.9
ratio: 0.000000 stable count: -16
Time: 4.824426
Gen:88
0.609256,0.384447,0.00629747,0,22.1894,-2.13703e+07
11212
ratio: 0.000000 stable count: -15
Time: 5.432295
Gen:89
0.609256,0.384447,0.00629747,0,22.1894,-2.13703e+07
616.802
ratio: 0.000000 stable count: -14
Time: 5.902154
Gen:90
0.609256,0.384447,0.00629747,0,22.1894,-2.13703e+07
5968.03
ratio: 0.000000 stable count: -13
Time: 6.454891
Gen:91
0.609256,0.384447,0.00629747,0,22.1894,-2.13703e+07
17513.7
ratio: 0.000000 stable count: -12
Time: 5.932043
Gen:92
0.610787,0.382915,0.00629747,0,22.182,-2.13631e+07
22214.1
Time: 5.737135
Gen:93
0.610787,0.382915,0.00629747,0,22.182,-2.13631e+07
8043.94
ratio: 0.000000 stable count: -12
Time: 4.244389
Gen:94
0.611519,0.381041,0.00743963,0,22.1653,-2.1347e+07
11521.3
Time: 5.249904
Gen:95
0.611519,0.381041,0.00743963,0,22.1653,-2.1347e+07
22531.6
ratio: 0.000000 stable count: -12
Time: 4.474831
Gen:96
0.611519,0.381041,0.00743963,0,22.1653,-2.1347e+07
30137.8
ratio: 0.000000 stable count: -11
Time: 4.232017
Gen:97
0.611571,0.380989,0.00743963,0,22.1623,-2.13442e+07
6111.62
Time: 4.811351
Gen:98
0.611571,0.380989,0.00743963,0,22.1623,-2.13442e+07
32174.7
ratio: 0.000000 stable count: -11
Time: 5.967362
Gen:99
0.612038,0.380522,0.00743963,0,22.1504,-2.13328e+07
23726.4
Time: 5.881560
Gen:100
0.612038,0.380522,0.00743963,0,22.1504,-2.13328e+07
11958.9
ratio: 0.000000 stable count: -11
Time: 4.558340
Gen:101
0.612038,0.380522,0.00743963,0,22.1504,-2.13328e+07
24554
ratio: 0.000000 stable count: -10
Time: 5.253793
Gen:102
0.612038,0.380522,0.00743963,0,22.1504,-2.13328e+07
20137.8
ratio: 0.000000 stable count: -9
Time: 6.333565
Gen:103
0.612038,0.380522,0.00743963,0,22.1504,-2.13328e+07
9969.94
ratio: 0.000000 stable count: -8
Time: 5.027878
Gen:104
0.612038,0.380522,0.00743963,0,22.1504,-2.13328e+07
17215.7
ratio: 0.000000 stable count: -7
Time: 5.981045
Gen:105
0.612038,0.380522,0.00743963,0,22.1504,-2.13328e+07
19169.2
ratio: 0.000000 stable count: -6
Time: 5.320775
Gen:106
0.611986,0.377874,0.0101393,0,22.1292,-2.13123e+07
5659.4
Time: 5.202481
Gen:107
0.611986,0.377874,0.0101393,0,22.1292,-2.13123e+07
9748.24
ratio: 0.000000 stable count: -6
Time: 5.169311
Gen:108
0.61236,0.3775,0.0101393,0,22.1273,-2.13105e+07
8640.98
Time: 6.401875
Gen:109
0.61236,0.3775,0.0101393,0,22.1273,-2.13105e+07
7282.47
ratio: 0.000000 stable count: -6
Time: 6.421483
Gen:110
0.61236,0.3775,0.0101393,0,22.1273,-2.13105e+07
11804.6
ratio: 0.000000 stable count: -5
Time: 7.413147
Gen:111
0.61236,0.3775,0.0101393,0,22.1273,-2.13105e+07
9378.38
ratio: 0.000000 stable count: -4
Time: 5.959344
Gen:112
0.61236,0.3775,0.0101393,0,22.1273,-2.13105e+07
5427.51
ratio: 0.000000 stable count: -3
Time: 6.764019
Gen:113
0.61236,0.3775,0.0101393,0,22.1273,-2.13105e+07
24459.7
ratio: 0.000000 stable count: -2
Time: 6.150865
Gen:114
0.61236,0.3775,0.0101393,0,22.1273,-2.13105e+07
9135.94
ratio: 0.000000 stable count: -1
Time: 5.957821
Gen:115
0.61236,0.3775,0.0101393,0,22.1273,-2.13105e+07
8615.55
ratio: 0.000000 stable count: 0
Time: 6.470569
Gen:116
0.61236,0.3775,0.0101393,0,22.1273,-2.13105e+07
8325.52
ratio: 0.000000 stable count: 1
Time: 6.102520
Gen:117
0.61236,0.3775,0.0101393,0,22.1273,-2.13105e+07
9460.92
ratio: 0.000000 stable count: 2
Time: 6.642593
Gen:118
0.61236,0.3775,0.0101393,0,22.1273,-2.13105e+07
8629.98
ratio: 0.000000 stable count: 3
Time: 5.338886
Gen:119
0.61236,0.3775,0.0101393,0,22.1273,-2.13105e+07
11067.6
ratio: 0.000000 stable count: 4
Time: 4.966954
Gen:120
0.61236,0.3775,0.0101393,0,22.1273,-2.13105e+07
11447.3
ratio: 0.000000 stable count: 5
Time: 7.638785
Gen:121
0.61236,0.3775,0.0101393,0,22.1273,-2.13105e+07
11602.1
ratio: 0.000000 stable count: 6
Time: 8.397747
Gen:122
0.61236,0.3775,0.0101393,0,22.1273,-2.13105e+07
22705.6
ratio: 0.000000 stable count: 7
Time: 6.484486
Gen:123
0.61236,0.3775,0.0101393,0,22.1273,-2.13105e+07
7615.4
ratio: 0.000000 stable count: 8
Time: 5.571232
Gen:124
0.61236,0.3775,0.0101393,0,22.1273,-2.13105e+07
17054.3
ratio: 0.000000 stable count: 9
Time: 5.310421
Gen:125
0.61236,0.3775,0.0101393,0,22.1273,-2.13105e+07
16696.2
ratio: 0.000000 stable count: 10
Time: 5.148698
Gen:126
0.61236,0.3775,0.0101393,0,22.1273,-2.13105e+07
10801.5
ratio: 0.000000 stable count: 11
Time: 6.273165
Gen:127
0.6106,0.381363,0.00803667,0,22.1096,-2.12934e+07
13443.9
Time: 5.684525
Gen:128
0.6106,0.381363,0.00803667,0,22.1096,-2.12934e+07
19068.9
ratio: 0.000000 stable count: 11
Time: 5.337103
Gen:129
0.6106,0.381363,0.00803667,0,22.1096,-2.12934e+07
12862.6
ratio: 0.000000 stable count: 12
Time: 6.750933
Gen:130
0.6106,0.381363,0.00803667,0,22.1096,-2.12934e+07
5074.04
ratio: 0.000000 stable count: 13
Time: 5.361633
Gen:131
0.6106,0.381363,0.00803667,0,22.1096,-2.12934e+07
5676.85
ratio: 0.000000 stable count: 14
Time: 5.364399
Gen:132
0.6106,0.381363,0.00803667,0,22.1096,-2.12934e+07
4865.05
ratio: 0.000000 stable count: 15
Time: 6.906297
Gen:133
0.612817,0.379515,0.00766807,0,22.0982,-2.12824e+07
3125.57
Time: 6.114306
Gen:134
0.612817,0.379515,0.00766807,0,22.0982,-2.12824e+07
20112.2
ratio: 0.000000 stable count: 15
Time: 6.526358
Gen:135
0.612817,0.379515,0.00766807,0,22.0982,-2.12824e+07
5843.12
ratio: 0.000000 stable count: 16
Time: 6.158329
Gen:136
0.612817,0.379515,0.00766807,0,22.0982,-2.12824e+07
27004.8
ratio: 0.000000 stable count: 17
Time: 4.997192
Gen:137
0.612817,0.379515,0.00766807,0,22.0982,-2.12824e+07
17051.8
ratio: 0.000000 stable count: 18
Time: 7.927508
Gen:138
0.612817,0.379515,0.00766807,0,22.0982,-2.12824e+07
10870.3
ratio: 0.000000 stable count: 19
Time: 5.964132
Gen:139
0.612817,0.379515,0.00766807,0,22.0982,-2.12824e+07
8713.83
FINAL Population size
25
Best : -2.12824e+07   30:49-26-1-16-10-20-33-22-19-65-37-67-27-41-51-8-26-62-21-6-35-64-52-10-16-1-49-15-11-31- ,  30:3-29-66-19-22-33-20-17-9-11-1-16-10-59-17-20-33-58-34-25-27-67-37-32-18-19-22-13-43-61- ,  30:49-9-68-11-15-62-21-6-63-30-26-1-31-9-16-55-8-28-56-51-41-36-54-18-66-48-39-65-5-54- ,  30:54-19-36-41-51-56-8-52-20-43-50-0-69-29-19-22-13-43-17-59-17-44-61-43-13-20-55-16-26-62- ,  30:22-19-69-23-3-38-36-41-51-8-51-41-36-38-66-18-67-27-25-4-53-47-6-35-58-33-50-2-14-44- ,  30:11-68-59-10-52-64-58-35-6-47-6-35-58-33-50-0-69-0-2-14-61-43-20-10-28-56-6-35-41-25- ,  30:32-54-36-45-41-12-4-53-47-40-4-25-4-7-40-12-41-36-38-69-23-2-14-61-17-20-52-64-35-57- ,  30:55-8-51-34-58-33-50-0-2-14-61-17-59-1-26-30-24-21-6-35-41-27-67-18-67-27-12-40-46-7- ,  30:44-61-43-13-33-58-41-12-40-46-7-4-25-34-58-64-52-10-16-9-49-62-21-6-47-40-7-4-53-46- ,  30:65-5-32-18-19-22-33-43-20-52-64-51-34-25-27-67-18-39-48-69-23-50-17-10-16-26-30-15-30-63- ,  30:44-17-20-33-22-36-45-58-64-52-55-17-60-14-2-0-69-18-65-39-48-3-23-2-14-61-17-59-1-49- ,  30:11-31-1-26-8-51-41-12-25-57-51-8-26-30-63-24-42-49-1-59-11-49-26-8-51-34-35-6-63-21- ,  30:51-34-57-41-36-54-65-67-27-25-4-53-47-6-35-58-45-36-38-69-18-67-27-12-40-47-6-21-62-30- ,  30:13-43-61-60-17-59-1-49-26-8-10-52-64-58-33-22-38-3-23-50-17-59-11-1-16-55-8-26-49-62- ,  30:67-27-41-51-8-26-49-42-62-21-6-47-40-46-7-4-25-34-58-33-50-2-50-17-10-28-56-6-47-53- , 

0.612817
0.379515
0.00766807
0
22.0982
-2.12824e+07
Initial : -2.24321e+07
0.461797
0.491535
0.0461122
0.000555507
23.2664

-----------------------------------------
Iteration:0 started

Gen:0
0.471573,0.49085,0.0368348,0.000742406,23.0842,-2.22651e+07
445780
Time: 5.418717
Gen:1
0.472191,0.490232,0.0368348,0.000742406,23.0799,-2.22609e+07
141379
Time: 5.173170
Gen:2
0.46431,0.499198,0.0364921,0,23.011,-2.21615e+07
508364
Time: 6.257280
Gen:3
0.482995,0.480087,0.0369178,0,22.9691,-2.21212e+07
252513
Time: 4.795931
Gen:4
0.47895,0.489832,0.0312174,0,22.8844,-2.20396e+07
287160
Time: 4.022858
Gen:5
0.489661,0.482315,0.0280245,0,22.8057,-2.19638e+07
36748.2
Time: 4.602276
Gen:6
0.492511,0.48463,0.0228588,0,22.7623,-2.1922e+07
36033.1
Time: 4.284194
Gen:7
0.492511,0.48463,0.0228588,0,22.7623,-2.1922e+07
77133.7
ratio: 0.000000 stable count: -6
Time: 4.660803
Gen:8
0.501887,0.47637,0.0217426,0,22.7147,-2.18762e+07
16870.5
Time: 4.925378
Gen:9
0.514664,0.464185,0.0211508,0,22.6718,-2.18348e+07
26859.7
Time: 5.179933
Gen:10
0.513963,0.466797,0.0192403,0,22.6411,-2.18053e+07
55011.8
Time: 4.448879
Gen:11
0.521112,0.465514,0.0133737,0,22.5969,-2.17627e+07
24426.7
Time: 5.858285
Gen:12
0.538701,0.442879,0.01842,0,22.5572,-2.17245e+07
41584.3
Time: 4.194470
Gen:13
0.538701,0.442879,0.01842,0,22.5572,-2.17245e+07
44666
ratio: 0.000000 stable count: -10
Time: 4.721156
Gen:14
0.545518,0.436395,0.0180877,0,22.527,-2.16954e+07
9434.55
Time: 5.809336
Gen:15
0.546681,0.434458,0.0188613,0,22.4887,-2.16585e+07
51681.6
Time: 4.080713
Gen:16
0.548347,0.43316,0.0184927,0,22.4816,-2.16517e+07
21406.3
Time: 5.122360
Gen:17
0.56629,0.415721,0.0179891,0,22.4111,-2.15838e+07
18001.4
Time: 4.577446
Gen:18
0.570433,0.411802,0.0177658,0,22.3924,-2.15658e+07
41219.8
Time: 5.383450
Gen:19
0.571341,0.409221,0.0194375,0,22.3738,-2.15479e+07
38554.2
Time: 5.202667
Gen:20
0.575863,0.405971,0.0177866,0.00037899,22.3373,-2.15298e+07
27400.1
Time: 4.411555
Gen:21
0.578999,0.402836,0.0177866,0.00037899,22.3258,-2.15188e+07
24890.3
Time: 5.526765
Gen:22
0.579367,0.402467,0.0177866,0.00037899,22.3239,-2.15169e+07
6244.13
Time: 5.543370
Gen:23
0.57943,0.402182,0.0180098,0.00037899,22.3129,-2.15064e+07
14476.5
Time: 5.838399
Gen:24
0.588967,0.393527,0.0171273,0.00037899,22.3044,-2.14982e+07
13377
Time: 5.863020
Gen:25
0.590701,0.391793,0.0171273,0.00037899,22.2954,-2.14895e+07
13471.4
Time: 5.352687
Gen:26
0.589366,0.393553,0.0167015,0.00037899,22.276,-2.14708e+07
7025.03
Time: 5.633867
Gen:27
0.594875,0.388429,0.0163174,0.00037899,22.2598,-2.14552e+07
27880.7
Time: 4.183863
Gen:28
0.598992,0.38373,0.0168988,0.00037899,22.2423,-2.14384e+07
23006.4
Time: 4.087548
Gen:29
0.599485,0.386056,0.0144587,0,22.2303,-2.14097e+07
19601.6
Time: 4.344968
Gen:30
0.601333,0.382126,0.0161616,0.00037899,22.2031,-2.14006e+07
19273.6
Time: 5.180532
Gen:31
0.601333,0.382126,0.0161616,0.00037899,22.2031,-2.14006e+07
26066.8
ratio: 0.000000 stable count: -26
Time: 4.016199
Gen:32
0.602055,0.382173,0.0153932,0.00037899,22.1975,-2.13953e+07
7074.24
Time: 4.502072
Gen:33
0.60246,0.381768,0.0153932,0.00037899,22.1955,-2.13933e+07
21860.4
Time: 5.196284
Gen:34
0.603072,0.380387,0.0161616,0.00037899,22.1909,-2.13889e+07
17316.4
Time: 4.763317
Gen:35
0.599516,0.38711,0.0129947,0.00037899,22.1899,-2.13879e+07
9978.79
Time: 3.802384
Gen:36
0.602989,0.380906,0.0157255,0.00037899,22.1817,-2.138e+07
6573.57
Time: 3.561296
Gen:37
0.599283,0.384945,0.0153932,0.00037899,22.1696,-2.13684e+07
21656.1
Time: 3.426995
Gen:38
0.604189,0.379707,0.0157255,0.00037899,22.1638,-2.13628e+07
10630.9
Time: 3.596236
Gen:39
0.60843,0.375289,0.016281,0,22.1351,-2.1318e+07
17366.2
Time: 3.808139
Gen:40
0.614863,0.369588,0.015549,0,22.1298,-2.13129e+07
22063.9
Time: 4.391948
Gen:41
0.615953,0.36829,0.0157567,0,22.1265,-2.13097e+07
28462.3
Time: 3.212163
Gen:42
0.616446,0.368566,0.0149883,0,22.1241,-2.13073e+07
5079.74
Time: 3.835795
Gen:43
0.616296,0.367948,0.0157567,0,22.1072,-2.12911e+07
22784.4
Time: 4.242517
Gen:44
0.617069,0.367174,0.0157567,0,22.1041,-2.12882e+07
14231.3
Time: 3.009933
Gen:45
0.620942,0.364848,0.0142095,0,22.0824,-2.12673e+07
21847.8
Time: 4.299368
Gen:46
0.620942,0.364848,0.0142095,0,22.0824,-2.12673e+07
12992.8
ratio: 0.000000 stable count: -39
Time: 3.843801
Gen:47
0.620942,0.364848,0.0142095,0,22.0824,-2.12673e+07
23131.4
ratio: 0.000000 stable count: -38
Time: 5.625578
Gen:48
0.621752,0.364755,0.0134931,0,22.0622,-2.12478e+07
22707.4
Time: 5.066096
Gen:49
0.624799,0.363483,0.0117176,0,22.0441,-2.12304e+07
15132.3
Time: 5.095562
Gen:50
0.630806,0.357284,0.0119096,0,22.0349,-2.12215e+07
25600.4
Time: 5.083993
Gen:51
0.630905,0.359065,0.0100303,0,22.032,-2.12187e+07
51001
Time: 5.355223
Gen:52
0.630905,0.359065,0.0100303,0,22.032,-2.12187e+07
26337.1
ratio: 0.000000 stable count: -41
Time: 4.272579
Gen:53
0.633823,0.356832,0.00934497,0,22.024,-2.1211e+07
9154.58
Time: 4.751747
Gen:54
0.637135,0.354533,0.0083326,0,22.0114,-2.11989e+07
17466.5
Time: 6.305196
Gen:55
0.637794,0.353873,0.0083326,0,22.0013,-2.11891e+07
17270.5
Time: 4.803710
Gen:56
0.641179,0.350488,0.0083326,0,21.9605,-2.11498e+07
14046.5
Time: 4.915418
Gen:57
0.641179,0.350488,0.0083326,0,21.9605,-2.11498e+07
23367.7
ratio: 0.000000 stable count: -44
Time: 4.639378
Gen:58
0.641496,0.350172,0.0083326,0,21.9509,-2.11406e+07
17710.5
Time: 3.457638
Gen:59
0.651121,0.342872,0.00600674,0,21.922,-2.11127e+07
18846.5
Time: 4.136975
Gen:60
0.651121,0.342872,0.00600674,0,21.9179,-2.11088e+07
33287.5
Time: 3.774481
Gen:61
0.651121,0.342872,0.00600674,0,21.9179,-2.11088e+07
22515.8
ratio: 0.000000 stable count: -46
Time: 3.356564
Gen:62
0.64933,0.34498,0.00569005,0,21.9144,-2.11055e+07
10241.6
Time: 3.791225
Gen:63
0.645935,0.351667,0.00239854,0,21.906,-2.10974e+07
4193.69
Time: 2.946673
Gen:64
0.655627,0.338366,0.00600674,0,21.8994,-2.1091e+07
10882.2
Time: 3.996330
Gen:65
0.655627,0.338366,0.00600674,0,21.8994,-2.1091e+07
5088.29
ratio: 0.000000 stable count: -48
Time: 5.184008
Gen:66
0.655627,0.338366,0.00600674,0,21.8994,-2.1091e+07
13820.3
ratio: 0.000000 stable count: -47
Time: 5.627819
Gen:67
0.655077,0.338573,0.00634939,0,21.8954,-2.10871e+07
21357.8
Time: 3.205813
Gen:68
0.656074,0.337577,0.00634939,0,21.8941,-2.10859e+07
12923.4
Time: 3.483386
Gen:69
0.656401,0.338573,0.00502552,0,21.838,-2.10318e+07
20805.9
Time: 3.148458
Gen:70
0.656401,0.338573,0.00502552,0,21.838,-2.10318e+07
21255.5
ratio: 0.000000 stable count: -49
Time: 5.166034
Gen:71
0.65867,0.336305,0.00502552,0,21.8258,-2.10201e+07
10144.6
Time: 5.956499
Gen:72
0.654802,0.342799,0.00239854,0,21.8145,-2.10093e+07
24731
Time: 5.970538
Gen:73
0.654802,0.342799,0.00239854,0,21.8145,-2.10093e+07
18647.6
ratio: 0.000000 stable count: -50
Time: 5.271205
Gen:74
0.654802,0.342799,0.00239854,0,21.8145,-2.10093e+07
21959
ratio: 0.000000 stable count: -49
Time: 6.019261
Gen:75
0.656292,0.341309,0.00239854,0,21.8079,-2.10029e+07
5415.07
Time: 4.643044
Gen:76
0.657979,0.339622,0.00239854,0,21.7966,-2.0992e+07
30187.5
Time: 3.453619
Gen:77
0.659007,0.338594,0.00239854,0,21.7942,-2.09896e+07
34060.9
Time: 5.239996
Gen:78
0.659724,0.337878,0.00239854,0,21.7834,-2.09793e+07
25432.1
Time: 2.236836
Gen:79
0.661084,0.336518,0.00239854,0,21.7806,-2.09766e+07
9326.26
Time: 4.810124
Gen:80
0.66248,0.335121,0.00239854,0,21.7683,-2.09647e+07
39078.9
Time: 4.868161
Gen:81
0.66248,0.335121,0.00239854,0,21.7683,-2.09647e+07
40149.5
ratio: 0.000000 stable count: -54
Time: 5.452547
Gen:82
0.66302,0.334581,0.00239854,0,21.7595,-2.09563e+07
5960.86
Time: 4.123706
Gen:83
0.66302,0.334581,0.00239854,0,21.7595,-2.09563e+07
17035.8
ratio: 0.000000 stable count: -54
Time: 4.032752
Gen:84
0.66302,0.334581,0.00239854,0,21.7595,-2.09563e+07
5101.05
ratio: 0.000000 stable count: -53
Time: 5.771602
Gen:85
0.66302,0.334581,0.00239854,0,21.7595,-2.09563e+07
14919.9
ratio: 0.000000 stable count: -52
Time: 4.328504
Gen:86
0.66302,0.334581,0.00239854,0,21.7595,-2.09563e+07
6468.12
ratio: 0.000000 stable count: -51
Time: 5.027321
Gen:87
0.66302,0.334581,0.00239854,0,21.7595,-2.09563e+07
13719.9
ratio: 0.000000 stable count: -50
Time: 4.941770
Gen:88
0.66409,0.333512,0.00239854,0,21.7516,-2.09487e+07
15582.5
Time: 5.594140
Gen:89
0.66409,0.333512,0.00239854,0,21.7516,-2.09487e+07
25124
ratio: 0.000000 stable count: -50
Time: 5.060318
Gen:90
0.66409,0.333512,0.00239854,0,21.7516,-2.09487e+07
18845.5
ratio: 0.000000 stable count: -49
Time: 4.270683
Gen:91
0.66409,0.333512,0.00239854,0,21.7516,-2.09487e+07
11781.2
ratio: 0.000000 stable count: -48
Time: 4.100130
Gen:92
0.667293,0.330308,0.00239854,0,21.7379,-2.09355e+07
16945.6
Time: 4.750839
Gen:93
0.668653,0.328948,0.00239854,0,21.7197,-2.09179e+07
16446.9
Time: 3.049216
Gen:94
0.669307,0.328294,0.00239854,0,21.7165,-2.09148e+07
24297.2
Time: 3.696733
Gen:95
0.668134,0.328175,0.00369126,0,21.7112,-2.09097e+07
16935
Time: 3.288438
Gen:96
0.668466,0.327842,0.00369126,0,21.7094,-2.0908e+07
22900.3
Time: 4.378352
Gen:97
0.67018,0.326129,0.00369126,0,21.7016,-2.09005e+07
12174.9
Time: 4.268615
Gen:98
0.672049,0.32426,0.00369126,0,21.693,-2.08922e+07
15247.8
Time: 3.817687
Gen:99
0.672049,0.32426,0.00369126,0,21.693,-2.08922e+07
11077
ratio: 0.000000 stable count: -54
Time: 4.419440
Gen:100
0.672147,0.324161,0.00369126,0,21.6887,-2.08881e+07
17989.3
Time: 3.950474
Gen:101
0.672147,0.324161,0.00369126,0,21.6887,-2.08881e+07
17645.1
ratio: 0.000000 stable count: -54
Time: 3.774037
Gen:102
0.672345,0.323964,0.00369126,0,21.681,-2.08806e+07
6703.22
Time: 3.114777
Gen:103
0.672345,0.323964,0.00369126,0,21.681,-2.08806e+07
15632.1
ratio: 0.000000 stable count: -54
Time: 3.260931
Gen:104
0.673663,0.322645,0.00369126,0,21.6746,-2.08745e+07
27952.1
Time: 3.750060
Gen:105
0.675247,0.321062,0.00369126,0,21.6613,-2.08617e+07
18307.5
Time: 4.736669
Gen:106
0.675247,0.321062,0.00369126,0,21.6613,-2.08617e+07
16280.9
ratio: 0.000000 stable count: -55
Time: 4.252270
Gen:107
0.675247,0.321062,0.00369126,0,21.6613,-2.08617e+07
4945.98
ratio: 0.000000 stable count: -54
Time: 5.668654
Gen:108
0.675247,0.321062,0.00369126,0,21.6606,-2.0861e+07
11643.8
Time: 4.985715
Gen:109
0.675247,0.321062,0.00369126,0,21.6606,-2.0861e+07
10608.1
ratio: 0.000000 stable count: -54
Time: 3.829006
Gen:110
0.675236,0.321072,0.00369126,0,21.6571,-2.08576e+07
30684
Time: 5.096902
Gen:111
0.675236,0.321072,0.00369126,0,21.6571,-2.08576e+07
32408
ratio: 0.000000 stable count: -54
Time: 4.516327
Gen:112
0.675948,0.320361,0.00369126,0,21.655,-2.08556e+07
8670.05
Time: 4.608232
Gen:113
0.675948,0.320361,0.00369126,0,21.655,-2.08556e+07
13021.8
ratio: 0.000000 stable count: -54
Time: 4.775247
Gen:114
0.675948,0.320361,0.00369126,0,21.655,-2.08556e+07
20570.2
ratio: 0.000000 stable count: -53
Time: 4.445138
Gen:115
0.676758,0.319551,0.00369126,0,21.6513,-2.08521e+07
20518.3
Time: 2.717767
Gen:116
0.676758,0.319551,0.00369126,0,21.6513,-2.08521e+07
6197.03
ratio: 0.000000 stable count: -53
Time: 5.050625
Gen:117
0.677946,0.318362,0.00369126,0,21.649,-2.08498e+07
23505
Time: 4.326261
Gen:118
0.677946,0.318362,0.00369126,0,21.649,-2.08498e+07
11142.7
ratio: 0.000000 stable count: -53
Time: 4.695722
Gen:119
0.677946,0.318362,0.00369126,0,21.649,-2.08498e+07
3040.37
ratio: 0.000000 stable count: -52
Time: 4.867603
Gen:120
0.677946,0.318362,0.00369126,0,21.649,-2.08498e+07
6907.54
ratio: 0.000000 stable count: -51
Time: 5.742528
Gen:121
0.67858,0.317729,0.00369126,0,21.636,-2.08373e+07
11924.2
Time: 4.316577
Gen:122
0.677547,0.318762,0.00369126,0,21.6258,-2.08275e+07
6554.36
Time: 4.336957
Gen:123
0.677547,0.318762,0.00369126,0,21.6258,-2.08275e+07
13629.9
ratio: 0.000000 stable count: -52
Time: 3.735905
Gen:124
0.674857,0.322703,0.00244008,0,21.6233,-2.08251e+07
6969.85
Time: 6.151947
Gen:125
0.674857,0.322703,0.00244008,0,21.6233,-2.08251e+07
43442.2
ratio: 0.000000 stable count: -52
Time: 4.708516
Gen:126
0.676197,0.321363,0.00244008,0,21.6191,-2.0821e+07
22946.8
Time: 3.491956
Gen:127
0.676197,0.321363,0.00244008,0,21.6191,-2.0821e+07
20063.2
ratio: 0.000000 stable count: -52
Time: 4.684896
Gen:128
0.676197,0.321363,0.00244008,0,21.6191,-2.0821e+07
17496.5
ratio: 0.000000 stable count: -51
Time: 4.311767
Gen:129
0.676197,0.321363,0.00244008,0,21.6191,-2.0821e+07
19999.8
ratio: 0.000000 stable count: -50
Time: 5.196143
Gen:130
0.676384,0.321176,0.00244008,0,21.618,-2.08199e+07
11753.7
Time: 3.989548
Gen:131
0.676384,0.321176,0.00244008,0,21.618,-2.08199e+07
4569.78
ratio: 0.000000 stable count: -50
Time: 5.089990
Gen:132
0.676384,0.321176,0.00244008,0,21.618,-2.08199e+07
11980.4
ratio: 0.000000 stable count: -49
Time: 5.287965
Gen:133
0.677323,0.320237,0.00244008,0,21.6101,-2.08124e+07
28944.1
Time: 5.420904
Gen:134
0.677323,0.320237,0.00244008,0,21.6101,-2.08124e+07
5523.27
ratio: 0.000000 stable count: -49
Time: 5.499877
Gen:135
0.677323,0.320237,0.00244008,0,21.6101,-2.08124e+07
6534.97
ratio: 0.000000 stable count: -48
Time: 5.584504
Gen:136
0.677323,0.320237,0.00244008,0,21.6101,-2.08124e+07
3344.6
ratio: 0.000000 stable count: -47
Time: 5.300303
Gen:137
0.679089,0.318471,0.00244008,0,21.6041,-2.08066e+07
17221.9
Time: 4.837800
Gen:138
0.679239,0.318321,0.00244008,0,21.6039,-2.08064e+07
15429.8
ratio: 0.000007 stable count: -47
Time: 5.386173
Gen:139
0.679089,0.318471,0.00244008,0,21.6034,-2.08059e+07
21172.2
Time: 3.646743
Gen:140
0.679089,0.318471,0.00244008,0,21.6034,-2.08059e+07
11228.6
ratio: 0.000000 stable count: -47
Time: 4.537759
Gen:141
0.673264,0.324296,0.00244008,0,21.5984,-2.08011e+07
8654
Time: 5.024494
Gen:142
0.673264,0.324296,0.00244008,0,21.5984,-2.08011e+07
9327.58
ratio: 0.000000 stable count: -47
Time: 4.347396
Gen:143
0.673264,0.324296,0.00244008,0,21.5984,-2.08011e+07
4489.65
ratio: 0.000000 stable count: -46
Time: 4.617800
Gen:144
0.673264,0.324296,0.00244008,0,21.5984,-2.08011e+07
2194.1
ratio: 0.000000 stable count: -45
Time: 6.347920
Gen:145
0.674681,0.322879,0.00244008,0,21.5969,-2.07997e+07
22798.4
Time: 4.839840
Gen:146
0.674681,0.322879,0.00244008,0,21.5969,-2.07997e+07
4118.29
ratio: 0.000000 stable count: -45
Time: 5.887978
Gen:147
0.674681,0.322879,0.00244008,0,21.5969,-2.07997e+07
4589.16
ratio: 0.000000 stable count: -44
Time: 5.581876
Gen:148
0.674681,0.322879,0.00244008,0,21.5967,-2.07994e+07
2150.21
Time: 5.698967
Gen:149
0.67641,0.32115,0.00244008,0,21.5844,-2.07876e+07
3498.06
Time: 7.730233
Gen:150
0.67641,0.32115,0.00244008,0,21.5841,-2.07873e+07
13055.9
Time: 6.383815
Gen:151
0.67641,0.32115,0.00244008,0,21.5833,-2.07866e+07
20228.1
Time: 6.850230
Gen:152
0.67641,0.32115,0.00244008,0,21.5804,-2.07837e+07
4436.63
Time: 6.432086
Gen:153
0.67641,0.32115,0.00244008,0,21.5796,-2.0783e+07
9785.92
Time: 5.391296
Gen:154
0.67641,0.32115,0.00244008,0,21.5796,-2.0783e+07
19075.4
ratio: 0.000000 stable count: -49
Time: 7.451612
Gen:155
0.677432,0.320128,0.00244008,0,21.5749,-2.07784e+07
19053
Time: 5.767727
Gen:156
0.677432,0.320128,0.00244008,0,21.5749,-2.07784e+07
10703.1
ratio: 0.000000 stable count: -49
Time: 6.514979
Gen:157
0.677432,0.320128,0.00244008,0,21.5749,-2.07784e+07
8097.13
ratio: 0.000000 stable count: -48
Time: 6.860527
Gen:158
0.677432,0.320128,0.00244008,0,21.5744,-2.0778e+07
1374.64
Time: 6.514557
Gen:159
0.678029,0.31953,0.00244008,0,21.5719,-2.07755e+07
3485.24
Time: 8.022553
Gen:160
0.678029,0.31953,0.00244008,0,21.5715,-2.07752e+07
9108.79
Time: 5.109367
Gen:161
0.678029,0.31953,0.00244008,0,21.5715,-2.07752e+07
14951.4
ratio: 0.000000 stable count: -50
Time: 6.606605
Gen:162
0.67778,0.320429,0.00179112,0,21.5714,-2.07751e+07
9860.74
ratio: 0.000001 stable count: -49
Time: 6.161271
Gen:163
0.678632,0.318928,0.00244008,0,21.568,-2.07718e+07
19207.6
Time: 3.767373
Gen:164
0.691408,0.306152,0.00244008,0,21.5437,-2.07484e+07
6493.62
Time: 5.652646
Gen:165
0.691408,0.306152,0.00244008,0,21.5437,-2.07484e+07
11289.9
ratio: 0.000000 stable count: -50
Time: 5.609937
Gen:166
0.691408,0.306152,0.00244008,0,21.5437,-2.07484e+07
4458.07
ratio: 0.000000 stable count: -49
Time: 4.709261
Gen:167
0.691408,0.306152,0.00244008,0,21.5437,-2.07484e+07
11862.1
ratio: 0.000000 stable count: -48
Time: 4.947729
Gen:168
0.691408,0.306152,0.00244008,0,21.5437,-2.07484e+07
2082.63
ratio: 0.000000 stable count: -47
Time: 4.871884
Gen:169
0.692042,0.305518,0.00244008,0,21.5431,-2.07478e+07
8023.85
Time: 5.847649
Gen:170
0.691767,0.305793,0.00244008,0,21.5392,-2.07441e+07
10944.1
Time: 5.029744
Gen:171
0.692862,0.304698,0.00244008,0,21.5386,-2.07435e+07
4070.06
Time: 4.271940
Gen:172
0.692862,0.304698,0.00244008,0,21.5386,-2.07435e+07
2892.53
ratio: 0.000000 stable count: -49
Time: 4.310408
Gen:173
0.692862,0.304698,0.00244008,0,21.5378,-2.07427e+07
11239.1
Time: 5.436163
Gen:174
0.692862,0.304698,0.00244008,0,21.5378,-2.07427e+07
14319.1
ratio: 0.000000 stable count: -49
Time: 5.088978
Gen:175
0.692862,0.304698,0.00244008,0,21.5378,-2.07427e+07
11674.2
ratio: 0.000000 stable count: -48
Time: 4.918681
Gen:176
0.692862,0.304698,0.00244008,0,21.5378,-2.07427e+07
19845.7
ratio: 0.000000 stable count: -47
Time: 5.557808
Gen:177
0.692862,0.304698,0.00244008,0,21.5378,-2.07427e+07
7307.22
ratio: 0.000000 stable count: -46
Time: 5.185840
Gen:178
0.692862,0.304698,0.00244008,0,21.5378,-2.07427e+07
3458.97
ratio: 0.000000 stable count: -45
Time: 5.809656
Gen:179
0.692862,0.304698,0.00244008,0,21.5378,-2.07427e+07
2593.13
ratio: 0.000000 stable count: -44
Time: 6.357093
Gen:180
0.692862,0.304698,0.00244008,0,21.5378,-2.07427e+07
8499.41
ratio: 0.000000 stable count: -43
Time: 6.033559
Gen:181
0.692862,0.304698,0.00244008,0,21.5378,-2.07427e+07
7519.9
ratio: 0.000000 stable count: -42
Time: 5.575464
Gen:182
0.692862,0.304698,0.00244008,0,21.5378,-2.07427e+07
2031.53
ratio: 0.000000 stable count: -41
Time: 6.635707
Gen:183
0.692862,0.304698,0.00244008,0,21.5378,-2.07427e+07
13533.5
ratio: 0.000000 stable count: -40
Time: 8.213242
Gen:184
0.692862,0.304698,0.00244008,0,21.5378,-2.07427e+07
3216.98
ratio: 0.000000 stable count: -39
Time: 5.632682
Gen:185
0.692862,0.304698,0.00244008,0,21.5378,-2.07427e+07
13297.9
ratio: 0.000000 stable count: -38
Time: 7.882290
Gen:186
0.692862,0.304698,0.00244008,0,21.5378,-2.07427e+07
8306.65
ratio: 0.000000 stable count: -37
Time: 6.664879
Gen:187
0.692862,0.304698,0.00244008,0,21.5378,-2.07427e+07
1833.1
ratio: 0.000000 stable count: -36
Time: 7.044957
Gen:188
0.692862,0.304698,0.00244008,0,21.5378,-2.07427e+07
7995.81
ratio: 0.000000 stable count: -35
Time: 6.714625
Gen:189
0.6924,0.30516,0.00244008,0,21.5374,-2.07424e+07
19017.1
Time: 5.970190
Gen:190
0.691195,0.307133,0.00167171,0,21.537,-2.0742e+07
3942.44
Time: 6.710067
Gen:191
0.691195,0.307133,0.00167171,0,21.537,-2.0742e+07
8191.58
ratio: 0.000000 stable count: -36
Time: 4.261329
Gen:192
0.691195,0.307133,0.00167171,0,21.537,-2.0742e+07
2917.8
ratio: 0.000000 stable count: -35
Time: 4.028486
Gen:193
0.691195,0.307133,0.00167171,0,21.537,-2.0742e+07
7968.61
ratio: 0.000000 stable count: -34
Time: 4.382025
Gen:194
0.691195,0.307133,0.00167171,0,21.537,-2.0742e+07
3452.29
ratio: 0.000000 stable count: -33
Time: 3.842040
Gen:195
0.691195,0.307133,0.00167171,0,21.537,-2.0742e+07
6201.38
ratio: 0.000000 stable count: -32
Time: 5.746324
Gen:196
0.691195,0.307133,0.00167171,0,21.537,-2.0742e+07
684.189
ratio: 0.000000 stable count: -31
Time: 5.195208
Gen:197
0.691195,0.307133,0.00167171,0,21.537,-2.0742e+07
3610.87
ratio: 0.000000 stable count: -30
Time: 3.340117
Gen:198
0.691195,0.307133,0.00167171,0,21.537,-2.0742e+07
5911.62
ratio: 0.000000 stable count: -29
Time: 3.296732
Gen:199
0.691195,0.307133,0.00167171,0,21.537,-2.0742e+07
13669.5
ratio: 0.000000 stable count: -28
Time: 4.834223
Gen:200
0.691195,0.307133,0.00167171,0,21.537,-2.0742e+07
1072.43
ratio: 0.000000 stable count: -27
Time: 3.867727
Gen:201
0.691195,0.307133,0.00167171,0,21.537,-2.0742e+07
5804.35
ratio: 0.000000 stable count: -26
Time: 4.426246
Gen:202
0.691195,0.307133,0.00167171,0,21.537,-2.0742e+07
17768.6
ratio: 0.000000 stable count: -25
Time: 3.971050
Gen:203
0.691195,0.307133,0.00167171,0,21.537,-2.0742e+07
1483.99
ratio: 0.000000 stable count: -24
Time: 6.627703
Gen:204
0.691195,0.307133,0.00167171,0,21.537,-2.0742e+07
7976.46
ratio: 0.000000 stable count: -23
Time: 6.569210
Gen:205
0.691195,0.307133,0.00167171,0,21.537,-2.0742e+07
2123.61
ratio: 0.000000 stable count: -22
Time: 5.182764
Gen:206
0.691195,0.307133,0.00167171,0,21.537,-2.0742e+07
10856.7
ratio: 0.000000 stable count: -21
Time: 4.650114
Gen:207
0.691195,0.307133,0.00167171,0,21.537,-2.0742e+07
814.566
ratio: 0.000000 stable count: -20
Time: 3.356827
Gen:208
0.691195,0.307133,0.00167171,0,21.537,-2.0742e+07
10753.9
ratio: 0.000000 stable count: -19
Time: 7.075137
Gen:209
0.691195,0.307133,0.00167171,0,21.537,-2.0742e+07
5701.54
ratio: 0.000000 stable count: -18
Time: 6.364304
Gen:210
0.691195,0.307133,0.00167171,0,21.537,-2.0742e+07
997.589
ratio: 0.000000 stable count: -17
Time: 6.294933
Gen:211
0.691195,0.307133,0.00167171,0,21.537,-2.0742e+07
3221.31
ratio: 0.000000 stable count: -16
Time: 5.230679
Gen:212
0.691195,0.307133,0.00167171,0,21.537,-2.0742e+07
4051.09
ratio: 0.000000 stable count: -15
Time: 6.508727
Gen:213
0.691195,0.307133,0.00167171,0,21.537,-2.0742e+07
18546.5
ratio: 0.000000 stable count: -14
Time: 7.151916
Gen:214
0.691195,0.307133,0.00167171,0,21.537,-2.0742e+07
18600.9
ratio: 0.000000 stable count: -13
Time: 6.947410
Gen:215
0.691195,0.307133,0.00167171,0,21.537,-2.0742e+07
1885.03
ratio: 0.000000 stable count: -12
Time: 7.407221
Gen:216
0.691195,0.307133,0.00167171,0,21.537,-2.0742e+07
7971.97
ratio: 0.000000 stable count: -11
Time: 5.440174
Gen:217
0.691195,0.307133,0.00167171,0,21.537,-2.0742e+07
1477.13
ratio: 0.000000 stable count: -10
Time: 6.715604
Gen:218
0.691195,0.307133,0.00167171,0,21.537,-2.0742e+07
5287.18
ratio: 0.000000 stable count: -9
Time: 4.480806
Gen:219
0.691195,0.307133,0.00167171,0,21.537,-2.0742e+07
4100.03
ratio: 0.000000 stable count: -8
Time: 7.103689
Gen:220
0.691195,0.307133,0.00167171,0,21.537,-2.0742e+07
10145.4
ratio: 0.000000 stable count: -7
Time: 6.736135
Gen:221
0.691195,0.307133,0.00167171,0,21.537,-2.0742e+07
1203.98
ratio: 0.000000 stable count: -6
Time: 7.099191
Gen:222
0.691195,0.307133,0.00167171,0,21.537,-2.0742e+07
31404.5
ratio: 0.000000 stable count: -5
Time: 7.095227
Gen:223
0.691195,0.307133,0.00167171,0,21.537,-2.0742e+07
3489.01
ratio: 0.000000 stable count: -4
Time: 5.968876
Gen:224
0.691195,0.307133,0.00167171,0,21.537,-2.0742e+07
15693
ratio: 0.000000 stable count: -3
Time: 5.970176
Gen:225
0.691195,0.307133,0.00167171,0,21.537,-2.0742e+07
10720.7
ratio: 0.000000 stable count: -2
Time: 6.715557
Gen:226
0.691195,0.307133,0.00167171,0,21.537,-2.0742e+07
5737.36
ratio: 0.000000 stable count: -1
Time: 6.695848
Gen:227
0.691195,0.307133,0.00167171,0,21.537,-2.0742e+07
1484.1
ratio: 0.000000 stable count: 0
Time: 6.017541
Gen:228
0.692499,0.30583,0.00167171,0,21.5331,-2.07382e+07
31152.8
Time: 7.525972
Gen:229
0.692499,0.30583,0.00167171,0,21.5331,-2.07382e+07
10203.2
ratio: 0.000000 stable count: 0
Time: 7.907597
Gen:230
0.692499,0.30583,0.00167171,0,21.5331,-2.07382e+07
6472.72
ratio: 0.000000 stable count: 1
Time: 4.154232
Gen:231
0.692499,0.30583,0.00167171,0,21.5331,-2.07382e+07
7694.01
ratio: 0.000000 stable count: 2
Time: 6.790132
Gen:232
0.692499,0.30583,0.00167171,0,21.5331,-2.07382e+07
16396.2
ratio: 0.000000 stable count: 3
Time: 7.164122
Gen:233
0.692499,0.30583,0.00167171,0,21.5331,-2.07382e+07
32337.2
ratio: 0.000000 stable count: 4
Time: 3.779464
Gen:234
0.692499,0.30583,0.00167171,0,21.5331,-2.07382e+07
4104.11
ratio: 0.000000 stable count: 5
Time: 7.913515
Gen:235
0.694342,0.303218,0.00244008,0,21.517,-2.07227e+07
11263.1
Time: 5.274314
Gen:236
0.694342,0.303218,0.00244008,0,21.517,-2.07227e+07
9984.61
ratio: 0.000000 stable count: 5
Time: 7.536802
Gen:237
0.694342,0.303218,0.00244008,0,21.517,-2.07227e+07
7796.32
ratio: 0.000000 stable count: 6
Time: 7.897103
Gen:238
0.694342,0.303218,0.00244008,0,21.517,-2.07227e+07
5640.34
ratio: 0.000000 stable count: 7
Time: 7.487660
Gen:239
0.694342,0.303218,0.00244008,0,21.517,-2.07227e+07
10136.6
ratio: 0.000000 stable count: 8
Time: 5.621821
Gen:240
0.694342,0.303218,0.00244008,0,21.517,-2.07227e+07
9420.78
ratio: 0.000000 stable count: 9
Time: 6.482267
Gen:241
0.694342,0.303218,0.00244008,0,21.517,-2.07227e+07
36641.1
ratio: 0.000000 stable count: 10
Time: 3.728739
Gen:242
0.694342,0.303218,0.00244008,0,21.517,-2.07227e+07
3483.65
ratio: 0.000000 stable count: 11
Time: 7.237338
Gen:243
0.694342,0.303218,0.00244008,0,21.517,-2.07227e+07
10638.9
ratio: 0.000000 stable count: 12
Time: 3.688491
Gen:244
0.694342,0.303218,0.00244008,0,21.517,-2.07227e+07
8115.89
ratio: 0.000000 stable count: 13
Time: 5.721792
Gen:245
0.694342,0.303218,0.00244008,0,21.517,-2.07227e+07
1425.85
ratio: 0.000000 stable count: 14
Time: 6.446792
Gen:246
0.694342,0.303218,0.00244008,0,21.517,-2.07227e+07
15582.1
ratio: 0.000000 stable count: 15
Time: 6.729428
Gen:247
0.694342,0.303218,0.00244008,0,21.517,-2.07227e+07
4250.87
ratio: 0.000000 stable count: 16
Time: 6.336422
Gen:248
0.694342,0.303218,0.00244008,0,21.517,-2.07227e+07
1998.21
ratio: 0.000000 stable count: 17
Time: 6.351775
Gen:249
0.694342,0.303218,0.00244008,0,21.517,-2.07227e+07
1579.03
ratio: 0.000000 stable count: 18
Time: 6.167654
Gen:250
0.694342,0.303218,0.00244008,0,21.517,-2.07227e+07
6184.96
ratio: 0.000000 stable count: 19
Time: 6.194582
Gen:251
0.694342,0.303218,0.00244008,0,21.517,-2.07227e+07
20356.6
FINAL Population size
25
Best : -2.07227e+07   30:59-1-16-10-52-64-58-45-36-22-33-43-61-60-17-50-23-69-38-22-33-58-35-6-63-24-42-15-30-63- ,  30:32-54-36-45-41-12-4-53-47-40-46-40-4-25-57-51-8-26-16-9-17-20-52-64-35-57-41-27-12-40- ,  30:5-54-38-3-66-19-36-41-51-56-8-52-20-43-50-0-69-29-19-22-13-43-17-20-33-22-38-18-67-27- ,  29:32-5-37-65-19-22-33-43-50-23-69-38-36-45-34-58-33-50-2-14-61-17-10-28-56-51-34-35-57- ,  30:67-27-41-51-8-26-49-42-62-21-6-47-40-4-7-47-6-56-8-26-1-31-11-59-10-28-56-51-58-57- ,  30:65-5-54-19-22-33-20-17-44-61-43-13-33-58-41-12-40-46-7-4-25-27-67-18-69-0-2-14-44-60- ,  30:9-31-1-26-8-51-41-27-67-5-54-36-45-34-51-8-26-49-42-15-11-9-17-20-33-22-38-18-32-37- ,  30:28-10-17-20-33-22-38-18-37-67-27-41-51-8-26-30-63-24-42-49-1-59-17-44-61-43-20-10-16-26- ,  30:19-3-69-48-39-18-54-36-41-12-27-67-65-39-48-66-54-5-18-65-39-48-29-23-2-14-60-17-59-11- ,  30:30-42-62-24-63-6-35-41-51-8-26-49-15-11-9-17-55-8-56-6-47-40-4-25-57-41-27-67-65-19- ,  29:31-1-68-11-9-1-26-8-51-41-12-25-34-51-56-28-8-52-64-35-6-47-53-4-25-27-67-65-32- ,  30:40-53-46-7-4-25-34-58-33-50-0-69-66-54-5-37-65-39-48-3-0-2-14-44-17-10-55-16-9-49- ,  29:63-21-24-30-26-16-10-17-50-0-69-18-69-23-50-2-14-61-17-59-11-49-26-8-51-35-6-21-62- ,  30:14-60-17-59-11-15-62-21-6-47-6-35-58-64-52-10-59-68-9-17-50-23-69-48-39-32-37-5-54-36- ,  30:3-48-39-18-54-36-41-25-4-53-47-6-56-8-26-62-21-6-35-34-45-36-19-3-29-69-0-2-14-60- , 

0.694342
0.303218
0.00244008
0
21.517
-2.07227e+07
Initial : -2.24321e+07
0.461797
0.491535
0.0461122
0.000555507
23.2664

-----------------------------------------
Iteration:0 started

Gen:0
0.471573,0.49085,0.0368348,0.000742406,23.0842,-2.22651e+07
445780
Time: 4.976065
Gen:1
0.470135,0.493077,0.0360456,0.000742406,23.0659,-2.22475e+07
307209
Time: 5.728353
Gen:2
0.482829,0.480212,0.0362896,0.000669723,23.0531,-2.22319e+07
11495.3
Time: 5.328625
Gen:3
0.480466,0.484916,0.0339482,0.000669723,22.9986,-2.21795e+07
15271.4
Time: 5.844858
Gen:4
0.480466,0.484916,0.0339482,0.000669723,22.9986,-2.21795e+07
23859.7
ratio: 0.000000 stable count: -3
Time: 4.453481
Gen:5
0.481152,0.48423,0.0339482,0.000669723,22.9952,-2.21762e+07
7269.11
Time: 4.530018
Gen:6
0.480674,0.487454,0.0316171,0.000254391,23.005,-2.21671e+07
3040.26
Time: 5.439251
Gen:7
0.489432,0.478696,0.0316171,0.000254391,22.9665,-2.213e+07
18269.9
Time: 4.734156
Gen:8
0.489432,0.478696,0.0316171,0.000254391,22.9665,-2.213e+07
26218.8
ratio: 0.000000 stable count: -5
Time: 3.546716
Gen:9
0.492719,0.47501,0.0316016,0.000669723,22.9297,-2.21131e+07
14519
Time: 3.151538
Gen:10
0.492719,0.47501,0.0316016,0.000669723,22.9297,-2.21131e+07
10670.3
ratio: 0.000000 stable count: -5
Time: 5.479976
Gen:11
0.501155,0.470587,0.0280557,0.000202474,22.9035,-2.20671e+07
7033.93
Time: 6.132062
Gen:12
0.501155,0.470587,0.0280557,0.000202474,22.9035,-2.20671e+07
29783.4
ratio: 0.000000 stable count: -5
Time: 5.311774
Gen:13
0.500278,0.471542,0.0279778,0.000202474,22.8974,-2.20612e+07
2932.42
Time: 5.590194
Gen:14
0.509104,0.46268,0.0280141,0.000202474,22.8545,-2.20198e+07
32923.7
Time: 4.920038
Gen:15
0.512369,0.459985,0.0274431,0.000202474,22.844,-2.20098e+07
358538
Time: 5.225722
Gen:16
0.515334,0.460702,0.0239647,0,22.8153,-2.19731e+07
7635.26
Time: 6.224990
Gen:17
0.526589,0.445028,0.0281803,0.000202474,22.7751,-2.19435e+07
15589
Time: 5.210154
Gen:18
0.528115,0.443502,0.0281803,0.000202474,22.7495,-2.19187e+07
17152.6
Time: 5.427292
Gen:19
0.528951,0.442297,0.0285489,0.000202474,22.7443,-2.19137e+07
13649.7
Time: 5.531083
Gen:20
0.531786,0.442796,0.0252937,0.0001246,22.7186,-2.18855e+07
20448
Time: 3.665581
Gen:21
0.534833,0.442853,0.0221891,0.0001246,22.6725,-2.18411e+07
72549.7
Time: 4.352037
Gen:22
0.534833,0.442853,0.0221891,0.0001246,22.6725,-2.18411e+07
26557.2
ratio: 0.000000 stable count: -13
Time: 3.939596
Gen:23
0.536292,0.442131,0.0214519,0.0001246,22.6667,-2.18355e+07
20089
Time: 3.314101
Gen:24
0.537076,0.440527,0.0222722,0.0001246,22.6651,-2.1834e+07
14805.4
Time: 5.462285
Gen:25
0.538224,0.441015,0.0206368,0.0001246,22.6405,-2.18104e+07
12695.8
Time: 3.466425
Gen:26
0.538094,0.440932,0.0208497,0.0001246,22.6206,-2.17912e+07
22287.4
Time: 5.535596
Gen:27
0.538094,0.440704,0.0210781,0.0001246,22.6183,-2.1789e+07
13234.3
Time: 6.330815
Gen:28
0.537829,0.441768,0.0202786,0.0001246,22.6025,-2.17738e+07
10000.3
Time: 5.285649
Gen:29
0.539921,0.442879,0.0170753,0.0001246,22.5725,-2.17448e+07
18659.9
Time: 6.071011
Gen:30
0.541198,0.441602,0.0170753,0.0001246,22.5652,-2.17378e+07
16477.2
Time: 5.733677
Gen:31
0.544002,0.439105,0.016769,0.0001246,22.565,-2.17376e+07
14434.7
ratio: 0.000008 stable count: -20
Time: 7.201405
Gen:32
0.547112,0.436223,0.0165406,0.0001246,22.5511,-2.17243e+07
12692.1
Time: 6.888756
Gen:33
0.542003,0.440107,0.0177658,0.0001246,22.5445,-2.17179e+07
23147.8
Time: 6.582022
Gen:34
0.542003,0.440107,0.0177658,0.0001246,22.5445,-2.17179e+07
24865.1
ratio: 0.000000 stable count: -21
Time: 5.956460
Gen:35
0.542917,0.43993,0.0170286,0.0001246,22.5427,-2.17161e+07
8497.95
Time: 4.564416
Gen:36
0.549058,0.433871,0.0169455,0.0001246,22.5298,-2.17037e+07
15710.6
Time: 7.396477
Gen:37
0.549432,0.433269,0.017174,0.0001246,22.5256,-2.16997e+07
23056.7
Time: 6.938806
Gen:38
0.549432,0.433186,0.017257,0.0001246,22.5248,-2.16989e+07
30546.2
Time: 6.931873
Gen:39
0.551343,0.431359,0.017174,0.0001246,22.5108,-2.16854e+07
1006.16
Time: 6.077983
Gen:40
0.551343,0.431359,0.017174,0.0001246,22.5108,-2.16854e+07
14126.7
ratio: 0.000000 stable count: -25
Time: 6.034145
Gen:41
0.558211,0.426032,0.0156321,0.0001246,22.4962,-2.16714e+07
24565.7
Time: 5.990161
Gen:42
0.563995,0.421598,0.0142822,0.0001246,22.4808,-2.16565e+07
13258.2
Time: 6.826439
Gen:43
0.565376,0.419184,0.0153154,0.0001246,22.4679,-2.16441e+07
19892.8
Time: 5.167334
Gen:44
0.565376,0.419184,0.0153154,0.0001246,22.4679,-2.16441e+07
5193.22
ratio: 0.000000 stable count: -27
Time: 5.942276
Gen:45
0.565272,0.418649,0.0159539,0.0001246,22.4537,-2.16305e+07
22298.4
Time: 4.161276
Gen:46
0.573651,0.41583,0.0105183,0,22.3839,-2.15576e+07
5884.18
Time: 6.275446
Gen:47
0.573548,0.415945,0.0105079,0,22.3698,-2.1544e+07
42583.6
Time: 5.447298
Gen:48
0.573548,0.415945,0.0105079,0,22.3698,-2.1544e+07
9436.6
ratio: 0.000000 stable count: -29
Time: 4.771631
Gen:49
0.572312,0.41771,0.00997835,0,22.3654,-2.15398e+07
12658.8
Time: 4.628338
Gen:50
0.572312,0.41771,0.00997835,0,22.3654,-2.15398e+07
16437.2
ratio: 0.000000 stable count: -29
Time: 4.654683
Gen:51
0.572312,0.41771,0.00997835,0,22.3654,-2.15398e+07
7375.64
ratio: 0.000000 stable count: -28
Time: 4.676372
Gen:52
0.572312,0.41771,0.00997835,0,22.3654,-2.15398e+07
21943.2
ratio: 0.000000 stable count: -27
Time: 4.009540
Gen:53
0.575733,0.414288,0.00997835,0,22.355,-2.15297e+07
1635.73
Time: 4.643925
Gen:54
0.576398,0.413624,0.00997835,0,22.3431,-2.15183e+07
5800.15
Time: 5.956808
Gen:55
0.576398,0.413624,0.00997835,0,22.3431,-2.15183e+07
29994.8
ratio: 0.000000 stable count: -28
Time: 4.145044
Gen:56
0.579435,0.410587,0.00997835,0,22.3375,-2.15129e+07
20826.6
Time: 6.138025
Gen:57
0.577244,0.412778,0.00997835,0,22.3368,-2.15123e+07
8196.41
Time: 5.194178
Gen:58
0.57984,0.410182,0.00997835,0,22.326,-2.15018e+07
15365.7
Time: 5.296371
Gen:59
0.58039,0.409632,0.00997835,0,22.3242,-2.15001e+07
13450.8
Time: 6.289331
Gen:60
0.582462,0.40756,0.00997835,0,22.3119,-2.14882e+07
13041
Time: 4.861132
Gen:61
0.589081,0.401678,0.00924114,0,22.3055,-2.14821e+07
7599.89
Time: 5.234138
Gen:62
0.589257,0.401501,0.00924114,0,22.2969,-2.14738e+07
13819.4
Time: 4.622549
Gen:63
0.589257,0.401501,0.00924114,0,22.2969,-2.14738e+07
6536.73
ratio: 0.000000 stable count: -34
Time: 4.466010
Gen:64
0.589257,0.401501,0.00924114,0,22.2969,-2.14738e+07
16504.3
ratio: 0.000000 stable count: -33
Time: 5.393145
Gen:65
0.589257,0.401501,0.00924114,0,22.2969,-2.14738e+07
3541.41
ratio: 0.000000 stable count: -32
Time: 5.356094
Gen:66
0.589756,0.400266,0.00997835,0,22.296,-2.14729e+07
7510.92
Time: 3.862999
Gen:67
0.590566,0.400193,0.00924114,0,22.2959,-2.14728e+07
8650.85
ratio: 0.000006 stable count: -32
Time: 4.332418
Gen:68
0.590566,0.400193,0.00924114,0,22.2959,-2.14728e+07
8168.6
ratio: 0.000000 stable count: -31
Time: 5.808117
Gen:69
0.591666,0.398355,0.00997835,0,22.2905,-2.14676e+07
9210.34
Time: 6.703229
Gen:70
0.591666,0.398355,0.00997835,0,22.2905,-2.14676e+07
13328.9
ratio: 0.000000 stable count: -31
Time: 7.444957
Gen:71
0.591666,0.398355,0.00997835,0,22.2905,-2.14676e+07
22162.9
ratio: 0.000000 stable count: -30
Time: 6.696200
Gen:72
0.591666,0.398355,0.00997835,0,22.2905,-2.14676e+07
8179.97
ratio: 0.000000 stable count: -29
Time: 5.637561
Gen:73
0.600736,0.391019,0.00824434,0,22.2586,-2.1437e+07
24266.5
Time: 4.807371
Gen:74
0.600736,0.391019,0.00824434,0,22.2586,-2.1437e+07
13287
ratio: 0.000000 stable count: -29
Time: 4.754155
Gen:75
0.600736,0.391019,0.00824434,0,22.2586,-2.1437e+07
22780
ratio: 0.000000 stable count: -28
Time: 4.508071
Gen:76
0.600736,0.391019,0.00824434,0,22.2586,-2.1437e+07
15034.6
ratio: 0.000000 stable count: -27
Time: 5.031287
Gen:77
0.600736,0.391019,0.00824434,0,22.2586,-2.1437e+07
8176.86
ratio: 0.000000 stable count: -26
Time: 4.323649
Gen:78
0.607044,0.385158,0.00779786,0,22.1869,-2.13679e+07
4654.9
Time: 4.762445
Gen:79
0.607044,0.385158,0.00779786,0,22.1869,-2.13679e+07
38994.5
ratio: 0.000000 stable count: -26
Time: 6.679044
Gen:80
0.607044,0.385158,0.00779786,0,22.1869,-2.13679e+07
18143.3
ratio: 0.000000 stable count: -25
Time: 5.170459
Gen:81
0.612127,0.38251,0.00536297,0,22.1644,-2.13462e+07
1590.4
Time: 5.436645
Gen:82
0.612127,0.38251,0.00536297,0,22.1644,-2.13462e+07
11913.7
ratio: 0.000000 stable count: -25
Time: 5.699918
Gen:83
0.615205,0.379432,0.00536297,0,22.1455,-2.1328e+07
5119.54
Time: 6.257124
Gen:84
0.615205,0.379432,0.00536297,0,22.1455,-2.1328e+07
12904.4
ratio: 0.000000 stable count: -25
Time: 5.623767
Gen:85
0.615205,0.379432,0.00536297,0,22.1455,-2.1328e+07
9927.53
ratio: 0.000000 stable count: -24
Time: 6.397387
Gen:86
0.615205,0.379432,0.00536297,0,22.1455,-2.1328e+07
10797.7
ratio: 0.000000 stable count: -23
Time: 6.487578
Gen:87
0.615652,0.378985,0.00536297,0,22.1446,-2.13271e+07
10808.3
Time: 4.765279
Gen:88
0.615652,0.378985,0.00536297,0,22.1446,-2.13271e+07
2915.84
ratio: 0.000000 stable count: -23
Time: 6.507918
Gen:89
0.615652,0.378985,0.00536297,0,22.1446,-2.13271e+07
11288.1
ratio: 0.000000 stable count: -22
Time: 5.237872
Gen:90
0.615652,0.378985,0.00536297,0,22.1446,-2.13271e+07
4624.64
ratio: 0.000000 stable count: -21
Time: 6.799865
Gen:91
0.615652,0.378985,0.00536297,0,22.1446,-2.13271e+07
8556.2
ratio: 0.000000 stable count: -20
Time: 5.505632
Gen:92
0.615652,0.378985,0.00536297,0,22.1446,-2.13271e+07
7745.02
ratio: 0.000000 stable count: -19
Time: 6.526971
Gen:93
0.616462,0.378175,0.00536297,0,22.1357,-2.13185e+07
1519.77
Time: 6.690913
Gen:94
0.616462,0.378175,0.00536297,0,22.1357,-2.13185e+07
10017.5
ratio: 0.000000 stable count: -19
Time: 5.340312
Gen:95
0.616462,0.378175,0.00536297,0,22.1357,-2.13185e+07
10307.6
ratio: 0.000000 stable count: -18
Time: 3.539751
Gen:96
0.616462,0.378175,0.00536297,0,22.1357,-2.13185e+07
4728.67
ratio: 0.000000 stable count: -17
Time: 5.628951
Gen:97
0.616462,0.378175,0.00536297,0,22.1357,-2.13185e+07
6505.88
ratio: 0.000000 stable count: -16
Time: 4.563426
Gen:98
0.616462,0.378175,0.00536297,0,22.1357,-2.13185e+07
7726.95
ratio: 0.000000 stable count: -15
Time: 7.265288
Gen:99
0.616462,0.378175,0.00536297,0,22.1357,-2.13185e+07
8445.58
ratio: 0.000000 stable count: -14
Time: 5.658012
Gen:100
0.616462,0.378175,0.00536297,0,22.1357,-2.13185e+07
10984.6
ratio: 0.000000 stable count: -13
Time: 6.632415
Gen:101
0.616462,0.378175,0.00536297,0,22.1357,-2.13185e+07
9576.76
ratio: 0.000000 stable count: -12
Time: 4.671909
Gen:102
0.616462,0.378175,0.00536297,0,22.1357,-2.13185e+07
9493.33
ratio: 0.000000 stable count: -11
Time: 6.041689
Gen:103
0.616462,0.378175,0.00536297,0,22.1357,-2.13185e+07
17597.2
ratio: 0.000000 stable count: -10
Time: 5.473938
Gen:104
0.616462,0.378175,0.00536297,0,22.1357,-2.13185e+07
8220.93
ratio: 0.000000 stable count: -9
Time: 6.582865
Gen:105
0.618948,0.374219,0.00683221,0,22.1316,-2.13146e+07
13504.8
Time: 4.890022
Gen:106
0.618948,0.374219,0.00683221,0,22.1316,-2.13146e+07
15743.5
ratio: 0.000000 stable count: -9
Time: 6.754611
Gen:107
0.618948,0.374219,0.00683221,0,22.1316,-2.13146e+07
6943.15
ratio: 0.000000 stable count: -8
Time: 6.283598
Gen:108
0.618948,0.374219,0.00683221,0,22.1316,-2.13146e+07
7726.95
ratio: 0.000000 stable count: -7
Time: 6.745312
Gen:109
0.618948,0.374219,0.00683221,0,22.1316,-2.13146e+07
3793.91
ratio: 0.000000 stable count: -6
Time: 5.497083
Gen:110
0.618948,0.374219,0.00683221,0,22.1316,-2.13146e+07
16674.9
ratio: 0.000000 stable count: -5
Time: 6.540894
Gen:111
0.618948,0.374219,0.00683221,0,22.1316,-2.13146e+07
10356.1
ratio: 0.000000 stable count: -4
Time: 5.969391
Gen:112
0.618948,0.374219,0.00683221,0,22.1316,-2.13146e+07
3185.59
ratio: 0.000000 stable count: -3
Time: 5.060844
Gen:113
0.615626,0.377542,0.00683221,0,22.1299,-2.1313e+07
1927.38
Time: 4.598407
Gen:114
0.615626,0.377542,0.00683221,0,22.1299,-2.1313e+07
21499.4
ratio: 0.000000 stable count: -3
Time: 7.466395
Gen:115
0.615626,0.377542,0.00683221,0,22.1299,-2.1313e+07
6081.79
ratio: 0.000000 stable count: -2
Time: 6.004953
Gen:116
0.615626,0.377542,0.00683221,0,22.1299,-2.1313e+07
8665.51
ratio: 0.000000 stable count: -1
Time: 5.524528
Gen:117
0.618917,0.374764,0.00631824,0,22.1164,-2.13e+07
4790.41
Time: 6.187126
Gen:118
0.618917,0.374764,0.00631824,0,22.1164,-2.13e+07
6528.36
ratio: 0.000000 stable count: -1
Time: 6.654661
Gen:119
0.618917,0.374764,0.00631824,0,22.1164,-2.13e+07
4698.2
ratio: 0.000000 stable count: 0
Time: 5.676306
Gen:120
0.618917,0.374764,0.00631824,0,22.1164,-2.13e+07
9472.97
ratio: 0.000000 stable count: 1
Time: 5.361090
Gen:121
0.618917,0.374764,0.00631824,0,22.1164,-2.13e+07
4339.26
ratio: 0.000000 stable count: 2
Time: 4.170046
Gen:122
0.618917,0.374764,0.00631824,0,22.1164,-2.13e+07
26896.8
ratio: 0.000000 stable count: 3
Time: 5.844353
Gen:123
0.618917,0.374764,0.00631824,0,22.1164,-2.13e+07
4206.32
ratio: 0.000000 stable count: 4
Time: 6.299553
Gen:124
0.618917,0.374764,0.00631824,0,22.1164,-2.13e+07
5486.27
ratio: 0.000000 stable count: 5
Time: 4.297665
Gen:125
0.617661,0.375372,0.00696719,0,22.1163,-2.12998e+07
1538.51
ratio: 0.000006 stable count: 6
Time: 4.884304
Gen:126
0.617661,0.375372,0.00696719,0,22.1163,-2.12998e+07
12893.1
ratio: 0.000000 stable count: 7
Time: 4.424110
Gen:127
0.620994,0.372465,0.00654148,0,22.1135,-2.12972e+07
22505.8
Time: 5.160236
Gen:128
0.620994,0.372465,0.00654148,0,22.1135,-2.12972e+07
3115.23
ratio: 0.000000 stable count: 7
Time: 5.705331
Gen:129
0.620994,0.372465,0.00654148,0,22.1135,-2.12972e+07
2207.57
ratio: 0.000000 stable count: 8
Time: 5.379853
Gen:130
0.620994,0.372465,0.00654148,0,22.1135,-2.12972e+07
5971.97
ratio: 0.000000 stable count: 9
Time: 6.106975
Gen:131
0.620994,0.372465,0.00654148,0,22.1135,-2.12972e+07
6084.08
ratio: 0.000000 stable count: 10
Time: 4.447285
Gen:132
0.621176,0.372283,0.00654148,0,22.1124,-2.12961e+07
20294
Time: 3.924867
Gen:133
0.621176,0.372283,0.00654148,0,22.1124,-2.12961e+07
21818.2
ratio: 0.000000 stable count: 10
Time: 5.404263
Gen:134
0.621176,0.372283,0.00654148,0,22.1124,-2.12961e+07
6565.52
ratio: 0.000000 stable count: 11
Time: 5.797996
Gen:135
0.621176,0.372283,0.00654148,0,22.1124,-2.12961e+07
25934.6
ratio: 0.000000 stable count: 12
Time: 6.059981
Gen:136
0.621176,0.372283,0.00654148,0,22.1124,-2.12961e+07
14687.3
ratio: 0.000000 stable count: 13
Time: 7.333491
Gen:137
0.621176,0.372283,0.00654148,0,22.1124,-2.12961e+07
3792.97
ratio: 0.000000 stable count: 14
Time: 5.711694
Gen:138
0.621176,0.372283,0.00654148,0,22.1124,-2.12961e+07
9646.48
ratio: 0.000000 stable count: 15
Time: 5.441456
Gen:139
0.621176,0.372283,0.00654148,0,22.1124,-2.12961e+07
21027
ratio: 0.000000 stable count: 16
Time: 5.660941
Gen:140
0.621176,0.372283,0.00654148,0,22.1124,-2.12961e+07
12319.2
ratio: 0.000000 stable count: 17
Time: 4.743916
Gen:141
0.621176,0.372283,0.00654148,0,22.1124,-2.12961e+07
7736.44
ratio: 0.000000 stable count: 18
Time: 5.002482
Gen:142
0.621176,0.372283,0.00654148,0,22.1124,-2.12961e+07
6626.82
ratio: 0.000000 stable count: 19
Time: 3.445060
Gen:143
0.621176,0.372283,0.00654148,0,22.1124,-2.12961e+07
9141.28
FINAL Population size
25
Best : -2.12961e+07   30:9-68-59-10-52-64-58-35-6-63-30-26-1-31-9-16-9-49-62-21-6-47-6-35-58-33-50-2-14-44- ,  30:29-48-66-19-22-33-43-61-60-17-59-1-49-26-8-26-30-63-24-42-49-1-59-17-44-61-43-20-10-28- ,  30:9-68-11-15-62-21-6-47-40-4-53-47-6-35-58-33-22-38-3-23-50-17-59-11-1-16-55-8-26-49- ,  30:66-3-29-19-36-41-51-56-8-52-20-43-50-0-69-18-65-39-48-69-23-50-17-10-16-26-30-15-11-31- ,  30:22-19-69-23-3-38-36-41-51-8-10-59-1-26-30-24-21-6-35-41-27-67-27-12-40-47-6-21-62-30- ,  30:68-11-31-1-26-8-51-41-12-40-46-7-4-25-34-58-33-50-2-14-61-17-59-11-49-26-8-51-34-45- ,  30:37-65-32-54-36-45-41-12-4-53-47-6-47-40-46-7-4-25-27-67-27-25-4-53-47-40-7-4-53-46- ,  30:55-8-51-34-58-33-50-0-2-14-61-17-9-11-1-16-10-52-64-58-45-36-38-69-0-2-14-61-43-13- ,  30:60-44-61-43-13-33-58-41-12-25-34-58-64-52-10-16-55-8-28-56-51-41-36-54-18-67-27-12-40-46- ,  30:37-32-18-19-22-33-43-20-17-59-17-20-33-58-34-25-27-67-18-39-48-3-23-2-14-61-17-59-1-49- ,  29:61-44-17-20-52-64-51-34-25-4-7-40-12-41-36-38-69-18-67-27-25-4-53-47-40-7-4-53-46- ,  30:9-49-26-1-16-10-20-33-22-19-65-37-67-27-41-51-8-26-62-21-6-35-64-52-10-16-26-30-15-11- ,  30:34-57-41-36-54-65-67-27-25-4-25-57-51-8-51-41-36-38-66-18-67-37-32-18-66-48-39-65-5-54- ,  30:61-44-17-20-33-22-36-45-58-64-52-55-17-60-61-43-50-23-69-23-2-50-17-10-28-56-6-47-53-46- ,  30:27-41-51-8-26-49-42-62-21-6-35-58-33-50-0-69-29-19-22-13-43-17-20-52-64-35-57-51-56-8- , 

0.621176
0.372283
0.00654148
0
22.1124
-2.12961e+07
All Run Best : -2.07227e+07   30:59-1-16-10-52-64-58-45-36-22-33-43-61-60-17-50-23-69-38-22-33-58-35-6-63-24-42-15-30-63- ,  30:32-54-36-45-41-12-4-53-47-40-46-40-4-25-57-51-8-26-16-9-17-20-52-64-35-57-41-27-12-40- ,  30:5-54-38-3-66-19-36-41-51-56-8-52-20-43-50-0-69-29-19-22-13-43-17-20-33-22-38-18-67-27- ,  29:32-5-37-65-19-22-33-43-50-23-69-38-36-45-34-58-33-50-2-14-61-17-10-28-56-51-34-35-57- ,  30:67-27-41-51-8-26-49-42-62-21-6-47-40-4-7-47-6-56-8-26-1-31-11-59-10-28-56-51-58-57- ,  30:65-5-54-19-22-33-20-17-44-61-43-13-33-58-41-12-40-46-7-4-25-27-67-18-69-0-2-14-44-60- ,  30:9-31-1-26-8-51-41-27-67-5-54-36-45-34-51-8-26-49-42-15-11-9-17-20-33-22-38-18-32-37- ,  30:28-10-17-20-33-22-38-18-37-67-27-41-51-8-26-30-63-24-42-49-1-59-17-44-61-43-20-10-16-26- ,  30:19-3-69-48-39-18-54-36-41-12-27-67-65-39-48-66-54-5-18-65-39-48-29-23-2-14-60-17-59-11- ,  30:30-42-62-24-63-6-35-41-51-8-26-49-15-11-9-17-55-8-56-6-47-40-4-25-57-41-27-67-65-19- ,  29:31-1-68-11-9-1-26-8-51-41-12-25-34-51-56-28-8-52-64-35-6-47-53-4-25-27-67-65-32- ,  30:40-53-46-7-4-25-34-58-33-50-0-69-66-54-5-37-65-39-48-3-0-2-14-44-17-10-55-16-9-49- ,  29:63-21-24-30-26-16-10-17-50-0-69-18-69-23-50-2-14-61-17-59-11-49-26-8-51-35-6-21-62- ,  30:14-60-17-59-11-15-62-21-6-47-6-35-58-64-52-10-59-68-9-17-50-23-69-48-39-32-37-5-54-36- ,  30:3-48-39-18-54-36-41-25-4-53-47-6-56-8-26-62-21-6-35-34-45-36-19-3-29-69-0-2-14-60- , 

0.694342
0.303218
0.00244008
0
21.517
-2.07227e+07
