routeSetSize:56,pSwap:0.0178571,popSize:18,elite:2,pSm:1,pDelete:0.4,tFit:10,maxGen:250,run:1,stableCount:20,e:0.7,minGen:1,minFitnessRatio:1e-05,minRouteLength:10,maxRouteLength:22,maxIter:1,beta:0.8,beta:0.8, OpATT22.1689
Initial : -6.35545e+07
0.388985
0.56982
0.0401617
0.00103344
26.1719

-----------------------------------------
Iteration:0 started

Gen:0
0.388985,0.56982,0.0401617,0.00103344,26.1719,-6.35545e+07
778493
ratio: 0.000000
Gen:1
0.389336,0.569702,0.0399286,0.00103344,26.1578,-6.35205e+07
285643
Gen:2
0.389725,0.570115,0.0391262,0.00103344,26.1528,-6.35084e+07
18241.6
Gen:3
0.390738,0.569426,0.0388024,0.00103344,26.1422,-6.34827e+07
10181.5
Gen:4
0.390456,0.569709,0.0388024,0.00103344,26.1406,-6.34788e+07
16498.1
Gen:5
0.391235,0.569471,0.0382599,0.00103344,26.127,-6.34458e+07
9035.55
Gen:6
0.391458,0.571223,0.0362858,0.00103344,26.1093,-6.34029e+07
16191.9
Gen:7
0.392739,0.569997,0.0362301,0.00103344,26.1036,-6.33893e+07
13963.5
Gen:8
0.392972,0.570024,0.0359702,0.00103344,26.0989,-6.33779e+07
8928.75
Gen:9
0.393995,0.569488,0.0354834,0.00103344,26.0906,-6.33577e+07
15689.9
Gen:10
0.394525,0.568898,0.0355432,0.00103344,26.0878,-6.33509e+07
10123.2
Gen:11
0.395433,0.568714,0.0348192,0.00103344,26.0741,-6.33177e+07
311510
Gen:12
0.395433,0.568714,0.0348192,0.00103344,26.0741,-6.33177e+07
13739.6
ratio: 0.000000
Gen:13
0.396493,0.570521,0.0329854,0,26.0441,-6.31297e+07
13959.1
Gen:14
0.396493,0.570521,0.0329854,0,26.0441,-6.31297e+07
66599.3
ratio: 0.000000
Gen:15
0.397446,0.570012,0.0325419,0,26.0306,-6.30968e+07
5404.39
Gen:16
0.398018,0.56944,0.0325419,0,26.0277,-6.30899e+07
10671.8
Gen:17
0.398731,0.569882,0.0313868,0,26.0259,-6.30854e+07
6215.05
Gen:18
0.398797,0.569816,0.0313868,0,26.0247,-6.30826e+07
5663.97
Gen:19
0.397778,0.569653,0.0325687,0,26.0187,-6.3068e+07
10529.4
Gen:20
0.399841,0.56911,0.0310485,0,26.0158,-6.3061e+07
44077.5
Gen:21
0.400642,0.568543,0.0308154,0,26.0092,-6.30451e+07
6090.8
Gen:22
0.401702,0.570445,0.0278533,0,26.0009,-6.3025e+07
312309
