routeSetSize:56,pSwap:0.0178571,popSize:25,elite:2,pSm:0.7,pDelete:0.4,tFit:10,maxGen:300,run:1,stableCount:20,e:0.7,minGen:1,minFitnessRatio:1e-05,minRouteLength:10,maxRouteLength:22,maxIter:1,beta:0.8,beta:0.8, OpATT22.1689
minRputeSize: 10 maxRouteSize: 22
Initial : -6.34849e+07
0.407494
0.554118
0.0376101
0.000777656
26.1549

-----------------------------------------
Iteration:0 started

Gen:0
0.41335,0.559981,0.0266693,0,26.0053,-6.30355e+07
855926
Time: 46.286606
Gen:1
0.413905,0.559613,0.0264816,0,25.9981,-6.30182e+07
291267
Time: 38.746437
Gen:2
0.414097,0.558613,0.0272902,0,25.9935,-6.30069e+07
63965.8
Time: 41.928584
Gen:3
0.4144,0.560125,0.0254749,0,25.9837,-6.29831e+07
10749.6
Time: 37.017803
Gen:4
0.415392,0.559539,0.0250686,0,25.9823,-6.29799e+07
13716.9
Time: 41.675732
Gen:5
0.415231,0.559838,0.0249304,0,25.9775,-6.29683e+07
6837.58
Time: 37.612799
Gen:6
0.415801,0.559195,0.0250046,0,25.9734,-6.29583e+07
9017.69
Time: 36.924824
Gen:7
0.416007,0.558951,0.0250418,0,25.9714,-6.29534e+07
9824.33
Time: 52.947449
Gen:8
0.416201,0.558667,0.0251325,0,25.9555,-6.29149e+07
23938.5
Time: 56.032742
Gen:9
0.416609,0.558611,0.0247798,0,25.95,-6.29014e+07
17784.3
Time: 51.813513
Gen:10
0.417263,0.558161,0.0245756,0,25.9458,-6.28912e+07
8311.44
Time: 44.858280
Gen:11
0.421463,0.555259,0.0232781,0,25.9285,-6.28493e+07
7957.75
Time: 54.051991
Gen:12
0.421807,0.554844,0.0233483,0,25.9273,-6.28465e+07
49283
Time: 43.994265
Gen:13
0.422109,0.554716,0.023175,0,25.9233,-6.28368e+07
12235.1
Time: 49.307402
Gen:14
0.423307,0.553702,0.0229914,0,25.9162,-6.28197e+07
9677.58
Time: 44.193491
Gen:15
0.423705,0.553196,0.0230987,0,25.9131,-6.28121e+07
9787.59
Time: 42.240514
Gen:16
0.423988,0.553021,0.0229914,0,25.9091,-6.28025e+07
14131.7
Time: 42.364722
Gen:17
0.424949,0.55213,0.0229213,0,25.9061,-6.27952e+07
15502.9
Time: 45.335209
Gen:18
0.425258,0.551332,0.0234101,0,25.8992,-6.27784e+07
12745.2
Time: 49.918034
Gen:19
0.426145,0.552066,0.0217888,0,25.893,-6.27635e+07
9418.29
Time: 51.056686
Gen:20
0.427078,0.550418,0.0225046,0,25.881,-6.27344e+07
9698.71
Time: 47.565898
Gen:21
0.427181,0.550315,0.0225046,0,25.8786,-6.27283e+07
15116.2
Time: 48.547263
Gen:22
0.427791,0.549774,0.0224345,0,25.8743,-6.2718e+07
7758.05
Time: 46.791782
Gen:23
0.429951,0.547942,0.0221065,0,25.8621,-6.26885e+07
9530.81
Time: 48.993272
Gen:24
0.429217,0.548712,0.0220714,0,25.8501,-6.26593e+07
13731.2
Time: 58.903500
Gen:25
0.429365,0.549188,0.0214464,0,25.8469,-6.26517e+07
15132.3
Time: 58.215137
Gen:26
0.430442,0.54851,0.0210483,0,25.8345,-6.26215e+07
6874.69
Time: 45.598914
Gen:27
0.4307,0.548359,0.020941,0,25.8325,-6.26166e+07
14263.6
Time: 61.734618
Gen:28
0.4311,0.547959,0.020941,0,25.8306,-6.2612e+07
5772.79
Time: 47.239950
Gen:29
0.43177,0.547109,0.0211205,0,25.8251,-6.25988e+07
28094
Time: 61.473465
Gen:30
0.432336,0.546614,0.0210504,0,25.8206,-6.25878e+07
9187.63
Time: 52.968548
Gen:31
0.432228,0.546651,0.0211205,0,25.82,-6.25864e+07
23538.8
Time: 54.863473
Gen:32
0.432653,0.546069,0.0212773,0,25.8148,-6.25738e+07
15278
Time: 47.771047
Gen:33
0.432674,0.546765,0.0205615,0,25.8032,-6.25456e+07
4873.13
Time: 59.451854
Gen:34
0.432794,0.546575,0.0206316,0,25.8013,-6.25411e+07
11576.4
Time: 49.489390
Gen:35
0.433173,0.546195,0.0206316,0,25.7997,-6.25371e+07
4611.05
Time: 54.074714
Gen:36
0.433973,0.545459,0.0205677,0,25.7945,-6.25246e+07
13033.5
Time: 35.360477
Gen:37
0.434295,0.545036,0.0206687,0,25.7939,-6.2523e+07
15533.9
Time: 45.830164
Gen:38
0.434438,0.544925,0.0206378,0,25.7907,-6.25155e+07
6469.07
Time: 39.534217
Gen:39
0.434438,0.544925,0.0206378,0,25.7907,-6.25155e+07
20983.5
ratio: 0.000000 stable count: -38
Time: 48.031379
Gen:40
0.434933,0.544522,0.020545,0,25.7882,-6.25093e+07
14822
Time: 41.823204
Gen:41
0.434947,0.544273,0.0207801,0,25.7759,-6.24794e+07
6958.86
Time: 46.048732
Gen:42
0.434733,0.544409,0.0208585,0,25.7751,-6.24775e+07
20731.2
Time: 41.921372
Gen:43
0.435246,0.543788,0.0209658,0,25.7713,-6.24683e+07
15643.8
Time: 46.115341
Gen:44
0.437447,0.54213,0.0204233,0,25.7672,-6.24583e+07
24058.8
Time: 39.854058
Gen:45
0.437447,0.54213,0.0204233,0,25.7672,-6.24583e+07
11517.5
ratio: 0.000000 stable count: -42
Time: 44.085231
Gen:46
0.437926,0.541721,0.0203531,0,25.766,-6.24555e+07
16885.3
Time: 46.091552
Gen:47
0.438243,0.541403,0.0203531,0,25.7648,-6.24526e+07
7414.46
Time: 44.042002
Gen:48
0.438472,0.540997,0.0205305,0,25.7605,-6.24421e+07
11257.9
Time: 44.224422
Gen:49
0.438111,0.542757,0.019132,0,25.7492,-6.24147e+07
12722.5
Time: 41.981232
Gen:50
0.438384,0.542484,0.019132,0,25.7488,-6.24139e+07
18268
Time: 44.040430
Gen:51
0.438697,0.542171,0.019132,0,25.7457,-6.24064e+07
12041.1
Time: 46.262543
Gen:52
0.440213,0.541197,0.0185895,0,25.7386,-6.2389e+07
22471.6
Time: 44.217247
Gen:53
0.440213,0.541197,0.0185895,0,25.7386,-6.2389e+07
21064.1
ratio: 0.000000 stable count: -48
Time: 44.269111
Gen:54
0.440366,0.541045,0.0185895,0,25.7381,-6.23879e+07
6143.15
Time: 47.422466
Gen:55
0.440851,0.540865,0.0182842,0,25.7324,-6.23741e+07
20919.8
Time: 44.190635
Gen:56
0.440927,0.540789,0.0182842,0,25.7319,-6.23729e+07
7828.99
Time: 43.776033
Gen:57
0.44167,0.540455,0.0178758,0,25.7252,-6.23565e+07
14887.3
Time: 33.806755
Gen:58
0.44167,0.540455,0.0178758,0,25.7252,-6.23565e+07
13487.9
ratio: 0.000000 stable count: -51
Time: 47.449125
Gen:59
0.44272,0.539557,0.0177231,0,25.7225,-6.235e+07
11991.6
Time: 50.250494
Gen:60
0.44272,0.539557,0.0177231,0,25.7225,-6.235e+07
27043.1
ratio: 0.000000 stable count: -51
Time: 54.800228
Gen:61
0.443136,0.539211,0.017653,0,25.7193,-6.23423e+07
15038.3
Time: 49.044091
Gen:62
0.445211,0.537693,0.0170961,0,25.7145,-6.23307e+07
13564.4
Time: 45.112147
Gen:63
0.445985,0.536979,0.0170362,0,25.7089,-6.23171e+07
17052.1
Time: 41.868618
Gen:64
0.445979,0.535704,0.0183172,0,25.7077,-6.23141e+07
13545.9
Time: 44.600028
Gen:65
0.445979,0.535704,0.0183172,0,25.7077,-6.23141e+07
7375.98
ratio: 0.000000 stable count: -54
Time: 49.564528
Gen:66
0.446713,0.53497,0.0183172,0,25.7014,-6.22988e+07
7679.4
Time: 60.484189
Gen:67
0.44706,0.534774,0.0181666,0,25.6996,-6.22946e+07
7800
Time: 50.641336
Gen:68
0.449801,0.532981,0.0172178,0,25.6912,-6.22742e+07
9567.05
Time: 60.077456
Gen:69
0.450176,0.532598,0.017226,0,25.6902,-6.22718e+07
12171.1
Time: 41.931517
Gen:70
0.45035,0.532449,0.0172013,0,25.6874,-6.22651e+07
4921.64
Time: 48.960257
Gen:71
0.450308,0.53275,0.0169414,0,25.687,-6.2264e+07
8847.74
Time: 59.285381
Gen:72
0.45035,0.532449,0.0172013,0,25.6837,-6.2256e+07
7423.39
Time: 61.987979
Gen:73
0.451688,0.531717,0.0165948,0,25.6833,-6.22551e+07
14459.6
Time: 65.098729
Gen:74
0.451195,0.531614,0.0171909,0,25.6783,-6.2243e+07
10212.2
Time: 65.045457
Gen:75
0.451195,0.531614,0.0171909,0,25.6783,-6.2243e+07
13257.1
ratio: 0.000000 stable count: -62
Time: 58.797474
Gen:76
0.452431,0.530549,0.0170197,0,25.6722,-6.22282e+07
10969.9
Time: 64.996904
Gen:77
0.453056,0.52993,0.0170136,0,25.6697,-6.2222e+07
7302.93
Time: 68.396470
Gen:78
0.455123,0.528524,0.0163535,0,25.6549,-6.21863e+07
14313.8
Time: 62.039739
Gen:79
0.455783,0.528264,0.0159533,0,25.6507,-6.2176e+07
19345.9
Time: 65.470016
Gen:80
0.455783,0.528264,0.0159533,0,25.6507,-6.2176e+07
13075.4
ratio: 0.000000 stable count: -65
Time: 52.899072
Gen:81
0.455911,0.528136,0.0159533,0,25.6502,-6.21748e+07
23785.8
Time: 65.407741
Gen:82
0.456185,0.527862,0.0159533,0,25.6495,-6.21731e+07
21897.8
Time: 65.415304
Gen:83
0.456026,0.52848,0.0154933,0,25.6475,-6.21683e+07
19013.6
Time: 65.458146
Gen:84
0.458566,0.525533,0.0159017,0,25.6385,-6.21464e+07
20586.4
Time: 68.678114
Gen:85
0.458566,0.525533,0.0159017,0,25.6385,-6.21464e+07
17482.9
ratio: 0.000000 stable count: -68
Time: 62.924165
Gen:86
0.458566,0.525533,0.0159017,0,25.6385,-6.21464e+07
17828
ratio: 0.000000 stable count: -67
Time: 63.084099
Gen:87
0.459127,0.525038,0.0158357,0,25.6362,-6.21409e+07
8764.54
Time: 56.848010
Gen:88
0.459595,0.524569,0.0158357,0,25.6345,-6.21368e+07
17950.1
Time: 60.154386
Gen:89
0.459646,0.524807,0.0155469,0,25.6333,-6.21339e+07
15840.2
Time: 63.393019
Gen:90
0.460117,0.524604,0.0152788,0,25.6286,-6.21224e+07
37472.9
Time: 69.830850
Gen:91
0.460117,0.524604,0.0152788,0,25.6286,-6.21224e+07
15126.2
ratio: 0.000000 stable count: -70
Time: 63.303070
Gen:92
0.460373,0.524349,0.0152788,0,25.6272,-6.21191e+07
15022.8
Time: 47.211260
Gen:93
0.460771,0.524058,0.0151715,0,25.6236,-6.21102e+07
27816
Time: 66.209994
Gen:94
0.461548,0.523664,0.0147878,0,25.6225,-6.21077e+07
10910.6
Time: 59.954263
Gen:95
0.461321,0.523507,0.0151715,0,25.6225,-6.21076e+07
7096.39
ratio: 0.000002 stable count: -72
Time: 63.161786
Gen:96
0.461711,0.523501,0.0147878,0,25.622,-6.21065e+07
13618.5
Time: 66.450155
Gen:97
0.462549,0.521902,0.015549,0,25.5997,-6.20523e+07
10814.4
Time: 69.664158
Gen:98
0.463165,0.522379,0.0144557,0,25.5828,-6.20115e+07
27506.5
Time: 66.674852
Gen:99
0.463747,0.521797,0.0144557,0,25.5799,-6.20045e+07
25556.8
Time: 60.709942
Gen:100
0.463485,0.522439,0.0140762,0,25.577,-6.19973e+07
26846.5
Time: 70.168057
Gen:101
0.464224,0.521644,0.0141319,0,25.5764,-6.1996e+07
10881.4
Time: 67.029490
Gen:102
0.464151,0.521772,0.0140762,0,25.5717,-6.19845e+07
16880.6
Time: 63.952988
Gen:103
0.464358,0.521566,0.0140762,0,25.5716,-6.19842e+07
26002.5
ratio: 0.000005 stable count: -78
Time: 60.701366
Gen:104
0.464199,0.521925,0.0138761,0,25.5707,-6.19821e+07
7815.42
Time: 64.012320
Gen:105
0.467289,0.518825,0.0138864,0,25.5678,-6.19752e+07
17847.9
Time: 60.773732
Gen:106
0.467885,0.518321,0.0137936,0,25.5652,-6.19687e+07
15233.1
Time: 66.512094
Gen:107
0.468613,0.517688,0.0136987,0,25.5608,-6.19582e+07
13210.5
Time: 63.468815
Gen:108
0.468613,0.517688,0.0136987,0,25.5608,-6.19582e+07
11532.6
ratio: 0.000000 stable count: -81
Time: 60.269941
Gen:109
0.46851,0.518845,0.0126447,0,25.5473,-6.19253e+07
6154.32
Time: 69.887066
Gen:110
0.468553,0.518802,0.0126447,0,25.547,-6.19247e+07
16372.4
ratio: 0.000008 stable count: -81
Time: 63.745030
Gen:111
0.468879,0.518476,0.0126447,0,25.5456,-6.19214e+07
14921.2
Time: 60.612011
Gen:112
0.468867,0.518509,0.012624,0,25.5456,-6.19211e+07
17234.5
ratio: 0.000004 stable count: -81
Time: 54.297025
Gen:113
0.46943,0.517925,0.0126447,0,25.5446,-6.19188e+07
15057.2
Time: 67.266175
Gen:114
0.46943,0.517925,0.0126447,0,25.5446,-6.19188e+07
14828
ratio: 0.000000 stable count: -81
Time: 70.339509
Gen:115
0.470026,0.517329,0.0126447,0,25.5409,-6.191e+07
8916.51
Time: 67.259095
Gen:116
0.470876,0.517234,0.0118897,0,25.5387,-6.19046e+07
13571.2
Time: 64.140373
Gen:117
0.470899,0.517212,0.0118897,0,25.5364,-6.18989e+07
10165.6
Time: 64.222417
Gen:118
0.470954,0.517177,0.0118691,0,25.5362,-6.18984e+07
12255.6
ratio: 0.000007 stable count: -83
Time: 54.691118
Gen:119
0.471561,0.516516,0.0119227,0,25.533,-6.18907e+07
12214.3
Time: 61.244425
Gen:120
0.471561,0.516516,0.0119227,0,25.533,-6.18907e+07
4845.68
ratio: 0.000000 stable count: -83
Time: 64.600007
Gen:121
0.472079,0.515999,0.0119227,0,25.5286,-6.18802e+07
10903.4
Time: 71.071601
Gen:122
0.47213,0.515947,0.0119227,0,25.5277,-6.1878e+07
12823.1
Time: 61.470807
Gen:123
0.472248,0.51583,0.0119227,0,25.5261,-6.18739e+07
11033.2
Time: 71.331814
Gen:124
0.472248,0.51583,0.0119227,0,25.5261,-6.18739e+07
10080.6
ratio: 0.000000 stable count: -85
Time: 65.292068
Gen:125
0.472248,0.515809,0.0119433,0,25.523,-6.18664e+07
5198.75
Time: 62.387404
Gen:126
0.474535,0.513468,0.0119969,0,25.517,-6.18519e+07
26354.5
Time: 69.033056
Gen:127
0.47481,0.513173,0.0120176,0,25.5167,-6.18512e+07
17509.6
Time: 65.684082
Gen:128
0.47481,0.513173,0.0120176,0,25.5167,-6.18512e+07
7708.36
ratio: 0.000000 stable count: -87
Time: 49.347809
Gen:129
0.475239,0.512744,0.0120176,0,25.514,-6.18448e+07
5922.51
Time: 69.183390
Gen:130
0.475239,0.512744,0.0120176,0,25.514,-6.18448e+07
10092.7
ratio: 0.000000 stable count: -87
Time: 72.510119
Gen:131
0.475257,0.512806,0.0119371,0,25.5138,-6.18442e+07
10175.5
ratio: 0.000010 stable count: -86
Time: 62.701786
Gen:132
0.477984,0.510281,0.011735,0,25.5125,-6.1841e+07
35158
Time: 65.905565
Gen:133
0.478488,0.510627,0.0108851,0,25.502,-6.18157e+07
11350.5
Time: 69.029477
Gen:134
0.479511,0.509604,0.0108851,0,25.5001,-6.18111e+07
13780.3
Time: 65.621854
Gen:135
0.480843,0.508251,0.0109058,0,25.4988,-6.18078e+07
9437.61
Time: 65.522818
Gen:136
0.483525,0.504664,0.0118113,0,25.4906,-6.1788e+07
4394.19
Time: 69.977304
Gen:137
0.483917,0.504272,0.0118113,0,25.4894,-6.17851e+07
12803.9
Time: 63.476906
Gen:138
0.483878,0.504311,0.0118113,0,25.4885,-6.17829e+07
4035.4
Time: 70.196250
Gen:139
0.484127,0.504208,0.0116648,0,25.4851,-6.17747e+07
25504
Time: 66.904505
Gen:140
0.484127,0.504208,0.0116648,0,25.4851,-6.17747e+07
10894.8
ratio: 0.000000 stable count: -93
Time: 60.241207
Gen:141
0.484127,0.504208,0.0116648,0,25.4851,-6.17747e+07
12990.4
ratio: 0.000000 stable count: -92
Time: 70.355997
Gen:142
0.484542,0.503793,0.0116648,0,25.4836,-6.17709e+07
12448
Time: 73.595891
Gen:143
0.484503,0.503812,0.0116855,0,25.4834,-6.17705e+07
6765.32
ratio: 0.000007 stable count: -92
Time: 53.712143
Gen:144
0.484787,0.503548,0.0116648,0,25.4806,-6.17637e+07
6153.08
Time: 73.874074
Gen:145
0.485078,0.504596,0.0103261,0,25.4734,-6.17462e+07
8366.65
Time: 63.742062
Gen:146
0.485078,0.504596,0.0103261,0,25.4734,-6.17462e+07
7698.37
ratio: 0.000000 stable count: -93
Time: 49.774296
Gen:147
0.485967,0.50376,0.0102725,0,25.4723,-6.17436e+07
10992.8
Time: 66.289906
Gen:148
0.485967,0.50376,0.0102725,0,25.4723,-6.17436e+07
11435.6
ratio: 0.000000 stable count: -93
Time: 63.126655
Gen:149
0.486462,0.503305,0.0102333,0,25.4713,-6.17412e+07
6998.65
Time: 66.499593
Gen:150
0.486462,0.503305,0.0102333,0,25.4713,-6.17412e+07
6777.11
ratio: 0.000000 stable count: -93
Time: 73.298021
Gen:151
0.486949,0.503038,0.0100126,0,25.4685,-6.17343e+07
8122.49
Time: 71.006074
Gen:152
0.487506,0.502531,0.00996308,0,25.4678,-6.17326e+07
8731.43
Time: 61.330759
Gen:153
0.487898,0.502176,0.00992595,0,25.4625,-6.17197e+07
10219.5
Time: 50.411033
Gen:154
0.487898,0.502176,0.00992595,0,25.4617,-6.1718e+07
14328.2
Time: 58.386748
Gen:155
0.488484,0.50159,0.00992595,0,25.4568,-6.17061e+07
8568.3
Time: 65.489840
Gen:156
0.490159,0.500089,0.00975268,0,25.4498,-6.16889e+07
7579.21
Time: 59.685782
Gen:157
0.489839,0.500489,0.00967223,0,25.4438,-6.16746e+07
11820.9
Time: 61.302961
Gen:158
0.49015,0.499926,0.00992388,0,25.4357,-6.16549e+07
10146.1
Time: 65.043895
Gen:159
0.491033,0.499295,0.00967223,0,25.432,-6.16459e+07
12538.6
Time: 68.951657
Gen:160
0.490738,0.499181,0.0100807,0,25.4271,-6.16339e+07
15419.8
Time: 69.273071
Gen:161
0.490738,0.499181,0.0100807,0,25.4271,-6.16339e+07
7249.3
ratio: 0.000000 stable count: -102
Time: 76.094390
Gen:162
0.49138,0.498713,0.00990738,0,25.4182,-6.16125e+07
7784.71
Time: 62.467265
Gen:163
0.491526,0.498566,0.00990738,0,25.4175,-6.16107e+07
8263.67
Time: 76.427128
Gen:164
0.491821,0.498193,0.00998577,0,25.4103,-6.15934e+07
4640.78
Time: 69.556615
Gen:165
0.491821,0.498193,0.00998577,0,25.4103,-6.15934e+07
11214.2
ratio: 0.000000 stable count: -104
Time: 69.556415
Gen:166
0.491821,0.498193,0.00998577,0,25.4103,-6.15934e+07
11374.4
ratio: 0.000000 stable count: -103
Time: 69.628827
Gen:167
0.492089,0.498055,0.00985581,0,25.4095,-6.15914e+07
10456.1
Time: 69.655438
Gen:168
0.492089,0.498055,0.00985581,0,25.4095,-6.15914e+07
12471.3
ratio: 0.000000 stable count: -103
Time: 59.285033
Gen:169
0.492114,0.498047,0.00983931,0,25.4094,-6.15911e+07
13102
ratio: 0.000006 stable count: -102
Time: 69.969476
Gen:170
0.492114,0.498047,0.00983931,0,25.4094,-6.15911e+07
10659.6
ratio: 0.000000 stable count: -101
Time: 76.943684
Gen:171
0.492551,0.497797,0.0096516,0,25.4048,-6.158e+07
11687.1
Time: 76.804101
Gen:172
0.492646,0.497828,0.00952577,0,25.402,-6.15732e+07
5840.69
Time: 62.824112
Gen:173
0.492646,0.497828,0.00952577,0,25.402,-6.15732e+07
10251.7
ratio: 0.000000 stable count: -102
Time: 62.795759
Gen:174
0.494059,0.496518,0.00942264,0,25.3908,-6.15461e+07
8877.8
Time: 62.929240
Gen:175
0.494657,0.49579,0.00955259,0,25.3885,-6.15405e+07
19592.6
Time: 73.425193
Gen:176
0.494657,0.49579,0.00955259,0,25.3885,-6.15405e+07
13042
ratio: 0.000000 stable count: -103
Time: 67.133208
Gen:177
0.494657,0.49579,0.00955259,0,25.3885,-6.15405e+07
8661.52
ratio: 0.000000 stable count: -102
Time: 65.666111
Gen:178
0.494905,0.495542,0.00955259,0,25.386,-6.15345e+07
7142.4
Time: 59.257131
Gen:179
0.494905,0.495542,0.00955259,0,25.386,-6.15345e+07
10194.9
ratio: 0.000000 stable count: -102
Time: 60.385089
Gen:180
0.494905,0.495542,0.00955259,0,25.386,-6.15345e+07
10221.8
ratio: 0.000000 stable count: -101
Time: 65.606665
Gen:181
0.494905,0.495542,0.00955259,0,25.386,-6.15345e+07
11494.7
ratio: 0.000000 stable count: -100
Time: 65.258877
Gen:182
0.495058,0.49539,0.00955259,0,25.3854,-6.1533e+07
5500.86
Time: 60.103486
Gen:183
0.495058,0.49539,0.00955259,0,25.3854,-6.1533e+07
11299.2
ratio: 0.000000 stable count: -100
Time: 64.619143
Gen:184
0.496495,0.494053,0.00945152,0,25.3761,-6.15104e+07
8578.93
Time: 61.424839
Gen:185
0.496613,0.494707,0.00868005,0,25.3729,-6.15026e+07
12185.2
Time: 58.262028
Gen:186
0.496613,0.494707,0.00868005,0,25.3729,-6.15026e+07
14511.7
ratio: 0.000000 stable count: -101
Time: 68.204890
Gen:187
0.496675,0.494138,0.00918748,0,25.3618,-6.14758e+07
12259.9
Time: 56.420814
Gen:188
0.496712,0.494101,0.00918748,0,25.3594,-6.14698e+07
13322.4
Time: 62.685837
Gen:189
0.498552,0.492058,0.00938963,0,25.3536,-6.14559e+07
12974.3
Time: 57.586983
Gen:190
0.500006,0.49133,0.00866355,0,25.3506,-6.14485e+07
9645.28
Time: 58.416543
Gen:191
0.500006,0.49133,0.00866355,0,25.3506,-6.14485e+07
13967.8
ratio: 0.000000 stable count: -104
Time: 45.390439
Gen:192
0.500006,0.49133,0.00866355,0,25.3506,-6.14485e+07
14620.8
ratio: 0.000000 stable count: -103
Time: 72.531377
Gen:193
0.500173,0.491345,0.00848202,0,25.3504,-6.14482e+07
13201.3
ratio: 0.000006 stable count: -102
Time: 58.746038
Gen:194
0.500373,0.490963,0.00866355,0,25.3478,-6.14417e+07
10405.6
Time: 55.315933
Gen:195
0.500252,0.491215,0.00853359,0,25.3476,-6.14413e+07
8321.86
ratio: 0.000007 stable count: -102
Time: 51.000354
Gen:196
0.500266,0.4912,0.00853359,0,25.3469,-6.14395e+07
13361.8
Time: 58.817222
Gen:197
0.500252,0.491215,0.00853359,0,25.345,-6.14349e+07
8664.53
Time: 47.571864
Gen:198
0.500252,0.491215,0.00853359,0,25.345,-6.14349e+07
9345.8
ratio: 0.000000 stable count: -103
Time: 62.378381
Gen:199
0.500305,0.491161,0.00853359,0,25.3449,-6.14347e+07
10393.3
ratio: 0.000004 stable count: -102
Time: 42.780302
Gen:200
0.500369,0.491097,0.00853359,0,25.3439,-6.14325e+07
7307.19
Time: 66.422734
Gen:201
0.500369,0.491097,0.00853359,0,25.3439,-6.14325e+07
11775
ratio: 0.000000 stable count: -102
Time: 69.174990
Gen:202
0.500369,0.491097,0.00853359,0,25.3439,-6.14325e+07
13501.6
ratio: 0.000000 stable count: -101
Time: 69.967758
Gen:203
0.500441,0.491025,0.00853359,0,25.3435,-6.14314e+07
10092.9
Time: 61.718457
Gen:204
0.500441,0.491025,0.00853359,0,25.3435,-6.14314e+07
8634.07
ratio: 0.000000 stable count: -101
Time: 65.871752
Gen:205
0.500734,0.490602,0.00866355,0,25.3423,-6.14286e+07
11735.3
Time: 63.367325
Gen:206
0.501042,0.490295,0.00866355,0,25.342,-6.14277e+07
11650.9
Time: 55.448635
Gen:207
0.501042,0.490295,0.00866355,0,25.342,-6.14277e+07
11546.1
ratio: 0.000000 stable count: -102
Time: 55.881047
Gen:208
0.501215,0.490121,0.00866355,0,25.3415,-6.14265e+07
8905.89
Time: 49.452916
Gen:209
0.501634,0.489703,0.00866355,0,25.3402,-6.14233e+07
7672.43
Time: 67.174976
Gen:210
0.5015,0.489837,0.00866355,0,25.3379,-6.14178e+07
11004.4
Time: 56.760017
Gen:211
0.5015,0.489837,0.00866355,0,25.3379,-6.14178e+07
20139.7
ratio: 0.000000 stable count: -104
Time: 65.222431
Gen:212
0.501727,0.48961,0.00866355,0,25.3355,-6.1412e+07
10658.2
Time: 44.141107
Gen:213
0.501727,0.48961,0.00866355,0,25.3355,-6.1412e+07
8125.93
ratio: 0.000000 stable count: -104
Time: 56.216758
Gen:214
0.501727,0.48961,0.00866355,0,25.3355,-6.1412e+07
14698.7
ratio: 0.000000 stable count: -103
Time: 61.730726
Gen:215
0.502766,0.4887,0.00853359,0,25.3293,-6.1397e+07
7402.07
Time: 68.399678
Gen:216
0.502956,0.48851,0.00853359,0,25.3281,-6.1394e+07
17705.2
Time: 61.799328
Gen:217
0.502956,0.48851,0.00853359,0,25.3281,-6.1394e+07
5648.5
ratio: 0.000000 stable count: -104
Time: 50.610904
Gen:218
0.503117,0.48835,0.00853359,0,25.3272,-6.13919e+07
5499.03
Time: 49.664493
Gen:219
0.503117,0.48835,0.00853359,0,25.3272,-6.13919e+07
10978
ratio: 0.000000 stable count: -104
Time: 64.917662
Gen:220
0.503214,0.488253,0.00853359,0,25.3259,-6.13888e+07
8240.65
Time: 51.847902
Gen:221
0.503214,0.488253,0.00853359,0,25.3259,-6.13888e+07
9760.44
ratio: 0.000000 stable count: -104
Time: 54.850892
Gen:222
0.503224,0.488112,0.00866355,0,25.3259,-6.13886e+07
12221.8
ratio: 0.000002 stable count: -103
Time: 60.769069
Gen:223
0.503224,0.488112,0.00866355,0,25.3259,-6.13886e+07
14061.7
ratio: 0.000000 stable count: -102
Time: 58.242867
Gen:224
0.503511,0.487826,0.00866355,0,25.3253,-6.13873e+07
12797.6
Time: 61.069678
Gen:225
0.503948,0.487708,0.00834382,0,25.3217,-6.13786e+07
10640
Time: 67.285728
Gen:226
0.505961,0.484406,0.00963304,0,25.3175,-6.13684e+07
13029.7
Time: 69.194294
Gen:227
0.505961,0.484406,0.00963304,0,25.3175,-6.13684e+07
12577.7
ratio: 0.000000 stable count: -104
Time: 57.892030
Gen:228
0.506481,0.483756,0.00976299,0,25.3167,-6.13665e+07
5571
Time: 63.423099
Gen:229
0.506481,0.483756,0.00976299,0,25.3165,-6.1366e+07
9620.87
ratio: 0.000008 stable count: -104
Time: 66.783879
Gen:230
0.506512,0.483725,0.00976299,0,25.3156,-6.13638e+07
8560.6
Time: 57.522399
Gen:231
0.506512,0.483725,0.00976299,0,25.3156,-6.13638e+07
12883
ratio: 0.000000 stable count: -104
Time: 55.386311
Gen:232
0.507378,0.482745,0.00987644,0,25.3076,-6.13444e+07
8630.94
Time: 62.028529
Gen:233
0.507378,0.482745,0.00987644,0,25.3076,-6.13444e+07
18569.5
ratio: 0.000000 stable count: -104
Time: 55.419954
Gen:234
0.507657,0.482467,0.00987644,0,25.3054,-6.1339e+07
7133.33
Time: 58.690085
Gen:235
0.508989,0.480934,0.0100765,0,25.3047,-6.13373e+07
10099.9
Time: 68.151361
Gen:236
0.50908,0.480713,0.0102065,0,25.3045,-6.13369e+07
10397.4
ratio: 0.000007 stable count: -105
Time: 49.269724
Gen:237
0.509435,0.480359,0.0102065,0,25.3037,-6.1335e+07
13410.3
Time: 62.121058
Gen:238
0.509536,0.480387,0.0100765,0,25.3036,-6.13347e+07
7490.22
ratio: 0.000004 stable count: -105
Time: 50.169525
Gen:239
0.509536,0.480387,0.0100765,0,25.3036,-6.13347e+07
10526.8
ratio: 0.000000 stable count: -104
Time: 48.647811
Gen:240
0.509806,0.479987,0.0102065,0,25.3027,-6.13325e+07
13703
Time: 54.027139
Gen:241
0.509367,0.480425,0.0102085,0,25.3014,-6.13294e+07
9797.82
Time: 47.449224
Gen:242
0.509367,0.480425,0.0102085,0,25.3014,-6.13294e+07
6194.34
ratio: 0.000000 stable count: -105
Time: 59.742901
Gen:243
0.509367,0.480425,0.0102085,0,25.3002,-6.13265e+07
7826.94
Time: 67.937601
Gen:244
0.509367,0.480425,0.0102085,0,25.3002,-6.13265e+07
13038
ratio: 0.000000 stable count: -105
Time: 58.928290
Gen:245
0.509377,0.480414,0.0102085,0,25.3002,-6.13264e+07
9122.15
ratio: 0.000002 stable count: -104
Time: 65.807169
Gen:246
0.509827,0.479965,0.0102085,0,25.2975,-6.132e+07
8982.99
Time: 70.926265
Gen:247
0.510553,0.479333,0.0101137,0,25.2938,-6.1311e+07
4923.23
Time: 61.496838
Gen:248
0.510862,0.479154,0.0099837,0,25.2923,-6.13072e+07
6778.24
Time: 55.218891
Gen:249
0.510862,0.479154,0.0099837,0,25.2923,-6.13072e+07
6881.74
ratio: 0.000000 stable count: -106
Time: 55.328331
Gen:250
0.510862,0.479154,0.0099837,0,25.2923,-6.13072e+07
19250.5
ratio: 0.000000 stable count: -105
Time: 69.450481
Gen:251
0.510862,0.479024,0.0101137,0,25.2919,-6.13064e+07
8846.49
Time: 71.764783
Gen:252
0.510974,0.478913,0.0101137,0,25.2907,-6.13035e+07
3173.6
Time: 69.703708
Gen:253
0.510974,0.478913,0.0101137,0,25.2907,-6.13035e+07
7834.12
ratio: 0.000000 stable count: -106
Time: 58.764598
Gen:254
0.510974,0.478913,0.0101137,0,25.2907,-6.13035e+07
12694.6
ratio: 0.000000 stable count: -105
Time: 60.614366
Gen:255
0.511657,0.47825,0.010093,0,25.2892,-6.12999e+07
10178.4
Time: 52.352345
Gen:256
0.511657,0.47825,0.010093,0,25.2892,-6.12999e+07
12268.1
ratio: 0.000000 stable count: -105
Time: 69.325779
Gen:257
0.513697,0.476804,0.00949896,0,25.271,-6.12555e+07
12809
Time: 66.512386
Gen:258
0.513697,0.476804,0.00949896,0,25.271,-6.12555e+07
21591.7
ratio: 0.000000 stable count: -105
Time: 62.673615
Gen:259
0.513697,0.476804,0.00949896,0,25.271,-6.12555e+07
8226.87
ratio: 0.000000 stable count: -104
Time: 61.653575
Gen:260
0.513697,0.476804,0.00949896,0,25.271,-6.12555e+07
12110.6
ratio: 0.000000 stable count: -103
Time: 68.472147
Gen:261
0.513697,0.476804,0.00949896,0,25.271,-6.12555e+07
6865.64
ratio: 0.000000 stable count: -102
Time: 59.930450
Gen:262
0.513876,0.476625,0.00949896,0,25.2704,-6.12541e+07
12927.2
Time: 66.675519
Gen:263
0.513876,0.476625,0.00949896,0,25.2704,-6.12541e+07
15146.7
ratio: 0.000000 stable count: -102
Time: 67.452991
Gen:264
0.513876,0.476625,0.00949896,0,25.2704,-6.12541e+07
9999.83
ratio: 0.000000 stable count: -101
Time: 59.313816
Gen:265
0.513876,0.476625,0.00949896,0,25.2704,-6.12541e+07
8806.77
ratio: 0.000000 stable count: -100
Time: 53.319742
Gen:266
0.513876,0.476625,0.00949896,0,25.2703,-6.1254e+07
9250.25
ratio: 0.000002 stable count: -99
Time: 51.085856
Gen:267
0.51413,0.476371,0.00949896,0,25.2677,-6.12477e+07
11880
Time: 63.547257
Gen:268
0.51504,0.475462,0.00949896,0,25.2659,-6.12433e+07
4293.08
Time: 64.969242
Gen:269
0.515006,0.475495,0.00949896,0,25.2417,-6.11846e+07
13430.8
Time: 64.335437
Gen:270
0.515006,0.475495,0.00949896,0,25.2417,-6.11846e+07
26869.3
ratio: 0.000000 stable count: -101
Time: 68.757344
Gen:271
0.515281,0.475222,0.0094969,0,25.2406,-6.11819e+07
9379.45
Time: 54.218444
Gen:272
0.515281,0.475222,0.0094969,0,25.2406,-6.11819e+07
6287.4
ratio: 0.000000 stable count: -101
Time: 70.272252
Gen:273
0.515281,0.475222,0.0094969,0,25.2406,-6.11819e+07
7731.55
ratio: 0.000000 stable count: -100
Time: 65.766314
Gen:274
0.515528,0.474975,0.0094969,0,25.2403,-6.11813e+07
8372.75
ratio: 0.000010 stable count: -99
Time: 58.004741
Gen:275
0.515528,0.474975,0.0094969,0,25.2403,-6.11813e+07
5153.27
ratio: 0.000000 stable count: -98
Time: 68.391628
Gen:276
0.515528,0.474975,0.0094969,0,25.2403,-6.11813e+07
4064.09
ratio: 0.000000 stable count: -97
Time: 62.726916
Gen:277
0.515528,0.474975,0.0094969,0,25.2403,-6.11813e+07
9502.32
ratio: 0.000000 stable count: -96
Time: 62.346277
Gen:278
0.515702,0.474801,0.0094969,0,25.2398,-6.118e+07
12918.5
Time: 69.364273
Gen:279
0.515702,0.474801,0.0094969,0,25.2393,-6.11788e+07
11042.6
Time: 50.305982
Gen:280
0.515702,0.474801,0.0094969,0,25.2393,-6.11788e+07
4567.82
ratio: 0.000000 stable count: -97
Time: 65.607127
Gen:281
0.515702,0.474801,0.0094969,0,25.2393,-6.11788e+07
6644.39
ratio: 0.000000 stable count: -96
Time: 60.782984
Gen:282
0.515856,0.474645,0.00949896,0,25.2389,-6.11778e+07
6949.53
Time: 60.737203
Gen:283
0.515508,0.474995,0.0094969,0,25.2375,-6.11744e+07
7555.81
Time: 61.540778
Gen:284
0.515508,0.474995,0.0094969,0,25.2375,-6.11744e+07
8440.29
ratio: 0.000000 stable count: -97
Time: 53.937587
Gen:285
0.515846,0.474657,0.0094969,0,25.2364,-6.11718e+07
7498.56
Time: 50.011277
Gen:286
0.515846,0.474657,0.0094969,0,25.2364,-6.11718e+07
7845.14
ratio: 0.000000 stable count: -97
Time: 57.015255
Gen:287
0.515846,0.474657,0.0094969,0,25.2364,-6.11718e+07
11949.7
ratio: 0.000000 stable count: -96
Time: 55.369869
Gen:288
0.515846,0.474657,0.0094969,0,25.2364,-6.11718e+07
8494.25
ratio: 0.000000 stable count: -95
Time: 51.385498
Gen:289
0.515846,0.474657,0.0094969,0,25.2356,-6.117e+07
11712.6
Time: 58.936886
Gen:290
0.515846,0.474657,0.0094969,0,25.2356,-6.117e+07
5963.18
ratio: 0.000000 stable count: -95
Time: 59.561291
Gen:291
0.515846,0.474657,0.0094969,0,25.2356,-6.117e+07
8194.62
ratio: 0.000000 stable count: -94
Time: 50.019603
Gen:292
0.515846,0.474657,0.0094969,0,25.2356,-6.117e+07
6707.02
ratio: 0.000000 stable count: -93
Time: 52.140471
Gen:293
0.515846,0.474657,0.0094969,0,25.2356,-6.117e+07
6886.21
ratio: 0.000000 stable count: -92
Time: 54.415517
Gen:294
0.515846,0.474657,0.0094969,0,25.2356,-6.117e+07
9115.69
ratio: 0.000000 stable count: -91
Time: 56.518541
Gen:295
0.518257,0.472316,0.00942676,0,25.2307,-6.11578e+07
3397.47
Time: 55.108568
Gen:296
0.518257,0.472316,0.00942676,0,25.2307,-6.11578e+07
8152.96
ratio: 0.000000 stable count: -91
Time: 50.815071
Gen:297
0.518257,0.472316,0.00942676,0,25.2307,-6.11578e+07
7711.57
ratio: 0.000000 stable count: -90
Time: 55.161632
Gen:298
0.518814,0.471759,0.00942676,0,25.23,-6.11563e+07
9448.1
Time: 53.557274
Gen:299
0.518814,0.471759,0.00942676,0,25.23,-6.11563e+07
6995.68
ratio: 0.000000 stable count: -90
Time: 61.644504
Gen:300
0.518814,0.471759,0.00942676,0,25.23,-6.11563e+07
5004.99
ratio: 0.000000 stable count: -89
Time: 64.202496
FINAL Population size
25
Best : -6.11563e+07   22:0-87-55-101-94-6-24-102-76-69-43-72-79-73-106-11-64-92-9-23-31-14- ,  22:2-15-18-93-35-8-63-80-97-0-78-95-59-28-86-51-102-24-85-81-105-27- ,  22:108-4-107-48-92-18-15-2-45-38-74-16-70-10-52-100-18-15-2-45-87-1- ,  18:57-106-42-73-11-64-92-18-15-83-105-27-59-95-17-39-55-101- ,  22:89-11-64-92-18-3-6-86-21-13-32-27-105-83-34-35-8-12-41-104-40-25- ,  22:22-54-66-15-83-105-27-17-39-55-101-94-81-86-21-27-101-55-63-12-47-41- ,  22:19-85-94-27-17-65-39-55-45-2-15-18-92-72-79-64-89-52-10-70-16-60- ,  22:92-18-15-83-105-27-21-86-24-19-9-92-64-96-42-89-52-49-35-2-94-81- ,  22:3-22-6-86-28-21-27-94-83-35-49-7-57-10-52-49-35-83-94-27-59-21- ,  22:31-22-85-94-27-17-65-61-0-87-38-63-8-91-100-67-3-85-94-27-95-20- ,  22:91-49-7-25-10-70-103-12-63-55-39-17-95-50-68-59-27-94-83-34-18-98- ,  22:82-26-72-108-36-64-89-52-91-35-15-54-6-86-46-51-102-19-9-92-64-79- ,  21:94-101-55-63-12-103-7-52-7-84-70-103-12-63-55-101-27-21-28-59-32- ,  22:32-21-86-24-19-82-26-29-43-72-92-18-93-35-8-35-34-3-19-33-99-69- ,  21:50-68-32-27-94-85-19-82-26-30-69-14-31-24-85-94-101-55-80-97-1- ,  22:104-40-57-106-73-11-5-77-107-36-72-44-82-19-85-81-6-24-102-14-76-69- ,  22:12-53-63-55-101-27-21-46-86-6-54-34-35-8-62-103-7-52-89-73-42-11- ,  21:71-102-19-82-23-9-3-15-2-45-87-55-101-94-6-24-31-33-99-76-14- ,  21:74-38-45-2-15-3-19-33-99-82-23-9-93-35-8-63-38-87-0-1-61- ,  22:17-39-55-63-8-49-52-89-96-64-96-42-5-77-107-36-79-11-89-52-7-41- ,  22:62-90-49-52-89-109-64-36-107-5-42-57-10-70-16-47-58-97-87-39-17-75- ,  22:79-48-36-108-72-92-18-15-83-105-27-17-78-39-55-101-94-81-3-34-35-49- ,  22:40-37-10-52-100-93-3-15-2-63-12-60-74-38-55-101-94-85-19-33-99-69- ,  22:4-36-72-44-82-33-31-71-102-19-9-92-64-11-89-52-91-62-103-7-57-106- ,  22:78-65-50-32-20-75-17-27-94-85-19-23-9-3-85-94-101-55-39-17-56-1- ,  22:75-68-21-28-86-6-3-98-93-35-8-12-74-58-80-38-53-62-103-70-84-37- ,  22:102-19-3-83-2-94-6-24-102-76-33-19-9-18-100-52-7-104-70-103-16-74- ,  22:99-69-43-72-108-5-42-89-52-91-35-83-94-27-95-50-68-21-86-6-22-19- ,  22:44-48-108-5-42-57-40-10-52-100-18-9-19-33-14-102-51-86-21-68-20-50- ,  22:73-89-52-7-25-70-103-62-8-35-34-3-19-31-24-54-15-2-63-12-16-41- ,  22:88-51-86-21-27-101-55-39-17-32-13-50-65-56-87-45-2-15-66-9-23-33- ,  22:58-97-87-45-2-15-18-92-72-108-79-73-106-89-52-91-35-83-105-27-95-32- ,  22:65-50-68-59-27-101-55-87-0-61-1-97-58-47-103-7-52-100-93-34-3-81- ,  22:77-107-36-72-44-82-33-31-88-102-14-69-30-43-72-92-18-93-35-8-12-41- ,  21:47-74-12-62-91-52-89-64-109-89-106-57-10-52-100-93-3-15-2-45-63- ,  22:20-95-78-39-55-63-12-16-70-10-25-70-16-12-8-12-41-104-40-57-37-7- ,  22:71-88-102-19-9-18-92-64-92-44-82-99-33-19-3-34-35-8-12-74-60-16- ,  22:80-45-2-15-54-22-6-86-81-85-66-93-100-52-10-40-57-42-5-108-72-43- ,  22:48-44-43-29-26-72-108-5-42-57-40-10-52-100-67-92-64-11-79-72-43-30- ,  21:19-3-83-2-45-38-55-101-27-21-86-51-31-23-9-93-35-49-7-70-41- ,  22:46-86-6-54-34-35-49-91-100-67-92-48-44-82-44-92-67-93-34-83-15-2- ,  22:70-10-52-89-11-79-48-92-18-34-83-94-101-55-63-12-41-47-58-97-0-56- ,  22:35-91-100-18-9-19-102-88-31-33-99-82-33-19-85-94-27-17-56-61-65-50- ,  22:1-87-45-2-15-18-92-64-73-89-109-64-92-67-93-35-8-53-45-2-15-34- ,  22:45-55-39-17-20-68-21-86-51-102-76-33-31-88-102-14-69-30-29-43-26-44- ,  22:29-26-82-19-85-94-27-17-56-87-38-12-103-70-10-52-89-73-79-72-43-69- ,  22:75-50-95-27-94-83-15-18-15-2-45-38-55-101-94-85-19-82-26-30-44-92- ,  22:80-38-74-60-47-103-7-40-10-52-91-8-53-38-87-56-65-0-97-58-60-41- ,  22:29-43-72-92-67-100-52-89-96-64-92-18-92-64-92-18-15-2-45-87-0-61- ,  22:10-7-41-74-38-45-2-15-54-24-102-71-86-21-68-50-65-56-87-80-63-12- ,  22:95-20-75-17-39-55-63-53-90-35-15-54-85-94-2-63-12-60-41-104-25-84- ,  22:5-36-64-92-67-98-18-66-34-35-8-12-41-7-52-89-64-79-48-107-77-4- ,  22:95-78-39-55-63-12-47-62-8-35-34-2-63-8-91-52-89-11-64-92-18-15- ,  22:28-46-51-71-102-19-9-92-48-44-82-19-3-15-2-63-38-58-80-0-78-65- ,  22:74-12-62-91-52-89-106-11-89-52-10-52-89-52-91-8-63-55-39-17-20-75- ,  20:41-103-7-57-42-5-11-64-92-18-15-2-45-55-63-12-103-16-60-74- , 

0.518814
0.471759
0.00942676
0
25.23
-6.11563e+07
All Run Best : -6.11563e+07   22:0-87-55-101-94-6-24-102-76-69-43-72-79-73-106-11-64-92-9-23-31-14- ,  22:2-15-18-93-35-8-63-80-97-0-78-95-59-28-86-51-102-24-85-81-105-27- ,  22:108-4-107-48-92-18-15-2-45-38-74-16-70-10-52-100-18-15-2-45-87-1- ,  18:57-106-42-73-11-64-92-18-15-83-105-27-59-95-17-39-55-101- ,  22:89-11-64-92-18-3-6-86-21-13-32-27-105-83-34-35-8-12-41-104-40-25- ,  22:22-54-66-15-83-105-27-17-39-55-101-94-81-86-21-27-101-55-63-12-47-41- ,  22:19-85-94-27-17-65-39-55-45-2-15-18-92-72-79-64-89-52-10-70-16-60- ,  22:92-18-15-83-105-27-21-86-24-19-9-92-64-96-42-89-52-49-35-2-94-81- ,  22:3-22-6-86-28-21-27-94-83-35-49-7-57-10-52-49-35-83-94-27-59-21- ,  22:31-22-85-94-27-17-65-61-0-87-38-63-8-91-100-67-3-85-94-27-95-20- ,  22:91-49-7-25-10-70-103-12-63-55-39-17-95-50-68-59-27-94-83-34-18-98- ,  22:82-26-72-108-36-64-89-52-91-35-15-54-6-86-46-51-102-19-9-92-64-79- ,  21:94-101-55-63-12-103-7-52-7-84-70-103-12-63-55-101-27-21-28-59-32- ,  22:32-21-86-24-19-82-26-29-43-72-92-18-93-35-8-35-34-3-19-33-99-69- ,  21:50-68-32-27-94-85-19-82-26-30-69-14-31-24-85-94-101-55-80-97-1- ,  22:104-40-57-106-73-11-5-77-107-36-72-44-82-19-85-81-6-24-102-14-76-69- ,  22:12-53-63-55-101-27-21-46-86-6-54-34-35-8-62-103-7-52-89-73-42-11- ,  21:71-102-19-82-23-9-3-15-2-45-87-55-101-94-6-24-31-33-99-76-14- ,  21:74-38-45-2-15-3-19-33-99-82-23-9-93-35-8-63-38-87-0-1-61- ,  22:17-39-55-63-8-49-52-89-96-64-96-42-5-77-107-36-79-11-89-52-7-41- ,  22:62-90-49-52-89-109-64-36-107-5-42-57-10-70-16-47-58-97-87-39-17-75- ,  22:79-48-36-108-72-92-18-15-83-105-27-17-78-39-55-101-94-81-3-34-35-49- ,  22:40-37-10-52-100-93-3-15-2-63-12-60-74-38-55-101-94-85-19-33-99-69- ,  22:4-36-72-44-82-33-31-71-102-19-9-92-64-11-89-52-91-62-103-7-57-106- ,  22:78-65-50-32-20-75-17-27-94-85-19-23-9-3-85-94-101-55-39-17-56-1- ,  22:75-68-21-28-86-6-3-98-93-35-8-12-74-58-80-38-53-62-103-70-84-37- ,  22:102-19-3-83-2-94-6-24-102-76-33-19-9-18-100-52-7-104-70-103-16-74- ,  22:99-69-43-72-108-5-42-89-52-91-35-83-94-27-95-50-68-21-86-6-22-19- ,  22:44-48-108-5-42-57-40-10-52-100-18-9-19-33-14-102-51-86-21-68-20-50- ,  22:73-89-52-7-25-70-103-62-8-35-34-3-19-31-24-54-15-2-63-12-16-41- ,  22:88-51-86-21-27-101-55-39-17-32-13-50-65-56-87-45-2-15-66-9-23-33- ,  22:58-97-87-45-2-15-18-92-72-108-79-73-106-89-52-91-35-83-105-27-95-32- ,  22:65-50-68-59-27-101-55-87-0-61-1-97-58-47-103-7-52-100-93-34-3-81- ,  22:77-107-36-72-44-82-33-31-88-102-14-69-30-43-72-92-18-93-35-8-12-41- ,  21:47-74-12-62-91-52-89-64-109-89-106-57-10-52-100-93-3-15-2-45-63- ,  22:20-95-78-39-55-63-12-16-70-10-25-70-16-12-8-12-41-104-40-57-37-7- ,  22:71-88-102-19-9-18-92-64-92-44-82-99-33-19-3-34-35-8-12-74-60-16- ,  22:80-45-2-15-54-22-6-86-81-85-66-93-100-52-10-40-57-42-5-108-72-43- ,  22:48-44-43-29-26-72-108-5-42-57-40-10-52-100-67-92-64-11-79-72-43-30- ,  21:19-3-83-2-45-38-55-101-27-21-86-51-31-23-9-93-35-49-7-70-41- ,  22:46-86-6-54-34-35-49-91-100-67-92-48-44-82-44-92-67-93-34-83-15-2- ,  22:70-10-52-89-11-79-48-92-18-34-83-94-101-55-63-12-41-47-58-97-0-56- ,  22:35-91-100-18-9-19-102-88-31-33-99-82-33-19-85-94-27-17-56-61-65-50- ,  22:1-87-45-2-15-18-92-64-73-89-109-64-92-67-93-35-8-53-45-2-15-34- ,  22:45-55-39-17-20-68-21-86-51-102-76-33-31-88-102-14-69-30-29-43-26-44- ,  22:29-26-82-19-85-94-27-17-56-87-38-12-103-70-10-52-89-73-79-72-43-69- ,  22:75-50-95-27-94-83-15-18-15-2-45-38-55-101-94-85-19-82-26-30-44-92- ,  22:80-38-74-60-47-103-7-40-10-52-91-8-53-38-87-56-65-0-97-58-60-41- ,  22:29-43-72-92-67-100-52-89-96-64-92-18-92-64-92-18-15-2-45-87-0-61- ,  22:10-7-41-74-38-45-2-15-54-24-102-71-86-21-68-50-65-56-87-80-63-12- ,  22:95-20-75-17-39-55-63-53-90-35-15-54-85-94-2-63-12-60-41-104-25-84- ,  22:5-36-64-92-67-98-18-66-34-35-8-12-41-7-52-89-64-79-48-107-77-4- ,  22:95-78-39-55-63-12-47-62-8-35-34-2-63-8-91-52-89-11-64-92-18-15- ,  22:28-46-51-71-102-19-9-92-48-44-82-19-3-15-2-63-38-58-80-0-78-65- ,  22:74-12-62-91-52-89-106-11-89-52-10-52-89-52-91-8-63-55-39-17-20-75- ,  20:41-103-7-57-42-5-11-64-92-18-15-2-45-55-63-12-103-16-60-74- , 

0.518814
0.471759
0.00942676
0
25.23
-6.11563e+07
