routeSetSize:60,pSwap:0.0166667,popSize:25,elite:2,pSm:0.7,pDelete:0.4,tFit:10,maxGen:300,run:1,stableCount:20,e:0.7,minGen:1,minFitnessRatio:1e-05,minRouteLength:12,maxRouteLength:25,maxIter:1,beta:0.8,beta:0.8, OpATT24.7452
minRputeSize: 12 maxRouteSize: 25
Initial : -9.0912e+07
0.397091
0.582286
0.0206225
0
28.4325

-----------------------------------------
Iteration:0 started

Gen:0
0.397091,0.582286,0.0206225,0,28.4325,-9.0912e+07
1.27609e+06
ratio: 0.000000
Time: 56.961516
Gen:1
0.397091,0.582286,0.0206225,0,28.4325,-9.0912e+07
955183
ratio: 0.000000
Time: 64.034698
Gen:2
0.398909,0.580808,0.0202832,0,28.4202,-9.08728e+07
18282.9
Time: 61.036970
Gen:3
0.401428,0.578081,0.0204912,0,28.4046,-9.0823e+07
29110.1
Time: 64.069186
Gen:4
0.402577,0.577346,0.0200768,0,28.4003,-9.08093e+07
24277.4
Time: 71.293684
Gen:5
0.403034,0.577686,0.0192808,0,28.3958,-9.07949e+07
21273
Time: 67.778242
Gen:6
0.40322,0.576703,0.0200768,0,28.3937,-9.0788e+07
24768.5
Time: 58.160890
Gen:7
0.40322,0.576703,0.0200768,0,28.3937,-9.0788e+07
12642.4
ratio: 0.000000
Time: 67.523377
Gen:8
0.40577,0.573953,0.0202769,0,28.3867,-9.07657e+07
6204.11
Time: 64.422527
Gen:9
0.406383,0.573782,0.0198344,0,28.3811,-9.07478e+07
14532.3
Time: 61.323732
Gen:10
0.406378,0.573629,0.0199923,0,28.3788,-9.07405e+07
8666.03
Time: 58.368373
Gen:11
0.406378,0.573629,0.0199923,0,28.3788,-9.07405e+07
16254.3
ratio: 0.000000
Time: 65.224911
Gen:12
0.406328,0.574449,0.019223,0,28.3726,-9.07205e+07
23902.7
Time: 68.068495
Gen:13
0.406938,0.574078,0.0189837,0,28.3678,-9.07053e+07
17674.5
Time: 58.653993
Gen:14
0.407398,0.573618,0.0189837,0,28.3639,-9.06928e+07
16657.8
Time: 62.154293
Gen:15
0.407852,0.573165,0.0189837,0,28.3617,-9.06858e+07
9059.1
Time: 65.033064
Gen:16
0.409228,0.571434,0.0193387,0,28.3573,-9.06718e+07
15029.8
Time: 81.631991
Gen:17
0.40921,0.571665,0.0191245,0,28.3561,-9.06678e+07
27870.5
Time: 69.849561
Gen:18
0.409969,0.570692,0.0193387,0,28.3545,-9.06627e+07
29277.2
Time: 71.207347
Gen:19
0.410407,0.570255,0.0193387,0,28.354,-9.06613e+07
14350.8
Time: 71.010752
Gen:20
0.41172,0.569204,0.019076,0,28.346,-9.06356e+07
26101.5
Time: 67.596013
Gen:21
0.414244,0.566982,0.0187742,0,28.3347,-9.05995e+07
31980.8
Time: 70.921952
Gen:22
0.414851,0.566375,0.0187742,0,28.3309,-9.05874e+07
21703.2
Time: 64.210096
Gen:23
0.415078,0.566089,0.0188336,0,28.328,-9.05782e+07
25797
Time: 71.350157
Gen:24
0.415472,0.565754,0.0187742,0,28.3243,-9.05662e+07
28412.7
Time: 70.921255
Gen:25
0.416169,0.564997,0.0188336,0,28.322,-9.05588e+07
22224.2
Time: 64.271800
Gen:26
0.41635,0.564816,0.0188336,0,28.3213,-9.05565e+07
21981.4
Time: 54.085226
Gen:27
0.417282,0.563884,0.0188336,0,28.3166,-9.05415e+07
29049.2
Time: 63.606560
Gen:28
0.417282,0.563884,0.0188336,0,28.3166,-9.05415e+07
24087.1
ratio: 0.000000
Time: 74.425537
Gen:29
0.420039,0.561923,0.0180377,0,28.2998,-9.0488e+07
26122.4
Time: 64.595644
Gen:30
0.419848,0.562114,0.0180377,0,28.2964,-9.04769e+07
29785.9
Time: 67.932746
Gen:31
0.42168,0.560502,0.0178187,0,28.296,-9.04756e+07
20999.9
Time: 76.465003
Gen:32
0.42031,0.561923,0.0177671,0,28.2944,-9.04705e+07
25044.2
Time: 72.461719
Gen:33
0.420372,0.561861,0.0177671,0,28.291,-9.04599e+07
30217
Time: 62.183958
Gen:34
0.420557,0.561836,0.0176076,0,28.2891,-9.04538e+07
28503.6
Time: 68.299629
Gen:35
0.421132,0.56083,0.0180377,0,28.2862,-9.04443e+07
23654.2
Time: 72.441747
Gen:36
0.421866,0.560742,0.0173918,0,28.2829,-9.04339e+07
32489.6
Time: 54.960198
Gen:37
0.425981,0.55643,0.0175889,0,28.2643,-9.03743e+07
30549.8
Time: 74.569561
Gen:38
0.428275,0.55407,0.0176546,0,28.2564,-9.03491e+07
44275.3
Time: 70.637035
Gen:39
0.428275,0.55407,0.0176546,0,28.2564,-9.03491e+07
29472.8
ratio: 0.000000
Time: 73.760503
Gen:40
0.428449,0.554656,0.0168946,0,28.2452,-9.03132e+07
32920.4
Time: 69.158012
Gen:41
0.429043,0.554062,0.0168946,0,28.2378,-9.02896e+07
30459.2
Time: 75.538693
Gen:42
0.429043,0.554062,0.0168946,0,28.2378,-9.02896e+07
20630
ratio: 0.000000
Time: 72.227769
Gen:43
0.433863,0.550068,0.0160689,0,28.2113,-9.02048e+07
24776.2
Time: 75.744602
Gen:44
0.433849,0.550011,0.0161409,0,28.2038,-9.01811e+07
51842.7
Time: 70.867491
Gen:45
0.433849,0.550011,0.0161409,0,28.2038,-9.01811e+07
31337.3
ratio: 0.000000
Time: 77.238585
Gen:46
0.434039,0.550761,0.0151995,0,28.1947,-9.01518e+07
30992.7
Time: 70.451615
Gen:47
0.434186,0.550614,0.0151995,0,28.1939,-9.01494e+07
29722.4
Time: 68.827746
Gen:48
0.436261,0.548816,0.0149227,0,28.1938,-9.01488e+07
26384
ratio: 0.000007
Time: 68.600285
Gen:49
0.434169,0.55053,0.0153011,0,28.1927,-9.01454e+07
25899.5
Time: 71.979370
Gen:50
0.434821,0.550192,0.0149868,0,28.1874,-9.01287e+07
24046.5
Time: 61.560957
Gen:51
0.434821,0.550192,0.0149868,0,28.1874,-9.01287e+07
23843.9
ratio: 0.000000
Time: 70.363759
Gen:52
0.435548,0.549251,0.0152011,0,28.184,-9.01177e+07
23648.7
Time: 76.262854
Gen:53
0.434124,0.551207,0.0146694,0,28.1833,-9.01155e+07
27969.6
Time: 58.775291
Gen:54
0.436507,0.548506,0.0149868,0,28.1746,-9.00875e+07
21141.2
Time: 71.749464
Gen:55
0.436507,0.548506,0.0149868,0,28.1746,-9.00875e+07
26794.9
ratio: 0.000000
Time: 74.774366
Gen:56
0.436507,0.548506,0.0149868,0,28.1746,-9.00875e+07
30315.6
ratio: 0.000000
Time: 70.957399
Gen:57
0.437121,0.547882,0.0149962,0,28.173,-9.00825e+07
30241.8
Time: 72.965840
Gen:58
0.437345,0.547444,0.0152104,0,28.1728,-9.00817e+07
26852.4
ratio: 0.000008
Time: 71.945917
Gen:59
0.437774,0.54723,0.0149962,0,28.1709,-9.00759e+07
28504.5
Time: 72.001086
Gen:60
0.438094,0.546695,0.0152104,0,28.1695,-9.00712e+07
30236.6
Time: 68.407820
Gen:61
0.438094,0.546695,0.0152104,0,28.1695,-9.00712e+07
25816.1
ratio: 0.000000
Time: 73.059113
Gen:62
0.440885,0.544092,0.0150228,0,28.1545,-9.00233e+07
28690.8
Time: 73.900864
Gen:63
0.44125,0.543953,0.0147976,0,28.1523,-9.00162e+07
30427.8
Time: 76.180927
Gen:64
0.441824,0.543681,0.0144958,0,28.1454,-8.99944e+07
19296.5
Time: 80.096116
Gen:65
0.441824,0.543681,0.0144958,0,28.1454,-8.99944e+07
31481
ratio: 0.000000
Time: 86.623410
Gen:66
0.441198,0.54319,0.0156123,0,28.1451,-8.99932e+07
31493.2
Time: 62.147124
Gen:67
0.442079,0.542778,0.0151432,0,28.1438,-8.9989e+07
35737.1
Time: 74.133778
Gen:68
0.441766,0.542622,0.0156123,0,28.1432,-8.99873e+07
31507.3
Time: 76.610288
Gen:69
0.441766,0.542622,0.0156123,0,28.1432,-8.99873e+07
22751.8
ratio: 0.000000
Time: 68.915185
Gen:70
0.443223,0.541635,0.0151416,0,28.1391,-8.99741e+07
27219.3
Time: 66.199939
Gen:71
0.443223,0.541635,0.0151416,0,28.1391,-8.99741e+07
22979.3
ratio: 0.000000
Time: 73.546510
Gen:72
0.443361,0.541498,0.0151416,0,28.1365,-8.99658e+07
8913.51
Time: 73.179305
Gen:73
0.443755,0.540967,0.0152777,0,28.1337,-8.99568e+07
15198.1
Time: 73.112584
Gen:74
0.445783,0.539035,0.0151823,0,28.1223,-8.99202e+07
13504.6
Time: 73.834282
Gen:75
0.445805,0.538861,0.015334,0,28.1195,-8.99114e+07
20219
Time: 72.181577
Gen:76
0.44623,0.538326,0.0154434,0,28.1126,-8.98892e+07
13080.3
Time: 71.162635
Gen:77
0.44623,0.538326,0.0154434,0,28.1126,-8.98892e+07
11600
ratio: 0.000000
Time: 67.732113
Gen:78
0.446141,0.538946,0.0149133,0,28.106,-8.98681e+07
12767.6
Time: 70.550734
Gen:79
0.448529,0.536405,0.0150666,0,28.0969,-8.98391e+07
14205.9
Time: 62.035407
Gen:80
0.450416,0.534896,0.0146882,0,28.0844,-8.97992e+07
23634.1
Time: 76.096315
Gen:81
0.451287,0.53387,0.014843,0,28.0792,-8.97824e+07
24220
Time: 79.783205
Gen:82
0.452357,0.533022,0.0146209,0,28.0508,-8.96918e+07
20918.9
Time: 77.999226
Gen:83
0.452357,0.533022,0.0146209,0,28.0508,-8.96918e+07
34468.1
ratio: 0.000000
Time: 74.005091
Gen:84
0.45345,0.531929,0.0146209,0,28.0454,-8.96746e+07
19766.9
Time: 73.491094
Gen:85
0.45345,0.531929,0.0146209,0,28.0454,-8.96746e+07
14415.5
ratio: 0.000000
Time: 73.959375
Gen:86
0.453539,0.531995,0.0144661,0,28.044,-8.96701e+07
12808.4
Time: 61.406742
Gen:87
0.453539,0.531995,0.0144661,0,28.044,-8.96701e+07
10142.5
ratio: 0.000000
Time: 80.563925
Gen:88
0.453964,0.531784,0.0142519,0,28.0424,-8.9665e+07
11013.5
Time: 80.046354
Gen:89
0.453964,0.531784,0.0142519,0,28.0424,-8.9665e+07
10135
ratio: 0.000000
Time: 79.932062
Gen:90
0.453964,0.531784,0.0142519,0,28.0424,-8.9665e+07
11933
ratio: 0.000000
Time: 73.243795
Gen:91
0.454512,0.531236,0.0142519,0,28.0378,-8.96502e+07
11456
Time: 70.133718
Gen:92
0.454925,0.530647,0.0144286,0,28.0345,-8.96395e+07
11584.5
Time: 57.068592
Gen:93
0.455739,0.529918,0.0143426,0,28.0293,-8.9623e+07
8756.3
Time: 76.016946
Gen:94
0.456842,0.52903,0.0141283,0,28.0207,-8.95956e+07
13267.3
Time: 75.889112
Gen:95
0.457355,0.528517,0.0141283,0,28.0178,-8.95863e+07
15543.7
Time: 72.137227
Gen:96
0.457744,0.528128,0.0141283,0,28.0157,-8.95794e+07
18993.7
Time: 72.875114
Gen:97
0.457755,0.528117,0.0141283,0,28.0156,-8.95793e+07
11457.7
ratio: 0.000002
Time: 72.061046
Gen:98
0.458082,0.527882,0.0140361,0,28.0127,-8.95699e+07
12085.6
Time: 64.766937
Gen:99
0.458596,0.527153,0.0142503,0,28.0101,-8.95615e+07
12080.6
Time: 64.422471
Gen:100
0.458596,0.527153,0.0142503,0,28.0101,-8.95615e+07
12088.3
ratio: 0.000000
Time: 57.975841
Gen:101
0.461805,0.523976,0.014219,0,27.997,-8.95198e+07
9607.22
Time: 64.492532
Gen:102
0.461805,0.523976,0.014219,0,27.997,-8.95198e+07
19595.5
ratio: 0.000000
Time: 67.601370
Gen:103
0.462021,0.52376,0.014219,0,27.9955,-8.95148e+07
20880.9
Time: 67.651392
Gen:104
0.462021,0.52376,0.014219,0,27.9955,-8.95148e+07
11859.9
ratio: 0.000000
Time: 64.481913
Gen:105
0.462739,0.523042,0.014219,0,27.9926,-8.95058e+07
10945.5
Time: 61.448560
Gen:106
0.462739,0.523042,0.014219,0,27.9926,-8.95058e+07
22103.7
ratio: 0.000000
Time: 71.109161
Gen:107
0.462806,0.522975,0.014219,0,27.9917,-8.95028e+07
11933.4
Time: 71.134830
Gen:108
0.462806,0.522975,0.014219,0,27.9917,-8.95028e+07
10844.3
ratio: 0.000000
Time: 71.179319
Gen:109
0.462954,0.522827,0.014219,0,27.9893,-8.9495e+07
12202.3
Time: 61.469274
Gen:110
0.463605,0.522827,0.0135685,0,27.9854,-8.94827e+07
13972.1
Time: 61.612944
Gen:111
0.463605,0.522827,0.0135685,0,27.9854,-8.94827e+07
13529.5
ratio: 0.000000
Time: 64.828750
Gen:112
0.463605,0.522827,0.0135685,0,27.9854,-8.94827e+07
11163.8
ratio: 0.000000
Time: 64.988389
Gen:113
0.463703,0.522728,0.0135685,0,27.9841,-8.94783e+07
10689.8
Time: 65.081626
Gen:114
0.464018,0.522309,0.0136733,0,27.9825,-8.94733e+07
18841.7
Time: 58.701154
Gen:115
0.464018,0.522309,0.0136733,0,27.9825,-8.94733e+07
8115.73
ratio: 0.000000
Time: 68.447665
Gen:116
0.464737,0.521818,0.013445,0,27.9784,-8.94602e+07
11659.4
Time: 58.747465
Gen:117
0.464881,0.521674,0.013445,0,27.9782,-8.94597e+07
11684.9
ratio: 0.000005
Time: 58.969058
Gen:118
0.465214,0.521341,0.013445,0,27.9761,-8.9453e+07
13940.2
Time: 68.796517
Gen:119
0.465214,0.521341,0.013445,0,27.9761,-8.9453e+07
10234.7
ratio: 0.000000
Time: 66.137923
Gen:120
0.465334,0.521221,0.013445,0,27.976,-8.94526e+07
10963.1
ratio: 0.000005
Time: 62.864834
Gen:121
0.466793,0.520212,0.0129946,0,27.9675,-8.94252e+07
10386
Time: 62.557929
Gen:122
0.466793,0.520212,0.0129946,0,27.9675,-8.94252e+07
21278.7
ratio: 0.000000
Time: 69.416558
Gen:123
0.466989,0.519802,0.0132089,0,27.9664,-8.94218e+07
12269.5
Time: 69.361455
Gen:124
0.467938,0.519185,0.0128773,0,27.9636,-8.94128e+07
9095.21
Time: 69.499509
Gen:125
0.468243,0.51888,0.0128773,0,27.9625,-8.94093e+07
10808.1
Time: 73.837476
Gen:126
0.468524,0.518634,0.0128414,0,27.9619,-8.94075e+07
9941.08
Time: 70.806839
Gen:127
0.469022,0.518101,0.0128773,0,27.9606,-8.94032e+07
11220.2
Time: 72.397878
Gen:128
0.469472,0.517687,0.0128414,0,27.9588,-8.93975e+07
10315.6
Time: 53.688089
Gen:129
0.469472,0.517687,0.0128414,0,27.9588,-8.93975e+07
18610.7
ratio: 0.000000
Time: 62.556114
Gen:130
0.470585,0.516697,0.0127178,0,27.9502,-8.937e+07
15404.6
Time: 71.029367
Gen:131
0.470585,0.516697,0.0127178,0,27.9502,-8.937e+07
15771.6
ratio: 0.000000
Time: 72.179846
Gen:132
0.470585,0.516697,0.0127178,0,27.9502,-8.937e+07
14854.9
ratio: 0.000000
Time: 73.842379
Gen:133
0.470771,0.516511,0.0127178,0,27.9497,-8.93686e+07
11056.7
Time: 73.078927
Gen:134
0.470771,0.516511,0.0127178,0,27.9497,-8.93686e+07
12097.4
ratio: 0.000000
Time: 65.405197
Gen:135
0.471417,0.515829,0.0127538,0,27.9471,-8.93601e+07
10485.8
Time: 62.632445
Gen:136
0.471417,0.515829,0.0127538,0,27.9471,-8.93601e+07
10072.8
ratio: 0.000000
Time: 66.034214
Gen:137
0.472584,0.514719,0.0126975,0,27.9431,-8.93473e+07
13738.3
Time: 66.702319
Gen:138
0.472584,0.514719,0.0126975,0,27.9431,-8.93473e+07
68532.4
ratio: 0.000000
Time: 62.579376
Gen:139
0.472584,0.514719,0.0126975,0,27.9431,-8.93473e+07
12507.4
ratio: 0.000000
Time: 72.936353
Gen:140
0.472584,0.514719,0.0126975,0,27.9431,-8.93473e+07
11732.4
ratio: 0.000000
Time: 69.980165
Gen:141
0.472779,0.514523,0.0126975,0,27.9419,-8.93436e+07
10421.2
Time: 76.551738
Gen:142
0.472779,0.514523,0.0126975,0,27.9419,-8.93436e+07
12441.2
ratio: 0.000000
Time: 69.844338
Gen:143
0.472743,0.5148,0.0124567,0,27.941,-8.93405e+07
10307.3
Time: 69.721429
Gen:144
0.472947,0.514684,0.0123691,0,27.9404,-8.93386e+07
16956.4
Time: 74.485994
Gen:145
0.472704,0.514839,0.0124567,0,27.9378,-8.93305e+07
13325.7
Time: 75.408923
Gen:146
0.472704,0.514839,0.0124567,0,27.9378,-8.93305e+07
12515.4
ratio: 0.000000
Time: 75.256897
Gen:147
0.473431,0.51437,0.0121987,0,27.9348,-8.93209e+07
12726
Time: 71.552395
Gen:148
0.473652,0.514149,0.0121987,0,27.9331,-8.93153e+07
11961.6
Time: 74.382803
Gen:149
0.473672,0.514129,0.0121987,0,27.9325,-8.93136e+07
13315.6
Time: 78.172208
Gen:150
0.474118,0.513823,0.0120595,0,27.9307,-8.93077e+07
15771.7
Time: 70.082924
Gen:151
0.476409,0.511754,0.0118375,0,27.9241,-8.92866e+07
14358
Time: 79.317601
Gen:152
0.477844,0.510554,0.0116013,0,27.9215,-8.92784e+07
16197.2
Time: 75.000739
Gen:153
0.477844,0.510554,0.0116013,0,27.9215,-8.92784e+07
12767.1
ratio: 0.000000
Time: 77.184439
Gen:154
0.477844,0.510554,0.0116013,0,27.9215,-8.92784e+07
12246.3
ratio: 0.000000
Time: 60.890725
Gen:155
0.478127,0.510235,0.0116373,0,27.9192,-8.92711e+07
11207.6
Time: 71.581645
Gen:156
0.478127,0.510235,0.0116373,0,27.9192,-8.92711e+07
11910.7
ratio: 0.000000
Time: 68.074880
Gen:157
0.478934,0.509402,0.0116639,0,27.9178,-8.92665e+07
11162.4
Time: 70.635265
Gen:158
0.478571,0.509765,0.0116639,0,27.9169,-8.92635e+07
12426.3
Time: 63.683443
Gen:159
0.479094,0.509242,0.0116639,0,27.9161,-8.92609e+07
20109.7
Time: 73.829702
Gen:160
0.479288,0.509049,0.0116639,0,27.914,-8.92542e+07
12487.1
Time: 70.629910
Gen:161
0.479288,0.509049,0.0116639,0,27.914,-8.92542e+07
10477.6
ratio: 0.000000
Time: 64.103635
Gen:162
0.479483,0.508853,0.0116639,0,27.9128,-8.92504e+07
14511.2
Time: 73.973166
Gen:163
0.479649,0.508687,0.0116639,0,27.9118,-8.92474e+07
8487.69
Time: 74.021095
Gen:164
0.482448,0.505737,0.0118156,0,27.9023,-8.9217e+07
16593.9
Time: 74.096624
Gen:165
0.482596,0.505588,0.0118156,0,27.9016,-8.92146e+07
14952.2
Time: 64.008717
Gen:166
0.482596,0.505588,0.0118156,0,27.9016,-8.92146e+07
18836.6
ratio: 0.000000
Time: 71.078585
Gen:167
0.482596,0.505588,0.0118156,0,27.9001,-8.921e+07
14999.5
Time: 68.691835
Gen:168
0.482596,0.505588,0.0118156,0,27.9001,-8.921e+07
17064.8
ratio: 0.000000
Time: 65.170415
Gen:169
0.483042,0.505142,0.0118156,0,27.8976,-8.9202e+07
15978.1
Time: 75.249594
Gen:170
0.483219,0.505388,0.0113934,0,27.8947,-8.91927e+07
14892.5
Time: 71.535612
Gen:171
0.483219,0.505388,0.0113934,0,27.8947,-8.91927e+07
14083.9
ratio: 0.000000
Time: 71.584920
Gen:172
0.483219,0.505388,0.0113934,0,27.8947,-8.91927e+07
12610.5
ratio: 0.000000
Time: 72.182870
Gen:173
0.483219,0.505388,0.0113934,0,27.8947,-8.91927e+07
11388.1
ratio: 0.000000
Time: 71.102647
Gen:174
0.483652,0.504955,0.0113934,0,27.8924,-8.91851e+07
11255.8
Time: 58.034350
Gen:175
0.483652,0.504955,0.0113934,0,27.8924,-8.91851e+07
11608
ratio: 0.000000
Time: 75.024027
Gen:176
0.483887,0.50472,0.0113934,0,27.8912,-8.91813e+07
10287.6
Time: 65.139816
Gen:177
0.483887,0.50472,0.0113934,0,27.8912,-8.91813e+07
10362.2
ratio: 0.000000
Time: 71.714313
Gen:178
0.483702,0.504595,0.011703,0,27.8906,-8.91796e+07
12631.8
Time: 71.380197
Gen:179
0.484636,0.503971,0.0113934,0,27.889,-8.91742e+07
11374.8
Time: 61.433619
Gen:180
0.484725,0.504107,0.0111682,0,27.8875,-8.91695e+07
9219.84
Time: 64.997080
Gen:181
0.485242,0.50359,0.0111682,0,27.8865,-8.91665e+07
15367.1
Time: 69.069742
Gen:182
0.485242,0.50359,0.0111682,0,27.8865,-8.91665e+07
15121
ratio: 0.000000
Time: 72.345845
Gen:183
0.488424,0.500747,0.0108289,0,27.8646,-8.90963e+07
13400.6
Time: 68.465586
Gen:184
0.489011,0.50016,0.0108289,0,27.8619,-8.90877e+07
25658.5
Time: 60.141140
Gen:185
0.489011,0.50016,0.0108289,0,27.8619,-8.90877e+07
10226.4
ratio: 0.000000
Time: 61.581005
Gen:186
0.489117,0.500054,0.0108289,0,27.8595,-8.90802e+07
11129.6
Time: 68.817049
Gen:187
0.489117,0.500054,0.0108289,0,27.8595,-8.90802e+07
9244.65
ratio: 0.000000
Time: 69.242270
Gen:188
0.489117,0.500054,0.0108289,0,27.8595,-8.90802e+07
8750.21
ratio: 0.000000
Time: 68.521838
Gen:189
0.489397,0.499774,0.0108289,0,27.8584,-8.90764e+07
10723.7
Time: 72.932381
Gen:190
0.489979,0.499192,0.0108289,0,27.8565,-8.90706e+07
12491.7
Time: 73.134401
Gen:191
0.48966,0.499511,0.0108289,0,27.8552,-8.90663e+07
9097.72
Time: 65.519411
Gen:192
0.489899,0.499272,0.0108289,0,27.8532,-8.90599e+07
9275.34
Time: 64.163699
Gen:193
0.490967,0.497392,0.0116404,0,27.8511,-8.90532e+07
10052
Time: 62.198018
Gen:194
0.491016,0.497344,0.0116404,0,27.8507,-8.90521e+07
12159
Time: 76.859468
Gen:195
0.491016,0.497344,0.0116404,0,27.8507,-8.90521e+07
12255.7
ratio: 0.000000
Time: 69.776196
Gen:196
0.491216,0.497144,0.0116404,0,27.8497,-8.90488e+07
9503.18
Time: 60.909192
Gen:197
0.492754,0.495755,0.0114903,0,27.8465,-8.90385e+07
10608.5
Time: 70.148557
Gen:198
0.492754,0.495755,0.0114903,0,27.8465,-8.90385e+07
13353
ratio: 0.000000
Time: 66.143427
Gen:199
0.492754,0.495755,0.0114903,0,27.8465,-8.90385e+07
17409.8
ratio: 0.000000
Time: 70.650583
Gen:200
0.492754,0.495755,0.0114903,0,27.8465,-8.90385e+07
10316.4
ratio: 0.000000
Time: 65.979706
Gen:201
0.492912,0.495446,0.011642,0,27.8454,-8.9035e+07
12799.6
Time: 58.607201
Gen:202
0.492912,0.495446,0.011642,0,27.8454,-8.9035e+07
14205.7
ratio: 0.000000
Time: 66.910374
Gen:203
0.492912,0.49541,0.011678,0,27.8442,-8.90311e+07
10807.4
Time: 88.941487
Gen:204
0.492912,0.49541,0.011678,0,27.8442,-8.90311e+07
18195.9
ratio: 0.000000
Time: 88.542166
Gen:205
0.492912,0.49541,0.011678,0,27.8442,-8.90311e+07
11832.4
ratio: 0.000000
Time: 89.294519
Gen:206
0.492912,0.49541,0.011678,0,27.8442,-8.90311e+07
11359.5
ratio: 0.000000
Time: 101.428219
Gen:207
0.493016,0.495342,0.011642,0,27.8419,-8.90237e+07
14273.1
Time: 80.870277
Gen:208
0.493238,0.49512,0.011642,0,27.8408,-8.90201e+07
11631.9
Time: 75.902214
Gen:209
0.493238,0.49512,0.011642,0,27.8408,-8.90201e+07
11708.4
ratio: 0.000000
Time: 70.394517
Gen:210
0.49389,0.494468,0.011642,0,27.8358,-8.90044e+07
69456.6
Time: 76.284793
Gen:211
0.49389,0.494468,0.011642,0,27.8358,-8.90044e+07
18761.2
ratio: 0.000000
Time: 99.722619
Gen:212
0.49389,0.494468,0.011642,0,27.8358,-8.90044e+07
15508.1
ratio: 0.000000
Time: 108.526134
Gen:213
0.494049,0.494309,0.011642,0,27.8357,-8.90039e+07
10615.9
ratio: 0.000006
Time: 107.428561
Gen:214
0.494356,0.493966,0.011678,0,27.8326,-8.8994e+07
17206.8
Time: 98.157366
Gen:215
0.494356,0.493966,0.011678,0,27.8326,-8.8994e+07
14778
ratio: 0.000000
Time: 106.057919
Gen:216
0.494579,0.494393,0.0110275,0,27.8265,-8.89747e+07
68870.3
Time: 96.876683
Gen:217
0.494579,0.494393,0.0110275,0,27.8265,-8.89747e+07
13513.6
ratio: 0.000000
Time: 78.309330
Gen:218
0.494754,0.494254,0.0109915,0,27.8258,-8.89724e+07
10044.6
Time: 106.347912
Gen:219
0.494754,0.494254,0.0109915,0,27.8258,-8.89724e+07
12377.4
ratio: 0.000000
Time: 98.135614
Gen:220
0.495613,0.493447,0.0109399,0,27.8197,-8.89527e+07
12752.2
Time: 84.815140
Gen:221
0.495613,0.493447,0.0109399,0,27.8197,-8.89527e+07
17347.7
ratio: 0.000000
Time: 82.026771
Gen:222
0.49576,0.4933,0.0109399,0,27.8195,-8.89522e+07
19996.1
ratio: 0.000005
Time: 75.220025
Gen:223
0.495749,0.493311,0.0109399,0,27.8187,-8.89497e+07
13394.2
Time: 74.594983
Gen:224
0.495827,0.493233,0.0109399,0,27.8186,-8.89492e+07
69400.1
ratio: 0.000006
Time: 78.426935
Gen:225
0.495827,0.493233,0.0109399,0,27.8186,-8.89492e+07
12003.9
ratio: 0.000000
Time: 78.403249
Gen:226
0.495858,0.493239,0.0109024,0,27.8144,-8.89359e+07
68690.3
Time: 74.636989
Gen:227
0.4969,0.492254,0.0108461,0,27.8124,-8.89293e+07
12939.8
Time: 82.202658
Gen:228
0.497314,0.49184,0.0108461,0,27.8121,-8.89286e+07
9251.23
ratio: 0.000009
Time: 78.473052
Gen:229
0.49713,0.492024,0.0108461,0,27.8112,-8.89257e+07
11269.6
Time: 67.266162
Gen:230
0.497346,0.491808,0.0108461,0,27.8107,-8.89241e+07
11368
Time: 67.819853
Gen:231
0.497346,0.491808,0.0108461,0,27.8107,-8.89241e+07
11848.5
ratio: 0.000000
Time: 76.451188
Gen:232
0.497755,0.491399,0.0108461,0,27.8097,-8.89208e+07
14335.8
Time: 67.926315
Gen:233
0.498312,0.490765,0.0109227,0,27.8034,-8.89006e+07
15569.6
Time: 81.547113
Gen:234
0.498312,0.490765,0.0109227,0,27.8034,-8.89006e+07
14336
ratio: 0.000000
Time: 87.862089
Gen:235
0.498395,0.490682,0.0109227,0,27.8028,-8.88986e+07
11480.4
Time: 83.413725
Gen:236
0.498556,0.490521,0.0109227,0,27.8024,-8.88974e+07
11328.7
Time: 80.988858
Gen:237
0.499982,0.489294,0.0107241,0,27.7943,-8.88715e+07
15406.6
Time: 72.996039
Gen:238
0.500143,0.489133,0.0107241,0,27.7939,-8.88702e+07
15620.8
Time: 94.419795
Gen:239
0.500143,0.489133,0.0107241,0,27.7939,-8.88702e+07
11459.4
ratio: 0.000000
Time: 99.533311
Gen:240
0.500143,0.489133,0.0107241,0,27.7924,-8.88655e+07
67101.2
Time: 69.412271
Gen:241
0.500143,0.489133,0.0107241,0,27.7924,-8.88655e+07
15258.5
ratio: 0.000000
Time: 110.743776
Gen:242
0.500143,0.489133,0.0107241,0,27.7924,-8.88655e+07
15506.4
ratio: 0.000000
Time: 108.983390
Gen:243
0.500143,0.489133,0.0107241,0,27.7924,-8.88655e+07
11470.8
ratio: 0.000000
Time: 92.632709
Gen:244
0.500636,0.488703,0.0106615,0,27.7909,-8.88607e+07
13124.6
Time: 103.701895
Gen:245
0.500728,0.489014,0.0102581,0,27.7899,-8.88576e+07
11516.8
Time: 114.949147
Gen:246
0.500728,0.489014,0.0102581,0,27.7899,-8.88576e+07
10224.4
ratio: 0.000000
Time: 103.985192
Gen:247
0.500728,0.489014,0.0102581,0,27.7899,-8.88576e+07
12559.8
ratio: 0.000000
Time: 114.721549
Gen:248
0.501097,0.488645,0.0102581,0,27.7889,-8.88543e+07
33994.7
Time: 114.568021
Gen:249
0.501097,0.488645,0.0102581,0,27.7889,-8.88543e+07
12198.4
ratio: 0.000000
Time: 99.384025
Gen:250
0.50153,0.488212,0.0102581,0,27.7876,-8.885e+07
12258.8
Time: 109.547335
Gen:251
0.50153,0.488212,0.0102581,0,27.7876,-8.885e+07
10084.7
ratio: 0.000000
Time: 115.188033
Gen:252
0.503435,0.486723,0.00984214,0,27.7857,-8.88442e+07
67225.1
Time: 110.019995
Gen:253
0.503439,0.486718,0.00984214,0,27.7857,-8.88441e+07
11500.9
ratio: 0.000001
Time: 109.945519
Gen:254
0.503849,0.486309,0.00984214,0,27.7855,-8.88434e+07
13468.7
ratio: 0.000008
Time: 110.013972
Gen:255
0.503849,0.486309,0.00984214,0,27.7847,-8.88409e+07
9297.52
Time: 104.674269
Gen:256
0.504232,0.485926,0.00984214,0,27.7839,-8.88382e+07
66609.5
Time: 121.498038
Gen:257
0.504232,0.485926,0.00984214,0,27.7839,-8.88382e+07
12114.2
ratio: 0.000000
Time: 110.623509
Gen:258
0.50414,0.486018,0.00984214,0,27.7828,-8.88349e+07
13396.2
Time: 104.759484
Gen:259
0.504315,0.485843,0.00984214,0,27.7821,-8.88327e+07
15847.4
Time: 99.271736
Gen:260
0.504315,0.485843,0.00984214,0,27.7821,-8.88327e+07
9241.21
ratio: 0.000000
Time: 110.705391
Gen:261
0.504801,0.485482,0.00971704,0,27.778,-8.88194e+07
11583.3
Time: 111.203881
Gen:262
0.504801,0.485482,0.00971704,0,27.778,-8.88194e+07
12731.8
ratio: 0.000000
Time: 117.447394
Gen:263
0.504801,0.485482,0.00971704,0,27.778,-8.88194e+07
12383
ratio: 0.000000
Time: 111.726650
Gen:264
0.504801,0.485482,0.00971704,0,27.778,-8.88194e+07
10930.4
ratio: 0.000000
Time: 95.051406
Gen:265
0.504801,0.485482,0.00971704,0,27.778,-8.88194e+07
16552.2
ratio: 0.000000
Time: 111.954643
Gen:266
0.504801,0.485482,0.00971704,0,27.778,-8.88194e+07
12527.4
ratio: 0.000000
Time: 122.891345
Gen:267
0.504801,0.485482,0.00971704,0,27.778,-8.88194e+07
12519.3
ratio: 0.000000
Time: 100.714009
Gen:268
0.504625,0.485522,0.00985309,0,27.7772,-8.8817e+07
68107.8
Time: 117.465654
Gen:269
0.504853,0.48543,0.00971704,0,27.776,-8.8813e+07
7472.11
Time: 111.887712
Gen:270
0.505038,0.485305,0.00965762,0,27.7722,-8.8801e+07
66964.8
Time: 117.408037
Gen:271
0.505891,0.484451,0.00965762,0,27.7704,-8.87951e+07
15042.7
Time: 122.972988
Gen:272
0.505891,0.484451,0.00965762,0,27.7704,-8.87951e+07
14759.5
ratio: 0.000000
Time: 105.520379
Gen:273
0.505929,0.484413,0.00965762,0,27.77,-8.87939e+07
14277.5
Time: 116.399602
Gen:274
0.505929,0.484413,0.00965762,0,27.77,-8.87939e+07
11618.1
ratio: 0.000000
Time: 116.525209
Gen:275
0.506339,0.484004,0.00965762,0,27.769,-8.87906e+07
14924.8
Time: 111.522238
Gen:276
0.506339,0.484004,0.00965762,0,27.769,-8.87906e+07
12562.5
ratio: 0.000000
Time: 113.014102
Gen:277
0.506339,0.484004,0.00965762,0,27.769,-8.87906e+07
13074.2
ratio: 0.000000
Time: 118.373736
Gen:278
0.506855,0.483525,0.00962009,0,27.7646,-8.87767e+07
10248.1
Time: 118.133177
Gen:279
0.506855,0.483525,0.00962009,0,27.7646,-8.87767e+07
12605.7
ratio: 0.000000
Time: 112.509891
Gen:280
0.506855,0.483525,0.00962009,0,27.7646,-8.87767e+07
12620.5
ratio: 0.000000
Time: 101.256666
Gen:281
0.506855,0.483525,0.00962009,0,27.7646,-8.87767e+07
12170.1
ratio: 0.000000
Time: 118.204047
Gen:282
0.506855,0.483525,0.00962009,0,27.7646,-8.87767e+07
11872.6
ratio: 0.000000
Time: 112.795957
Gen:283
0.506855,0.483525,0.00962009,0,27.7646,-8.87767e+07
15347.7
ratio: 0.000000
Time: 117.508248
Gen:284
0.507189,0.483191,0.00962009,0,27.7624,-8.87697e+07
12091.2
Time: 112.205286
Gen:285
0.506612,0.483369,0.0100188,0,27.7622,-8.87691e+07
10794.1
ratio: 0.000007
Time: 106.134643
Gen:286
0.506612,0.483369,0.0100188,0,27.7622,-8.87691e+07
9859.79
ratio: 0.000000
Time: 117.533517
Gen:287
0.506767,0.483214,0.0100188,0,27.7616,-8.8767e+07
9644
Time: 108.622524
Gen:288
0.506767,0.483214,0.0100188,0,27.7616,-8.8767e+07
11591.2
ratio: 0.000000
Time: 93.965480
Gen:289
0.507333,0.483037,0.00962947,0,27.7573,-8.87533e+07
11416.8
Time: 101.822897
Gen:290
0.507333,0.483037,0.00962947,0,27.7573,-8.87533e+07
14128
ratio: 0.000000
Time: 94.772999
Gen:291
0.507338,0.483253,0.00940899,0,27.7573,-8.87532e+07
18965.2
ratio: 0.000001
Time: 113.540051
Gen:292
0.508026,0.482565,0.00940899,0,27.755,-8.87459e+07
11293.1
Time: 102.922388
Gen:293
0.508026,0.482565,0.00940899,0,27.755,-8.87459e+07
12649.5
ratio: 0.000000
Time: 125.028310
Gen:294
0.508026,0.482565,0.00940899,0,27.755,-8.87459e+07
15151.3
ratio: 0.000000
Time: 125.531677
Gen:295
0.508753,0.481826,0.0094215,0,27.7535,-8.87411e+07
10525.2
Time: 108.077440
Gen:296
0.508964,0.481614,0.0094215,0,27.7533,-8.87404e+07
9602.3
ratio: 0.000008
Time: 119.224871
Gen:297
0.50968,0.480898,0.0094215,0,27.7515,-8.87346e+07
11299.9
Time: 113.834422
Gen:298
0.50968,0.480898,0.0094215,0,27.7515,-8.87346e+07
10764
ratio: 0.000000
Time: 108.406501
Gen:299
0.509784,0.480795,0.0094215,0,27.7509,-8.8733e+07
9414.85
Time: 119.702725
Gen:300
0.509902,0.480676,0.0094215,0,27.7507,-8.87322e+07
12275
ratio: 0.000009
Time: 119.872334
FINAL Population size
25
Best : -8.87322e+07   25:69-111-64-17-89-52-118-1-77-0-48-2-48-73-60-75-32-6-55-16-114-78-12-3-56- ,  25:2-49-124-9-63-105-43-98-42-104-58-5-29-122-52-51-54-38-39-46-11-7-40-92-76- ,  25:71-78-114-16-55-60-32-126-26-101-88-125-22-35-123-95-40-7-11-0-48-73-6-112-62- ,  25:14-100-12-107-3-78-114-2-11-7-0-77-67-118-52-38-39-46-11-2-114-78-96-3-115- ,  25:18-86-24-102-106-115-3-12-78-114-2-48-73-45-60-55-16-114-23-53-61-115-3-15-107- ,  24:13-50-40-7-11-67-27-29-36-80-66-9-36-24-117-10-69-43-113-89-31-33-54-47- ,  25:72-14-66-80-63-105-42-113-89-52-118-1-77-0-48-73-60-32-126-26-11-1-81-80-36- ,  25:74-72-14-108-115-61-53-66-80-29-122-52-51-54-30-8-41-33-39-46-1-81-9-70-124- ,  25:112-55-99-48-2-11-26-126-73-60-32-20-50-40-93-88-39-31-89-17-64-4-10-117-24- ,  25:35-125-88-101-0-79-2-23-114-16-55-60-75-20-50-116-93-88-25-41-8-35-123-95-65- ,  25:71-78-114-2-11-26-0-79-37-23-124-9-63-80-66-14-53-23-37-79-11-7-101-116-95- ,  23:103-4-64-28-43-105-63-80-66-74-114-74-37-79-0-101-88-25-41-57-30-38-52- ,  25:96-100-71-78-114-2-79-0-101-88-91-35-22-30-31-39-88-93-7-11-2-23-53-61-108- ,  25:19-50-40-82-44-65-116-93-88-39-31-89-113-90-43-105-63-80-66-49-2-48-73-60-75- ,  25:40-44-120-0-97-2-49-72-9-63-80-66-14-100-96-78-114-2-79-0-101-88-91-125-21- ,  23:111-103-43-105-63-80-66-49-2-48-126-92-83-50-40-93-88-39-31-89-42-90-103- ,  24:47-51-52-122-29-80-66-14-108-115-3-107-12-78-114-74-66-80-63-58-104-18-109-86- ,  25:82-116-93-88-39-31-51-52-118-1-11-2-74-37-79-11-77-1-27-122-52-38-25-91-123- ,  25:4-69-43-113-89-31-33-30-22-119-8-41-25-39-46-1-81-80-66-74-114-78-12-56-3- ,  25:85-92-126-26-11-1-118-52-89-42-28-43-105-63-80-66-14-100-12-56-3-115-106-108-87- ,  25:40-92-126-48-2-23-53-61-87-24-36-29-122-52-38-30-22-21-41-33-31-89-17-64-111- ,  25:94-122-52-89-42-90-98-43-104-58-5-24-87-110-68-12-78-100-14-108-102-24-117-86-18- ,  25:19-76-92-50-116-93-88-25-38-47-54-30-8-41-33-39-46-11-2-114-78-3-56-34-68- ,  25:105-58-5-24-102-61-115-108-14-53-23-37-79-0-120-116-93-88-39-31-89-59-43-109-10- ,  25:42-105-63-5-24-87-84-68-12-78-114-16-55-99-48-2-49-124-9-36-24-86-10-69-109- ,  25:35-125-88-101-0-79-2-49-72-9-36-24-86-109-43-113-89-31-39-88-82-40-92-20-76- ,  23:15-3-78-114-2-48-126-92-83-13-50-40-26-0-79-37-23-53-61-102-87-110-68- ,  25:50-76-85-20-32-60-55-16-114-78-3-15-12-78-114-74-37-79-0-120-44-82-91-123-35- ,  25:63-105-42-17-89-31-39-88-125-91-82-93-120-0-79-37-23-124-70-9-29-122-52-31-47- ,  24:7-120-101-88-39-31-89-42-28-43-105-63-58-104-18-69-43-113-89-31-39-88-82-95- ,  22:74-72-9-29-81-1-11-0-48-99-55-16-114-78-114-2-11-46-39-30-8-57- ,  24:21-57-41-33-30-38-52-122-29-80-66-14-106-61-53-23-2-48-73-60-32-19-85-75- ,  25:56-34-68-84-87-24-36-29-94-81-67-11-0-101-26-48-2-49-72-70-9-63-105-43-69- ,  25:4-111-69-43-105-63-9-124-49-2-48-73-45-32-126-26-11-97-37-74-114-16-55-6-73- ,  25:19-50-92-126-48-2-49-124-9-63-105-43-64-17-42-104-59-89-31-39-46-1-81-9-70- ,  25:62-16-114-23-53-61-102-24-117-10-18-104-58-5-80-66-14-100-71-78-114-16-55-45-60- ,  25:75-32-126-26-120-7-11-46-39-88-121-25-38-31-89-59-104-18-86-24-36-58-104-59-90- ,  21:92-76-83-50-40-82-88-39-31-89-59-43-105-63-80-66-49-2-48-99-55- ,  25:6-73-48-2-49-72-9-63-58-104-59-89-31-38-25-91-35-123-95-50-92-126-32-112-62- ,  25:45-6-73-48-79-11-1-118-27-29-80-66-14-100-12-3-115-106-102-24-36-80-81-67-1- ,  24:92-13-19-32-60-73-48-2-114-78-3-107-56-84-87-24-36-63-105-43-4-109-86-117- ,  25:85-20-92-126-48-2-23-53-61-102-24-36-80-81-67-46-11-79-2-114-78-100-14-66-49- ,  25:81-27-52-51-47-54-30-88-101-7-11-2-49-72-70-66-74-114-16-55-60-32-19-20-75- ,  25:33-25-88-93-40-7-11-2-23-53-61-87-110-68-12-78-114-74-37-79-11-46-39-25-41- ,  25:34-68-84-87-24-86-109-103-43-105-63-9-124-9-29-122-52-89-59-104-18-86-109-43-17- ,  25:50-40-7-11-1-118-27-29-80-63-105-42-17-89-31-39-88-125-21-22-30-39-46-1-81- ,  25:100-78-114-2-79-0-101-88-91-123-95-40-7-11-2-114-78-3-56-34-68-12-100-96-71- ,  25:27-67-11-26-126-92-19-50-40-93-88-121-91-82-44-120-0-77-11-2-114-78-3-56-34- ,  22:27-81-80-66-74-114-16-55-99-48-26-101-88-91-25-39-31-89-42-43-109-86- ,  25:56-68-84-87-24-36-29-122-52-51-54-31-89-59-104-58-63-80-66-14-100-3-15-107-12- ,  25:75-60-112-16-114-74-66-80-63-105-43-69-103-90-113-89-31-89-59-43-4-111-28-42-104- ,  25:72-49-2-11-46-39-30-22-119-21-125-91-82-44-95-13-50-65-7-11-97-37-74-49-23- ,  25:86-10-117-24-5-80-66-49-2-48-73-60-32-6-55-16-114-2-48-126-92-83-13-95-116- ,  25:72-9-5-80-66-49-2-114-78-3-56-12-100-14-66-80-29-122-52-31-39-88-93-65-50- ,  22:6-73-48-97-2-23-53-61-87-84-68-12-100-14-100-12-15-56-84-110-68-34- ,  25:96-100-14-66-80-63-105-42-17-89-52-118-1-77-0-48-73-6-112-16-114-78-100-14-106- ,  25:36-5-58-104-59-89-31-39-88-125-91-82-93-7-11-1-27-122-52-89-42-90-103-18-117- ,  25:126-48-97-2-23-53-61-87-110-68-12-78-114-2-79-0-101-88-125-22-119-8-30-38-52- ,  22:111-64-43-113-59-104-105-63-80-66-53-61-102-24-36-58-105-43-98-103-18-69- ,  25:7-26-11-2-114-78-12-100-14-53-23-124-23-37-2-48-126-92-76-50-40-82-88-30-57- , 

0.509902
0.480676
0.0094215
0
27.7507
-8.87322e+07
All Run Best : -8.87322e+07   25:69-111-64-17-89-52-118-1-77-0-48-2-48-73-60-75-32-6-55-16-114-78-12-3-56- ,  25:2-49-124-9-63-105-43-98-42-104-58-5-29-122-52-51-54-38-39-46-11-7-40-92-76- ,  25:71-78-114-16-55-60-32-126-26-101-88-125-22-35-123-95-40-7-11-0-48-73-6-112-62- ,  25:14-100-12-107-3-78-114-2-11-7-0-77-67-118-52-38-39-46-11-2-114-78-96-3-115- ,  25:18-86-24-102-106-115-3-12-78-114-2-48-73-45-60-55-16-114-23-53-61-115-3-15-107- ,  24:13-50-40-7-11-67-27-29-36-80-66-9-36-24-117-10-69-43-113-89-31-33-54-47- ,  25:72-14-66-80-63-105-42-113-89-52-118-1-77-0-48-73-60-32-126-26-11-1-81-80-36- ,  25:74-72-14-108-115-61-53-66-80-29-122-52-51-54-30-8-41-33-39-46-1-81-9-70-124- ,  25:112-55-99-48-2-11-26-126-73-60-32-20-50-40-93-88-39-31-89-17-64-4-10-117-24- ,  25:35-125-88-101-0-79-2-23-114-16-55-60-75-20-50-116-93-88-25-41-8-35-123-95-65- ,  25:71-78-114-2-11-26-0-79-37-23-124-9-63-80-66-14-53-23-37-79-11-7-101-116-95- ,  23:103-4-64-28-43-105-63-80-66-74-114-74-37-79-0-101-88-25-41-57-30-38-52- ,  25:96-100-71-78-114-2-79-0-101-88-91-35-22-30-31-39-88-93-7-11-2-23-53-61-108- ,  25:19-50-40-82-44-65-116-93-88-39-31-89-113-90-43-105-63-80-66-49-2-48-73-60-75- ,  25:40-44-120-0-97-2-49-72-9-63-80-66-14-100-96-78-114-2-79-0-101-88-91-125-21- ,  23:111-103-43-105-63-80-66-49-2-48-126-92-83-50-40-93-88-39-31-89-42-90-103- ,  24:47-51-52-122-29-80-66-14-108-115-3-107-12-78-114-74-66-80-63-58-104-18-109-86- ,  25:82-116-93-88-39-31-51-52-118-1-11-2-74-37-79-11-77-1-27-122-52-38-25-91-123- ,  25:4-69-43-113-89-31-33-30-22-119-8-41-25-39-46-1-81-80-66-74-114-78-12-56-3- ,  25:85-92-126-26-11-1-118-52-89-42-28-43-105-63-80-66-14-100-12-56-3-115-106-108-87- ,  25:40-92-126-48-2-23-53-61-87-24-36-29-122-52-38-30-22-21-41-33-31-89-17-64-111- ,  25:94-122-52-89-42-90-98-43-104-58-5-24-87-110-68-12-78-100-14-108-102-24-117-86-18- ,  25:19-76-92-50-116-93-88-25-38-47-54-30-8-41-33-39-46-11-2-114-78-3-56-34-68- ,  25:105-58-5-24-102-61-115-108-14-53-23-37-79-0-120-116-93-88-39-31-89-59-43-109-10- ,  25:42-105-63-5-24-87-84-68-12-78-114-16-55-99-48-2-49-124-9-36-24-86-10-69-109- ,  25:35-125-88-101-0-79-2-49-72-9-36-24-86-109-43-113-89-31-39-88-82-40-92-20-76- ,  23:15-3-78-114-2-48-126-92-83-13-50-40-26-0-79-37-23-53-61-102-87-110-68- ,  25:50-76-85-20-32-60-55-16-114-78-3-15-12-78-114-74-37-79-0-120-44-82-91-123-35- ,  25:63-105-42-17-89-31-39-88-125-91-82-93-120-0-79-37-23-124-70-9-29-122-52-31-47- ,  24:7-120-101-88-39-31-89-42-28-43-105-63-58-104-18-69-43-113-89-31-39-88-82-95- ,  22:74-72-9-29-81-1-11-0-48-99-55-16-114-78-114-2-11-46-39-30-8-57- ,  24:21-57-41-33-30-38-52-122-29-80-66-14-106-61-53-23-2-48-73-60-32-19-85-75- ,  25:56-34-68-84-87-24-36-29-94-81-67-11-0-101-26-48-2-49-72-70-9-63-105-43-69- ,  25:4-111-69-43-105-63-9-124-49-2-48-73-45-32-126-26-11-97-37-74-114-16-55-6-73- ,  25:19-50-92-126-48-2-49-124-9-63-105-43-64-17-42-104-59-89-31-39-46-1-81-9-70- ,  25:62-16-114-23-53-61-102-24-117-10-18-104-58-5-80-66-14-100-71-78-114-16-55-45-60- ,  25:75-32-126-26-120-7-11-46-39-88-121-25-38-31-89-59-104-18-86-24-36-58-104-59-90- ,  21:92-76-83-50-40-82-88-39-31-89-59-43-105-63-80-66-49-2-48-99-55- ,  25:6-73-48-2-49-72-9-63-58-104-59-89-31-38-25-91-35-123-95-50-92-126-32-112-62- ,  25:45-6-73-48-79-11-1-118-27-29-80-66-14-100-12-3-115-106-102-24-36-80-81-67-1- ,  24:92-13-19-32-60-73-48-2-114-78-3-107-56-84-87-24-36-63-105-43-4-109-86-117- ,  25:85-20-92-126-48-2-23-53-61-102-24-36-80-81-67-46-11-79-2-114-78-100-14-66-49- ,  25:81-27-52-51-47-54-30-88-101-7-11-2-49-72-70-66-74-114-16-55-60-32-19-20-75- ,  25:33-25-88-93-40-7-11-2-23-53-61-87-110-68-12-78-114-74-37-79-11-46-39-25-41- ,  25:34-68-84-87-24-86-109-103-43-105-63-9-124-9-29-122-52-89-59-104-18-86-109-43-17- ,  25:50-40-7-11-1-118-27-29-80-63-105-42-17-89-31-39-88-125-21-22-30-39-46-1-81- ,  25:100-78-114-2-79-0-101-88-91-123-95-40-7-11-2-114-78-3-56-34-68-12-100-96-71- ,  25:27-67-11-26-126-92-19-50-40-93-88-121-91-82-44-120-0-77-11-2-114-78-3-56-34- ,  22:27-81-80-66-74-114-16-55-99-48-26-101-88-91-25-39-31-89-42-43-109-86- ,  25:56-68-84-87-24-36-29-122-52-51-54-31-89-59-104-58-63-80-66-14-100-3-15-107-12- ,  25:75-60-112-16-114-74-66-80-63-105-43-69-103-90-113-89-31-89-59-43-4-111-28-42-104- ,  25:72-49-2-11-46-39-30-22-119-21-125-91-82-44-95-13-50-65-7-11-97-37-74-49-23- ,  25:86-10-117-24-5-80-66-49-2-48-73-60-32-6-55-16-114-2-48-126-92-83-13-95-116- ,  25:72-9-5-80-66-49-2-114-78-3-56-12-100-14-66-80-29-122-52-31-39-88-93-65-50- ,  22:6-73-48-97-2-23-53-61-87-84-68-12-100-14-100-12-15-56-84-110-68-34- ,  25:96-100-14-66-80-63-105-42-17-89-52-118-1-77-0-48-73-6-112-16-114-78-100-14-106- ,  25:36-5-58-104-59-89-31-39-88-125-91-82-93-7-11-1-27-122-52-89-42-90-103-18-117- ,  25:126-48-97-2-23-53-61-87-110-68-12-78-114-2-79-0-101-88-125-22-119-8-30-38-52- ,  22:111-64-43-113-59-104-105-63-80-66-53-61-102-24-36-58-105-43-98-103-18-69- ,  25:7-26-11-2-114-78-12-100-14-53-23-124-23-37-2-48-126-92-76-50-40-82-88-30-57- , 

0.509902
0.480676
0.0094215
0
27.7507
-8.87322e+07
